1 1 288 27 0 287 279 8 8 1 0 1 0 0 0 0 0 0 3 3 17 0.6296 28 13 0.0976 0.0453 1 0 11 -4.0000 0.3929 -0.3077 1 0 0 0 0 0 1 0 0 0 1 0 2 2 4 2 4 2 3 4 7 6 6 
0 1 287 27 0 287 279 8 8 1 0 1 0 0 0 0 0 0 3 2 6 0.2222 17 11 0.0592 0.0383 1 1 11 5 0.6471 0.4545 3 0 0 0 1 1 3 0 1 0 0 1 3 0 6 3 6 18 4 6 8 12 11 
0 1 287 27 0 287 279 8 8 1 0 1 0 0 0 0 0 0 3 3 6 0.2222 17 28 0.0592 0.0976 1 1 11 22 0.6471 0.7857 3 0 0 0 1 1 3 0 1 0 0 1 3 0 6 3 6 18 4 6 8 12 11 
0 1 287 27 0 287 279 8 8 0 1 1 0 0 0 0 0 0 3 2 4 0.1481 17 16 0.0592 0.0557 1 1 13 12 0.7647 0.7500 1 0 0 0 1 0 1 0 1 0 0 3 1 0 1 0 6 3 3 3 5 6 9 
0 1 287 27 0 287 279 8 8 1 0 1 0 0 0 0 0 0 2 3 6 0.2222 11 28 0.0383 0.0976 1 1 5 22 0.4545 0.7857 3 0 0 0 1 1 3 0 1 0 0 1 3 0 6 3 6 18 4 6 8 12 11 
0 1 287 27 0 287 279 8 8 1 0 1 0 0 0 0 0 0 1 2 6 0.2222 14 16 0.0488 0.0557 1 1 8 10 0.5714 0.6250 1 0 0 0 1 3 1 0 1 0 0 3 2 0 4 0 4 8 4 3 5 8 9 
0 1 287 27 0 287 279 8 8 1 0 1 0 0 0 0 0 0 1 3 8 0.2963 24 13 0.0836 0.0453 1 1 16 5 0.6667 0.3846 1 0 0 0 0 0 1 0 0 1 1 0 2 2 4 4 9 9 4 5 8 10 12 
0 1 287 27 0 287 279 8 8 1 0 0 1 0 0 0 0 0 1 3 5 0.1852 13 13 0.0453 0.0453 1 1 8 8 0.6154 0.6154 1 0 0 0 0 0 1 0 0 1 0 0 2 0 4 0 12 1 3 7 6 9 13 

0 2 289 28 1 289 280 9 8 1 0 1 0 0 0 0 0 0 3 2 6 0.2143 17 11 0.0588 0.0381 1 1 11 5 0.6471 0.4545 3 0 0 0 1 1 3 0 1 0 0 1 3 0 6 3 6 18 4 6 8 12 11 
0 2 289 28 1 289 280 9 8 0 1 1 0 0 0 0 0 0 3 2 4 0.1429 17 16 0.0588 0.0554 1 1 13 12 0.7647 0.7500 1 0 0 0 1 0 1 0 1 0 0 3 1 0 1 0 6 3 3 3 5 6 9 
0 2 289 28 1 289 280 9 8 1 0 1 0 0 0 0 0 0 1 2 6 0.2143 14 16 0.0484 0.0554 1 1 8 10 0.5714 0.6250 1 0 0 0 1 3 1 0 1 0 0 3 2 0 4 0 4 8 4 3 5 8 9 
0 2 289 28 1 289 280 9 8 1 0 1 0 0 0 1 0 0 1 3 8 0.2857 24 13 0.0830 0.0450 1 1 16 5 0.6667 0.3846 1 0 0 0 0 0 1 0 0 1 1 0 2 2 4 4 9 9 4 5 8 10 12 
1 2 290 28 1 289 280 9 8 1 0 1 0 0 1 1 1 1 3 3 18 0.6429 29 13 0.1003 0.0450 1 0 11 -5.0000 0.3793 -0.3846 1 0 0 0 0 0 1 0 0 0 1 0 2 2 4 3 3 3 3 4 7 6 6 
0 2 289 28 1 289 280 9 8 1 0 0 1 0 0 1 0 0 1 3 5 0.1786 13 13 0.0450 0.0450 1 1 8 8 0.6154 0.6154 1 0 0 0 0 0 1 0 0 1 0 0 2 0 4 0 12 1 3 7 6 9 13 
0 2 289 28 1 289 280 9 8 1 0 0 1 0 1 0 0 0 3 3 6 0.2143 29 17 0.1003 0.0588 1 1 23 11 0.7931 0.6471 3 0 0 0 1 1 3 0 1 0 0 1 3 0 6 3 6 18 4 6 8 12 11 
0 2 289 28 1 289 280 9 8 1 0 0 1 0 1 0 0 0 3 2 6 0.2143 29 11 0.1003 0.0381 1 1 23 5 0.7931 0.4545 3 0 0 0 1 1 3 0 1 0 0 1 3 0 6 3 6 18 4 6 8 12 11 

1 3 289 27 2 288 286 2 4 1 0 1 0 0 1 2 2 2 2 2 6 0.2222 17 28 0.0590 0.0972 1 1 11 22 0.6471 0.7857 1 1 0 0 1 1 2 0 1 0 0 1 2 2 5 4 5 19 4 6 8 12 11 
0 3 288 27 2 288 286 2 4 0 1 1 0 0 1 0 0 0 2 2 4 0.1481 17 16 0.0590 0.0556 1 1 13 12 0.7647 0.7500 1 0 0 0 1 0 1 0 1 0 1 1 1 0 1 0 6 3 3 3 5 6 9 
0 3 288 27 2 288 286 2 4 1 0 1 0 0 0 0 0 0 1 2 6 0.2222 14 16 0.0486 0.0556 1 1 8 10 0.5714 0.6250 1 0 0 0 1 1 1 0 1 0 0 2 2 0 4 0 4 7 4 3 5 8 9 
0 3 288 27 2 288 286 2 4 0 1 0 1 0 2 2 0 2 1 2 7 0.2593 12 28 0.0417 0.0972 1 1 5 21 0.4167 0.7500 1 0 0 0 0 0 1 0 0 1 0 0 1 2 2 3 2 15 3 6 8 10 11 

0 4 290 28 3 290 287 3 5 0 1 1 0 0 2 0 0 0 1 2 4 0.1429 17 16 0.0586 0.0552 1 1 13 12 0.7647 0.7500 1 0 0 0 1 0 1 0 1 0 1 1 1 0 1 0 6 3 3 3 5 6 9 
0 4 290 28 3 290 287 3 5 1 0 1 0 0 0 0 0 0 1 2 6 0.2143 14 16 0.0483 0.0552 1 1 8 10 0.5714 0.6250 1 0 0 0 1 0 1 0 1 0 0 1 2 0 4 0 4 6 4 3 5 8 9 
1 4 291 28 3 290 287 3 5 1 0 1 0 0 3 2 3 3 3 1 7 0.2500 29 12 0.1000 0.0414 1 1 22 5 0.7586 0.4167 1 0 1 0 0 1 1 1 1 0 0 1 2 2 6 4 10 4 4 6 8 12 11 
1 4 291 28 3 290 287 3 5 1 0 1 0 0 3 1 1 1 3 1 18 0.6429 29 19 0.1000 0.0655 1 1 11 1 0.3793 0.0526 1 0 0 0 0 0 1 0 0 0 0 0 2 1 4 1 4 1 3 4 7 6 6 
0 4 290 28 3 290 287 3 5 1 0 0 0 1 3 0 0 0 3 1 8 0.2857 29 24 0.1000 0.0828 1 1 21 16 0.7241 0.6667 1 0 1 0 0 0 1 1 0 1 0 0 2 0 7 4 14 4 4 7 9 10 12 

0 5 289 28 3 289 287 2 6 1 0 1 0 0 0 0 0 0 1 2 6 0.2143 14 16 0.0484 0.0554 1 1 8 10 0.5714 0.6250 1 0 0 0 1 0 1 0 1 0 0 2 2 0 4 0 5 6 4 3 5 8 9 
1 5 290 28 3 289 287 2 6 1 0 1 0 0 3 2 3 3 4 2 7 0.2500 29 18 0.1003 0.0623 1 1 22 11 0.7586 0.6111 2 0 1 0 0 1 2 1 1 0 0 1 2 2 6 4 10 4 4 6 8 12 11 
1 5 290 28 3 289 287 2 6 0 1 1 0 0 3 2 0 3 4 1 7 0.2500 29 11 0.1003 0.0381 1 1 22 4 0.7586 0.3636 1 0 0 0 0 1 1 0 0 0 1 0 1 0 1 3 1 4 2 4 5 7 10 
1 5 290 28 3 289 287 2 6 1 0 1 0 0 3 1 1 1 4 1 18 0.6429 29 19 0.1003 0.0657 1 1 11 1 0.3793 0.0526 1 0 0 0 0 0 1 0 0 0 0 0 2 1 4 1 4 1 3 4 7 6 6 
0 5 289 28 3 289 287 2 6 0 1 0 1 0 2 0 0 0 2 2 4 0.1429 18 16 0.0623 0.0554 1 1 14 12 0.7778 0.7500 1 0 0 0 1 0 1 0 1 0 1 2 1 0 1 0 6 3 3 3 5 6 9 
0 5 289 28 3 289 287 2 6 1 0 0 0 1 3 0 0 0 4 1 8 0.2857 29 24 0.1003 0.0830 1 1 21 16 0.7241 0.6667 1 0 2 0 0 0 1 2 0 1 0 0 2 0 6 4 15 4 4 7 9 10 12 

