0 1 351 34 0 351 346 5 6 1 0 1 0 0 0 0 0 0 1 1 24 0.7059 35 23 0.0997 0.0655 1 0 11 -1.0000 0.3143 -0.0435 1 0 0 0 0 0 1 0 0 0 0 0 2 2 4 1 4 1 3 4 7 6 6 
0 1 351 34 0 351 346 5 6 1 0 1 0 0 0 0 0 0 1 3 4 0.1176 15 8 0.0427 0.0228 1 1 11 4 0.7333 0.5000 1 1 0 1 0 1 2 2 0 0 0 0 2 2 4 6 6 10 4 6 7 11 15 
1 1 352 34 0 351 346 5 6 0 1 1 0 0 0 0 0 0 3 1 5 0.1471 8 11 0.0228 0.0313 1 1 3 6 0.3750 0.5455 1 1 0 0 1 0 2 1 0 0 0 0 1 2 1 1 6 1 3 5 5 8 11 
1 1 352 34 0 351 346 5 6 0 1 1 0 0 0 0 0 0 3 2 6 0.1765 8 9 0.0228 0.0256 1 1 2 3 0.2500 0.3333 1 1 0 1 1 0 2 1 1 0 0 0 1 0 4 4 6 2 1 3 5 5 8 
1 1 352 34 0 351 346 5 6 1 0 0 1 0 0 0 0 0 1 1 26 0.7647 30 19 0.0855 0.0541 1 0 4 -7.0000 0.1333 -0.3684 1 0 0 0 0 0 1 0 0 0 0 0 2 2 4 2 4 3 4 6 9 9 13 
0 1 351 34 0 351 346 5 6 1 0 0 1 0 0 0 0 0 1 2 8 0.2353 22 9 0.0627 0.0256 1 1 14 1 0.6364 0.1111 1 0 0 0 2 1 1 2 1 0 0 0 2 1 4 1 9 12 3 6 9 11 10 

0 2 353 34 1 353 347 6 5 1 0 1 0 0 0 0 0 0 1 1 24 0.7059 35 23 0.0992 0.0652 1 0 11 -1.0000 0.3143 -0.0435 1 0 0 0 0 0 1 0 0 0 0 0 2 2 4 1 4 1 3 4 7 6 6 
0 2 353 34 1 353 347 6 5 1 0 1 0 0 1 1 0.5000 0.5000 2 1 5 0.1471 9 11 0.0255 0.0312 1 1 4 6 0.4444 0.5455 1 0 1 0 1 0 1 2 0 0 0 0 2 2 7 3 10 7 4 6 7 11 15 
0 2 353 34 1 353 347 6 5 1 0 1 0 0 1 0 0.5000 0.5000 2 2 6 0.1765 9 9 0.0255 0.0255 1 1 3 3 0.3333 0.3333 1 0 1 0 1 0 1 1 1 0 0 0 2 0 7 4 10 10 2 5 8 10 16 
1 2 354 34 1 353 347 6 5 1 0 0 1 0 0 0 0 0 1 1 26 0.7647 30 19 0.0850 0.0538 1 0 4 -7.0000 0.1333 -0.3684 1 0 0 0 0 0 1 0 0 0 0 0 2 2 4 2 4 3 4 6 9 9 13 
0 2 353 34 1 353 347 6 5 1 0 0 1 0 0 0 0 0 1 2 8 0.2353 22 9 0.0623 0.0255 1 1 14 1 0.6364 0.1111 1 0 0 0 2 0 1 1 1 0 0 0 2 1 4 1 12 8 3 6 9 11 10 

0 3 353 34 1 353 347 6 6 1 0 1 0 0 0 0 0 0 1 1 24 0.7059 35 23 0.0992 0.0652 1 0 11 -1.0000 0.3143 -0.0435 1 0 0 0 0 0 1 0 0 0 0 0 2 2 4 1 4 1 3 4 7 6 6 
0 3 353 34 1 353 347 6 6 1 0 1 0 0 0 1 0.5000 0.5000 1 3 4 0.1176 15 8 0.0425 0.0227 1 1 11 4 0.7333 0.5000 1 0 1 1 0 1 1 3 0 0 0 0 2 1 6 5 7 9 4 6 7 11 15 
1 3 354 34 1 353 347 6 6 0 1 1 0 0 1 0 0.5000 0 3 2 6 0.1765 8 9 0.0227 0.0255 1 1 2 3 0.2500 0.3333 1 1 0 1 1 0 2 1 1 0 0 0 1 2 2 5 5 3 1 3 5 5 8 
0 3 353 34 1 353 347 6 6 1 0 1 0 0 1 1 0.5000 0.5000 1 3 5 0.1471 12 8 0.0340 0.0227 1 1 7 3 0.5833 0.3750 1 1 1 0 0 1 2 1 1 0 0 0 2 3 6 3 8 9 2 5 8 10 16 
1 3 354 34 1 353 347 6 6 1 0 0 1 0 0 0 0 0 1 1 26 0.7647 30 19 0.0850 0.0538 1 0 4 -7.0000 0.1333 -0.3684 1 0 0 0 0 0 1 0 0 0 0 0 2 2 4 2 4 3 4 6 9 9 13 
0 3 353 34 1 353 347 6 6 1 0 0 1 0 0 0 0 0 1 2 8 0.2353 22 9 0.0623 0.0255 1 1 14 1 0.6364 0.1111 1 0 0 0 1 2 1 1 2 0 0 0 2 1 4 4 5 14 3 6 9 11 10 

0 4 354 34 2 354 348 6 5 1 0 1 0 0 0 0 0 0 1 1 24 0.7059 35 23 0.0989 0.0650 1 0 11 -1.0000 0.3143 -0.0435 1 0 0 0 0 0 1 0 0 0 0 0 2 2 4 1 4 1 3 4 7 6 6 
0 4 354 34 2 354 348 6 5 1 0 1 0 0 2 1 1 1 2 2 6 0.1765 9 9 0.0254 0.0254 1 1 3 3 0.3333 0.3333 2 0 0 0 1 0 2 0 1 0 0 0 2 2 5 5 9 11 2 5 8 10 16 
1 4 355 34 2 354 348 6 5 1 0 0 1 0 1 1 1 1 1 1 26 0.7647 30 19 0.0847 0.0537 1 0 4 -7.0000 0.1333 -0.3684 1 0 0 0 0 0 1 0 0 0 0 0 2 2 4 2 4 3 4 6 9 9 13 
0 4 354 34 2 354 348 6 5 1 0 0 1 0 0 1 0 0 1 2 8 0.2353 22 9 0.0621 0.0254 1 1 14 1 0.6364 0.1111 1 0 0 1 1 0 1 1 1 0 0 0 2 1 4 4 8 10 3 6 9 11 10 
0 4 354 34 2 354 348 6 5 0 1 0 1 0 2 1 0.5000 1 2 1 6 0.1765 9 12 0.0254 0.0339 1 1 3 6 0.3333 0.5000 1 0 0 1 0 0 1 1 0 0 0 0 1 1 4 5 3 3 3 5 5 8 11 

0 5 354 34 2 354 348 6 6 1 0 1 0 0 0 0 0 0 1 1 24 0.7059 35 23 0.0989 0.0650 1 0 11 -1.0000 0.3143 -0.0435 1 0 0 0 0 0 1 0 0 0 0 0 2 2 4 1 4 1 3 4 7 6 6 
0 5 354 34 2 354 348 6 6 1 0 1 0 0 0 2 0.5000 0.5000 1 3 4 0.1176 15 8 0.0424 0.0226 1 1 11 4 0.7333 0.5000 1 0 1 0 1 1 2 1 1 0 0 0 2 1 6 3 10 8 4 6 7 11 15 
0 5 354 34 2 354 348 6 6 1 0 1 0 0 1 2 1 1 1 3 5 0.1471 12 8 0.0339 0.0226 1 1 7 3 0.5833 0.3750 1 0 2 0 0 1 1 3 0 0 0 0 2 2 8 2 9 8 2 5 8 10 16 
0 5 354 34 2 354 348 6 6 1 0 1 0 0 1 2 0.5000 0.5000 2 3 6 0.1765 10 8 0.0282 0.0226 1 1 4 2 0.4000 0.2500 1 0 1 0 1 1 1 1 2 0 0 0 2 1 5 4 14 8 3 4 8 14 13 
1 5 355 34 2 354 348 6 6 1 0 0 1 0 1 1 1 1 1 1 26 0.7647 30 19 0.0847 0.0537 1 0 4 -7.0000 0.1333 -0.3684 1 0 0 0 0 0 1 0 0 0 0 0 2 2 4 2 4 3 4 6 9 9 13 
0 5 354 34 2 354 348 6 6 0 1 0 1 0 1 0 0.5000 0 2 1 9 0.2647 10 22 0.0282 0.0621 1 1 1 13 0.1000 0.5909 1 0 0 0 0 3 2 1 1 0 0 0 1 0 1 5 3 15 3 5 5 9 14 

0 6 354 34 5 354 352 2 3 0 1 1 0 0 3 1 1.5000 1 1 2 7 0.2059 10 9 0.0282 0.0254 1 1 3 2 0.3000 0.2222 1 0 1 0 0 0 1 1 0 0 0 0 1 0 7 5 4 4 3 5 5 8 11 
0 6 354 34 5 354 352 2 3 1 0 0 1 0 0 1 0 0 1 2 8 0.2353 22 9 0.0621 0.0254 1 1 14 1 0.6364 0.1111 1 0 1 0 0 0 1 1 0 0 0 0 2 1 4 5 8 9 3 6 9 11 10 
1 6 355 34 5 354 352 2 3 1 0 0 1 0 2 1 1 1 1 1 27 0.7941 31 19 0.0876 0.0537 1 0 4 -8.0000 0.1290 -0.4211 1 0 0 0 0 0 1 0 0 0 0 0 2 2 4 3 3 4 4 6 9 9 13 

