0 1 268 30 0 268 260 8 17 1 0 1 0 0 0 0 0 0 1 1 14 0.4667 25 12 0.0933 0.0448 1 0 11 -2.0000 0.4400 -0.1667 1 0 0 0 0 0 2 1 1 1 1 1 2 2 4 2 3 2 3 4 7 6 6 
0 1 268 30 0 268 260 8 17 1 0 1 0 0 0 0 0 0 2 3 8 0.2667 13 7 0.0485 0.0261 1 0 5 -1.0000 0.3846 -0.1429 1 0 1 0 1 0 2 0 2 0 0 0 2 3 8 6 8 5 4 6 8 11 11 
0 1 268 30 0 268 260 8 17 1 0 1 0 0 0 0 0 0 5 6 4 0.1333 13 27 0.0485 0.1007 1 1 9 23 0.6923 0.8519 1 0 1 0 1 0 1 1 1 0 1 1 2 0 4 0 4 0 4 5 7 5 7 
0 1 268 30 0 268 260 8 17 1 0 1 0 0 0 0 0 0 5 6 5 0.1667 13 27 0.0485 0.1007 1 1 8 22 0.6154 0.8148 1 0 2 0 0 0 1 2 0 1 1 1 2 0 4 0 4 0 3 6 6 8 6 
0 1 268 30 0 268 260 8 17 1 0 1 0 0 0 0 0 0 5 6 6 0.2000 13 27 0.0485 0.1007 1 1 7 21 0.5385 0.7778 1 0 1 0 2 0 1 1 2 1 1 0 2 0 4 0 4 0 4 5 7 7 8 
0 1 268 30 0 268 260 8 17 1 0 1 0 0 0 0 0 0 5 6 8 0.2667 13 27 0.0485 0.1007 1 1 5 19 0.3846 0.7037 1 0 1 0 2 0 1 1 2 1 1 0 2 0 7 0 6 0 4 3 5 8 9 
0 1 268 30 0 268 260 8 17 1 0 1 0 0 0 0 0 0 5 6 10 0.3333 13 27 0.0485 0.1007 1 1 3 17 0.2308 0.6296 1 0 1 0 1 0 1 1 1 0 1 1 2 0 7 0 6 1 4 4 6 7 10 
0 1 268 30 0 268 260 8 17 1 0 1 0 0 0 0 0 0 6 6 2 0.0667 18 27 0.0672 0.1007 1 1 16 25 0.8889 0.9259 1 0 1 0 1 0 1 1 1 1 1 2 2 0 4 0 4 0 4 5 7 4 3 
0 1 268 30 0 268 260 8 17 1 0 1 0 0 0 0 0 0 6 6 3 0.1000 18 27 0.0672 0.1007 1 1 15 24 0.8333 0.8889 1 0 2 0 1 0 1 2 1 1 2 0 2 0 4 0 4 0 2 5 6 6 4 
0 1 268 30 0 268 260 8 17 1 0 1 0 0 0 0 0 0 6 6 4 0.1333 18 27 0.0672 0.1007 1 1 14 23 0.7778 0.8519 1 0 2 0 2 0 1 2 2 2 0 0 2 0 4 0 4 0 3 3 4 6 8 
0 1 268 30 0 268 260 8 17 1 0 1 0 0 0 0 0 0 6 6 5 0.1667 18 27 0.0672 0.1007 1 1 13 22 0.7222 0.8148 1 0 2 0 2 0 1 2 3 1 0 0 2 0 4 0 4 0 3 3 3 6 9 
0 1 268 30 0 268 260 8 17 1 0 1 0 0 0 0 0 0 6 6 6 0.2000 18 27 0.0672 0.1007 1 1 12 21 0.6667 0.7778 1 0 2 0 1 0 1 3 1 1 1 0 2 0 4 0 4 0 2 4 5 6 7 
0 1 268 30 0 268 260 8 17 1 0 1 0 0 0 0 0 0 6 6 7 0.2333 18 27 0.0672 0.1007 1 1 11 20 0.6111 0.7407 1 0 1 0 1 0 2 1 1 1 1 1 2 0 4 0 9 1 3 4 7 6 6 
1 1 269 30 0 268 260 8 17 1 0 0 1 0 0 0 0 0 1 3 10 0.3333 31 7 0.1157 0.0261 1 0 21 -3.0000 0.6774 -0.4286 1 0 1 0 0 0 2 0 2 0 0 0 2 2 8 7 8 6 4 6 8 11 11 
0 1 268 30 0 268 260 8 17 1 0 0 1 0 0 0 0 0 3 2 4 0.1333 7 2 0.0261 0.0075 1 0 3 -2.0000 0.4286 -1.0000 1 0 1 0 0 0 2 0 2 0 0 0 2 2 7 5 9 5 3 6 9 11 10 
1 1 269 30 0 268 260 8 17 1 0 0 1 0 0 0 0 0 2 2 6 0.2000 13 2 0.0485 0.0075 1 0 7 -4.0000 0.5385 -2.0000 1 0 1 0 1 0 2 0 2 0 0 0 2 3 9 5 9 5 3 6 9 11 10 
0 1 268 30 0 268 260 8 17 1 0 0 0 1 0 0 0 0 6 1 9 0.3000 27 20 0.1007 0.0746 1 1 18 11 0.6667 0.5500 1 0 2 0 0 0 1 2 0 1 1 1 2 0 7 0 6 0 2 5 5 7 10 

0 2 269 30 1 269 260 9 17 1 0 1 0 0 0 0 0 0 1 1 14 0.4667 25 12 0.0929 0.0446 1 0 11 -2.0000 0.4400 -0.1667 1 0 0 0 0 0 2 1 1 1 1 1 2 2 4 2 3 2 3 4 7 6 6 
0 2 269 30 1 269 260 9 17 1 0 1 0 0 0 1 1 1 2 2 8 0.2667 13 7 0.0483 0.0260 1 0 5 -1.0000 0.3846 -0.1429 1 0 1 0 1 0 1 0 3 0 0 0 2 3 7 6 9 5 4 6 8 11 11 
0 2 269 30 1 269 260 9 17 1 0 1 0 0 0 0 0 0 5 6 4 0.1333 13 27 0.0483 0.1004 1 1 9 23 0.6923 0.8519 1 0 1 0 1 0 1 1 1 0 1 1 2 0 4 0 4 0 4 5 7 5 7 
0 2 269 30 1 269 260 9 17 1 0 1 0 0 0 0 0 0 5 6 5 0.1667 13 27 0.0483 0.1004 1 1 8 22 0.6154 0.8148 1 0 2 0 0 0 1 2 0 1 1 1 2 0 4 0 4 0 3 6 6 8 6 
0 2 269 30 1 269 260 9 17 1 0 1 0 0 0 0 0 0 5 6 6 0.2000 13 27 0.0483 0.1004 1 1 7 21 0.5385 0.7778 1 0 1 0 2 0 1 1 2 1 1 0 2 0 4 0 4 0 4 5 7 7 8 
0 2 269 30 1 269 260 9 17 1 0 1 0 0 0 0 0 0 5 6 8 0.2667 13 27 0.0483 0.1004 1 1 5 19 0.3846 0.7037 1 0 1 0 2 0 1 1 2 1 1 0 2 0 7 0 6 0 4 3 5 8 9 
0 2 269 30 1 269 260 9 17 1 0 1 0 0 0 0 0 0 5 6 10 0.3333 13 27 0.0483 0.1004 1 1 3 17 0.2308 0.6296 1 0 1 0 1 0 1 1 1 0 1 1 2 0 7 0 6 1 4 4 6 7 10 
0 2 269 30 1 269 260 9 17 1 0 1 0 0 0 0 0 0 6 6 2 0.0667 18 27 0.0669 0.1004 1 1 16 25 0.8889 0.9259 1 0 1 0 1 0 1 1 1 1 1 2 2 0 4 0 4 0 4 5 7 4 3 
0 2 269 30 1 269 260 9 17 1 0 1 0 0 0 0 0 0 6 6 3 0.1000 18 27 0.0669 0.1004 1 1 15 24 0.8333 0.8889 1 0 2 0 1 0 1 2 1 1 2 0 2 0 4 0 4 0 2 5 6 6 4 
0 2 269 30 1 269 260 9 17 1 0 1 0 0 0 0 0 0 6 6 4 0.1333 18 27 0.0669 0.1004 1 1 14 23 0.7778 0.8519 1 0 2 0 2 0 1 2 2 2 0 0 2 0 4 0 4 0 3 3 4 6 8 
0 2 269 30 1 269 260 9 17 1 0 1 0 0 0 0 0 0 6 6 5 0.1667 18 27 0.0669 0.1004 1 1 13 22 0.7222 0.8148 1 0 2 0 2 0 1 2 3 1 0 0 2 0 4 0 4 0 3 3 3 6 9 
0 2 269 30 1 269 260 9 17 1 0 1 0 0 0 0 0 0 6 6 6 0.2000 18 27 0.0669 0.1004 1 1 12 21 0.6667 0.7778 1 0 2 0 1 0 1 3 1 1 1 0 2 0 4 0 4 0 2 4 5 6 7 
0 2 269 30 1 269 260 9 17 1 0 1 0 0 0 0 0 0 6 6 7 0.2333 18 27 0.0669 0.1004 1 1 11 20 0.6111 0.7407 1 0 1 0 1 0 2 1 1 1 1 1 2 0 4 0 9 1 3 4 7 6 6 
0 2 269 30 1 269 260 9 17 1 0 1 0 0 1 0 0 0 1 3 8 0.2667 31 2 0.1152 0.0074 1 0 23 -6.0000 0.7419 -3.0000 1 0 2 0 1 0 3 0 1 0 0 0 2 2 8 7 10 5 3 6 9 11 10 
0 2 269 30 1 269 260 9 17 1 0 0 1 0 1 0 0 0 2 3 4 0.1333 7 2 0.0260 0.0074 1 0 3 -2.0000 0.4286 -1.0000 1 0 1 0 1 0 3 0 1 0 0 0 2 2 7 5 10 5 3 6 9 11 10 
1 2 270 30 1 269 260 9 17 1 0 0 1 0 0 0 0 0 2 3 6 0.2000 13 2 0.0483 0.0074 1 0 7 -4.0000 0.5385 -2.0000 1 0 2 0 1 0 3 0 1 0 0 0 2 3 10 5 8 5 3 6 9 11 10 
0 2 269 30 1 269 260 9 17 1 0 0 0 1 0 0 0 0 6 1 9 0.3000 27 20 0.1004 0.0743 1 1 18 11 0.6667 0.5500 1 0 2 0 0 0 1 2 0 1 1 1 2 0 7 0 6 0 2 5 5 7 10 

0 3 270 31 6 270 267 3 3 1 0 1 0 0 1 1 1 1 1 3 8 0.2581 13 7 0.0481 0.0259 1 0 5 -1.0000 0.3846 -0.1429 1 0 0 1 0 0 2 0 1 0 0 0 2 3 7 8 7 6 4 6 8 11 11 
0 3 270 31 6 270 267 3 3 1 0 0 1 0 1 2 2 2 3 1 4 0.1290 7 2 0.0259 0.0074 1 0 3 -2.0000 0.4286 -1.0000 1 0 0 0 0 0 1 0 2 0 0 0 2 2 6 5 10 5 3 6 9 11 10 
1 3 271 31 6 270 267 3 3 1 0 0 1 0 2 1 1 1 1 3 11 0.3548 32 7 0.1185 0.0259 1 0 21 -4.0000 0.6562 -0.5714 1 0 0 1 0 0 2 0 1 0 0 0 2 2 5 9 9 8 4 6 8 11 11 

0 4 270 31 6 270 267 3 3 1 0 1 0 0 1 2 2 2 1 3 8 0.2581 13 7 0.0481 0.0259 1 0 5 -1.0000 0.3846 -0.1429 1 0 0 1 0 0 2 0 1 0 0 0 2 3 7 8 7 6 4 6 8 11 11 
0 4 270 31 6 270 267 3 3 1 0 0 1 0 2 3 3 3 3 1 4 0.1290 7 2 0.0259 0.0074 1 0 3 -2.0000 0.4286 -1.0000 1 0 0 0 0 0 1 0 2 0 0 0 2 2 6 5 10 5 3 6 9 11 10 
1 4 271 31 6 270 267 3 3 1 0 0 1 0 4 2 2 2 1 3 11 0.3548 32 7 0.1185 0.0259 1 0 21 -4.0000 0.6562 -0.5714 1 0 0 1 0 0 2 0 1 0 0 0 2 2 5 9 9 8 4 6 8 11 11 

0 5 270 31 6 270 267 3 4 1 0 1 0 0 1 3 3 3 1 3 8 0.2581 13 7 0.0481 0.0259 1 0 5 -1.0000 0.3846 -0.1429 1 0 0 1 0 0 2 0 1 0 0 0 2 3 7 8 7 6 4 6 8 11 11 
0 5 270 31 6 270 267 3 4 1 0 0 1 0 3 4 4 4 3 1 4 0.1290 7 2 0.0259 0.0074 1 0 3 -2.0000 0.4286 -1.0000 1 0 0 0 0 0 1 0 2 0 0 0 2 2 6 5 10 5 3 6 9 11 10 
1 5 271 31 6 270 267 3 4 1 0 0 1 0 6 3 3 3 1 3 11 0.3548 32 7 0.1185 0.0259 1 0 21 -4.0000 0.6562 -0.5714 1 0 0 1 0 0 2 0 1 0 0 0 2 2 5 9 9 8 4 6 8 11 11 
0 5 270 31 6 270 267 3 4 1 0 0 0 1 1 0 0 0 1 1 9 0.2903 27 20 0.1000 0.0741 1 1 18 11 0.6667 0.5500 1 0 0 0 0 0 1 0 0 0 0 0 2 1 4 3 4 2 2 5 5 7 10 

0 6 270 31 6 270 267 3 4 1 0 1 0 0 1 4 4 4 1 3 8 0.2581 13 7 0.0481 0.0259 1 0 5 -1.0000 0.3846 -0.1429 1 0 0 1 0 0 2 0 1 0 0 0 2 3 7 8 7 6 4 6 8 11 11 
0 6 270 31 6 270 267 3 4 1 0 0 1 0 4 5 5 5 3 1 4 0.1290 7 2 0.0259 0.0074 1 0 3 -2.0000 0.4286 -1.0000 1 0 0 0 0 0 1 0 2 0 0 0 2 2 6 5 10 5 3 6 9 11 10 
1 6 271 31 6 270 267 3 4 1 0 0 1 0 8 4 4 4 1 3 11 0.3548 32 7 0.1185 0.0259 1 0 21 -4.0000 0.6562 -0.5714 1 0 0 1 0 0 2 0 1 0 0 0 2 2 5 9 9 8 4 6 8 11 11 
0 6 270 31 6 270 267 3 4 1 0 0 0 1 1 0 0 0 1 1 9 0.2903 27 20 0.1000 0.0741 1 1 18 11 0.6667 0.5500 1 0 0 0 0 0 1 0 0 0 0 0 2 1 4 3 4 2 2 5 5 7 10 

