0 1 358 32 0 358 345 13 15 1 0 1 0 0 0 0 0 0 1 5 17 0.5312 20 12 0.0559 0.0335 1 0 3 -5.0000 0.1500 -0.4167 1 0 0 0 0 0 1 0 0 0 1 1 2 2 4 4 6 7 3 6 8 10 8 
0 1 358 32 0 358 345 13 15 1 0 1 0 0 0 0 0 0 1 4 29 0.9062 31 23 0.0866 0.0642 1 0 2 -6.0000 0.0645 -0.2609 1 0 0 0 0 0 1 0 0 0 0 0 2 3 4 6 5 7 4 4 5 6 7 
0 1 358 32 0 358 345 13 15 1 0 1 0 0 0 0 0 0 4 5 4 0.1250 23 12 0.0642 0.0335 1 1 19 8 0.8261 0.6667 1 0 1 0 1 1 1 1 2 0 0 0 2 0 4 4 4 8 4 3 5 8 9 
0 1 358 32 0 358 345 13 15 1 0 1 0 0 0 0 0 0 4 5 6 0.1875 23 12 0.0642 0.0335 1 1 17 6 0.7391 0.5000 1 1 0 0 1 0 2 0 1 1 0 1 2 2 4 6 5 4 4 4 6 7 10 
0 1 358 32 0 358 345 13 15 1 0 1 0 0 0 0 0 0 2 7 12 0.3750 17 21 0.0475 0.0587 1 1 5 9 0.2941 0.4286 3 0 1 0 1 0 3 1 2 1 1 0 3 0 6 1 6 3 3 4 8 9 7 
0 1 358 32 0 358 345 13 15 1 0 1 0 0 0 0 0 0 2 6 12 0.3750 17 23 0.0475 0.0642 1 1 5 11 0.2941 0.4783 3 0 1 0 1 0 3 1 2 1 1 0 3 0 6 1 6 3 3 4 8 9 7 
0 1 358 32 0 358 345 13 15 1 0 1 0 0 0 0 0 0 2 7 6 0.1875 9 21 0.0251 0.0587 1 1 3 15 0.3333 0.7143 1 0 0 0 0 0 1 0 0 0 1 0 2 0 4 0 7 1 2 5 8 10 16 
0 1 358 32 0 358 345 13 15 1 0 1 0 0 0 0 0 0 7 6 12 0.3750 21 23 0.0587 0.0642 1 1 9 11 0.4286 0.4783 3 0 1 0 1 0 3 1 2 1 1 0 3 0 6 1 6 3 3 4 8 9 7 
0 1 358 32 0 358 345 13 15 1 0 1 0 0 0 0 0 0 7 6 13 0.4062 21 23 0.0587 0.0642 1 1 8 10 0.3810 0.4348 1 0 4 0 1 0 1 4 1 2 0 0 2 0 7 3 6 2 2 4 7 9 9 
0 1 358 32 0 358 345 13 15 1 0 1 0 0 0 0 0 0 7 6 14 0.4375 21 23 0.0587 0.0642 1 1 7 9 0.3333 0.3913 1 0 2 0 4 0 1 2 4 0 1 0 2 1 4 3 9 2 3 5 5 7 11 
0 1 358 32 0 358 345 13 15 1 0 1 0 0 0 0 0 0 7 6 15 0.4688 21 23 0.0587 0.0642 1 1 6 8 0.2857 0.3478 1 0 2 0 1 0 1 2 1 3 0 1 2 2 4 2 4 2 3 4 6 7 6 
0 1 358 32 0 358 345 13 15 1 0 1 0 0 0 0 0 0 7 6 16 0.5000 21 23 0.0587 0.0642 1 1 5 7 0.2381 0.3043 1 0 1 0 1 0 1 1 1 1 3 0 2 2 4 2 4 2 3 5 6 5 7 
0 1 358 32 0 358 345 13 15 1 0 0 1 0 0 0 0 0 4 5 3 0.0938 23 12 0.0642 0.0335 1 1 20 9 0.8696 0.7500 1 0 1 0 0 0 1 1 0 2 0 0 2 0 4 4 4 2 3 6 6 7 10 
1 1 359 32 0 358 345 13 15 1 0 0 1 0 0 0 0 0 2 1 2 0.0625 9 22 0.0251 0.0615 1 1 7 20 0.7778 0.9091 1 0 0 0 0 0 1 0 3 1 2 1 2 0 4 2 4 2 4 6 6 7 11 
0 1 358 32 0 358 345 13 15 0 1 0 1 0 0 0 0 0 5 1 7 0.2188 12 19 0.0335 0.0531 1 1 5 12 0.4167 0.6316 1 1 0 0 0 1 2 0 1 1 0 0 1 2 4 2 2 9 3 3 5 6 9 

