1 1 315 31 0 314 299 15 8 1 0 1 0 0 0 0 0 0 4 1 23 0.7419 25 6 0.0796 0.0191 1 0 2 -17.0000 0.0800 -2.8333 1 0 0 0 0 0 1 0 0 0 1 0 2 2 5 5 7 7 4 4 5 6 7 
0 1 314 31 0 314 299 15 8 0 1 1 0 0 0 0 0 0 1 2 7 0.2258 21 15 0.0669 0.0478 1 1 14 8 0.6667 0.5333 1 0 0 0 0 0 1 0 0 1 0 1 1 0 1 0 3 3 2 5 6 7 12 
0 1 314 31 0 314 299 15 8 1 0 1 0 0 0 0 0 0 4 2 9 0.2903 25 23 0.0796 0.0732 1 1 16 14 0.6400 0.6087 1 0 1 0 1 0 1 1 1 0 0 0 2 0 7 0 6 6 3 4 6 7 6 
0 1 314 31 0 314 299 15 8 1 0 1 0 0 0 0 0 0 2 2 8 0.2581 18 23 0.0573 0.0732 1 1 10 15 0.5556 0.6522 1 0 1 0 1 0 1 1 0 1 0 0 2 0 7 0 6 6 3 5 6 5 7 
0 1 314 31 0 314 299 15 8 1 0 0 1 0 0 0 0 0 4 2 19 0.6129 25 18 0.0796 0.0573 1 0 6 -1.0000 0.2400 -0.0556 1 0 0 0 0 0 1 0 0 0 1 0 2 2 4 1 5 5 4 7 6 8 10 
0 1 314 31 0 314 299 15 8 0 1 0 1 0 0 0 0 0 4 2 7 0.2258 25 20 0.0796 0.0637 1 1 18 13 0.7200 0.6500 1 0 0 0 0 0 1 0 0 0 0 0 1 0 4 0 2 2 2 3 6 5 4 
0 1 314 31 0 314 299 15 8 1 0 0 1 0 0 0 0 0 1 2 12 0.3871 13 15 0.0414 0.0478 1 1 1 3 0.0769 0.2000 1 0 0 0 0 0 1 1 0 0 0 1 2 1 4 4 9 7 4 6 8 11 11 
0 1 314 31 0 314 299 15 8 0 1 0 0 1 0 0 0 0 1 2 17 0.5484 23 20 0.0732 0.0637 1 1 6 3 0.2609 0.1500 1 0 0 0 0 0 1 0 1 1 0 0 1 0 2 2 5 9 3 4 5 8 11 

0 2 315 31 1 315 300 15 5 0 1 1 0 0 0 0 0 0 1 2 7 0.2258 21 15 0.0667 0.0476 1 1 14 8 0.6667 0.5333 1 0 0 0 0 0 1 0 0 1 0 1 1 0 1 0 3 3 2 5 6 7 12 
0 2 315 31 1 315 300 15 5 1 0 1 0 0 0 0 0 0 1 1 8 0.2581 18 23 0.0571 0.0730 1 1 10 15 0.5556 0.6522 1 0 0 0 0 0 1 0 0 0 0 0 2 0 5 3 5 7 3 5 6 5 7 
1 2 316 31 1 315 300 15 5 1 0 1 0 0 1 1 1 1 1 1 24 0.7742 26 6 0.0825 0.0190 1 0 2 -18.0000 0.0769 -3.0000 1 0 0 0 0 0 1 0 0 0 0 0 2 2 5 5 7 7 4 4 5 6 7 
0 2 315 31 1 315 300 15 5 1 0 0 1 0 0 0 0 0 1 2 12 0.3871 13 15 0.0413 0.0476 1 1 1 3 0.0769 0.2000 1 0 0 0 0 0 1 1 0 0 0 1 2 1 4 4 9 7 4 6 8 11 11 
0 2 315 31 1 315 300 15 5 0 1 0 0 1 0 0 0 0 1 1 17 0.5484 23 20 0.0730 0.0635 1 1 6 3 0.2609 0.1500 1 0 0 0 0 0 1 0 1 1 0 0 1 0 2 2 5 9 3 4 5 8 11 

0 3 316 31 2 316 301 15 5 0 1 1 0 0 0 0 0 0 1 2 7 0.2258 21 15 0.0665 0.0475 1 1 14 8 0.6667 0.5333 1 0 0 0 0 0 1 0 0 1 0 1 1 0 1 0 3 3 2 5 6 7 12 
0 3 316 31 2 316 301 15 5 1 0 1 0 0 0 0 0 0 1 1 8 0.2581 18 23 0.0570 0.0728 1 1 10 15 0.5556 0.6522 1 0 0 0 0 0 1 0 0 0 0 0 2 0 4 4 4 8 3 5 6 5 7 
1 3 317 31 2 316 301 15 5 1 0 1 0 0 2 2 2 2 1 1 25 0.8065 27 6 0.0854 0.0190 1 0 2 -19.0000 0.0741 -3.1667 1 0 0 0 0 0 1 0 0 0 0 0 2 2 5 6 6 8 4 4 5 6 7 
0 3 316 31 2 316 301 15 5 1 0 0 1 0 0 0 0 0 1 2 12 0.3871 13 15 0.0411 0.0475 1 1 1 3 0.0769 0.2000 1 0 0 0 0 0 1 1 0 0 0 1 2 1 4 4 9 7 4 6 8 11 11 
0 3 316 31 2 316 301 15 5 0 1 0 0 1 0 0 0 0 1 1 17 0.5484 23 20 0.0728 0.0633 1 1 6 3 0.2609 0.1500 1 0 0 0 0 0 1 0 1 1 0 0 1 0 2 2 5 9 3 4 5 8 11 

0 4 317 31 3 317 302 15 5 0 1 1 0 0 0 0 0 0 1 2 7 0.2258 21 15 0.0662 0.0473 1 1 14 8 0.6667 0.5333 1 0 0 0 0 0 1 0 0 1 0 1 1 0 1 0 3 3 2 5 6 7 12 
0 4 317 31 3 317 302 15 5 1 0 1 0 0 0 0 0 0 1 1 8 0.2581 18 23 0.0568 0.0726 1 1 10 15 0.5556 0.6522 1 0 0 0 0 0 1 0 0 0 0 0 2 0 4 0 4 6 3 5 6 5 7 
1 4 318 31 3 317 302 15 5 1 0 1 0 0 3 3 3 3 1 1 26 0.8387 28 6 0.0883 0.0189 1 0 2 -20.0000 0.0714 -3.3333 1 0 0 0 0 0 1 0 0 0 0 0 2 2 5 6 6 8 4 4 5 6 7 
0 4 317 31 3 317 302 15 5 1 0 0 1 0 0 0 0 0 1 2 12 0.3871 13 15 0.0410 0.0473 1 1 1 3 0.0769 0.2000 1 0 0 0 0 0 1 1 0 0 0 1 2 1 4 4 9 7 4 6 8 11 11 
0 4 317 31 3 317 302 15 5 0 1 0 0 1 0 0 0 0 1 1 17 0.5484 23 20 0.0726 0.0631 1 1 6 3 0.2609 0.1500 1 0 0 0 0 0 1 0 1 1 0 0 1 0 2 2 5 9 3 4 5 8 11 

0 5 318 31 4 318 303 15 5 0 1 1 0 0 0 0 0 0 1 2 7 0.2258 21 15 0.0660 0.0472 1 1 14 8 0.6667 0.5333 1 0 0 0 0 0 1 0 0 1 0 1 1 0 1 0 3 3 2 5 6 7 12 
0 5 318 31 4 318 303 15 5 1 0 1 0 0 0 0 0 0 1 1 8 0.2581 18 23 0.0566 0.0723 1 1 10 15 0.5556 0.6522 1 0 0 0 0 0 1 0 0 0 0 0 2 0 4 0 4 12 3 5 6 5 7 
1 5 319 31 4 318 303 15 5 1 0 1 0 0 4 4 4 4 1 1 27 0.8710 29 6 0.0912 0.0189 1 0 2 -21.0000 0.0690 -3.5000 1 0 0 0 0 0 1 0 0 0 0 0 2 2 5 6 6 8 4 4 5 6 7 
0 5 318 31 4 318 303 15 5 1 0 0 1 0 0 0 0 0 1 2 12 0.3871 13 15 0.0409 0.0472 1 1 1 3 0.0769 0.2000 1 0 0 0 0 0 1 1 0 0 0 1 2 1 4 4 9 7 4 6 8 11 11 
0 5 318 31 4 318 303 15 5 0 1 0 0 1 0 0 0 0 1 1 17 0.5484 23 20 0.0723 0.0629 1 1 6 3 0.2609 0.1500 1 0 0 0 0 0 1 0 1 1 0 0 1 0 2 2 5 9 3 4 5 8 11 

0 6 319 31 5 319 304 15 5 0 1 1 0 0 0 0 0 0 1 2 7 0.2258 21 15 0.0658 0.0470 1 1 14 8 0.6667 0.5333 1 0 0 0 0 0 1 0 0 1 0 1 1 0 1 0 3 3 2 5 6 7 12 
0 6 319 31 5 319 304 15 5 1 0 1 0 0 0 0 0 0 1 1 8 0.2581 18 23 0.0564 0.0721 1 1 10 15 0.5556 0.6522 1 0 0 0 0 0 1 0 0 0 0 0 2 0 4 0 4 10 3 5 6 5 7 
1 6 320 31 5 319 304 15 5 1 0 1 0 0 5 5 5 5 1 1 28 0.9032 30 6 0.0940 0.0188 1 0 2 -22.0000 0.0667 -3.6667 1 0 0 0 0 0 1 0 0 0 0 0 2 2 5 6 6 8 4 4 5 6 7 
0 6 319 31 5 319 304 15 5 1 0 0 1 0 0 0 0 0 1 2 12 0.3871 13 15 0.0408 0.0470 1 1 1 3 0.0769 0.2000 1 0 0 0 0 0 1 1 0 0 0 1 2 1 4 4 9 7 4 6 8 11 11 
0 6 319 31 5 319 304 15 5 0 1 0 0 1 0 0 0 0 1 1 17 0.5484 23 20 0.0721 0.0627 1 1 6 3 0.2609 0.1500 1 0 0 0 0 0 1 0 1 1 0 0 1 0 2 2 5 9 3 4 5 8 11 

0 7 320 31 6 320 305 15 5 0 1 1 0 0 0 0 0 0 1 2 7 0.2258 21 15 0.0656 0.0469 1 1 14 8 0.6667 0.5333 1 0 0 0 0 0 1 0 0 1 0 1 1 0 1 0 3 3 2 5 6 7 12 
0 7 320 31 6 320 305 15 5 1 0 1 0 0 0 0 0 0 1 1 8 0.2581 18 23 0.0563 0.0719 1 1 10 15 0.5556 0.6522 1 0 0 0 0 0 1 0 0 0 0 0 2 0 4 0 4 6 3 5 6 5 7 
1 7 321 31 6 320 305 15 5 1 0 1 0 0 6 6 6 6 1 1 29 0.9355 31 6 0.0969 0.0187 1 0 2 -23.0000 0.0645 -3.8333 1 0 0 0 0 0 1 0 0 0 0 0 2 2 5 6 6 9 4 4 5 6 7 
0 7 320 31 6 320 305 15 5 1 0 0 1 0 0 0 0 0 1 2 12 0.3871 13 15 0.0406 0.0469 1 1 1 3 0.0769 0.2000 1 0 0 0 0 0 1 1 0 0 0 1 2 1 4 4 9 7 4 6 8 11 11 
0 7 320 31 6 320 305 15 5 0 1 0 0 1 0 0 0 0 1 1 17 0.5484 23 20 0.0719 0.0625 1 1 6 3 0.2609 0.1500 1 0 0 0 0 0 1 0 1 1 0 0 1 0 2 2 5 9 3 4 5 8 11 

0 8 321 31 7 321 306 15 5 0 1 1 0 0 0 0 0 0 1 2 7 0.2258 21 15 0.0654 0.0467 1 1 14 8 0.6667 0.5333 1 0 0 0 0 0 1 0 0 1 0 1 1 0 1 0 3 3 2 5 6 7 12 
0 8 321 31 7 321 306 15 5 1 0 1 0 0 0 0 0 0 1 1 8 0.2581 18 23 0.0561 0.0717 1 1 10 15 0.5556 0.6522 1 0 0 0 0 0 1 0 0 0 0 0 2 0 4 0 4 6 3 5 6 5 7 
1 8 322 31 7 321 306 15 5 1 0 1 0 0 7 7 7 7 1 1 30 0.9677 32 6 0.0997 0.0187 1 0 2 -24.0000 0.0625 -4.0000 1 0 0 0 0 0 1 0 0 0 0 0 2 2 5 6 6 8 4 4 5 6 7 
0 8 321 31 7 321 306 15 5 1 0 0 1 0 0 0 0 0 1 2 12 0.3871 13 15 0.0405 0.0467 1 1 1 3 0.0769 0.2000 1 0 0 0 0 0 1 1 0 0 0 1 2 1 4 4 9 7 4 6 8 11 11 
0 8 321 31 7 321 306 15 5 0 1 0 0 1 0 0 0 0 1 1 17 0.5484 23 20 0.0717 0.0623 1 1 6 3 0.2609 0.1500 1 0 0 0 0 0 1 0 1 1 0 0 1 0 2 2 5 9 3 4 5 8 11 

0 9 322 32 8 322 307 15 5 0 1 1 0 0 0 0 0 0 1 2 7 0.2188 21 15 0.0652 0.0466 1 1 14 8 0.6667 0.5333 1 0 0 0 0 0 1 0 0 1 0 1 1 0 1 0 3 3 2 5 6 7 12 
0 9 322 32 8 322 307 15 5 1 0 1 0 0 0 0 0 0 1 1 8 0.2500 18 23 0.0559 0.0714 1 1 10 15 0.5556 0.6522 1 0 0 0 0 0 1 0 0 0 0 0 2 0 4 0 4 6 3 5 6 5 7 
1 9 323 32 8 322 307 15 5 1 0 1 0 0 8 8 8 8 1 1 31 0.9688 33 6 0.1025 0.0186 1 0 2 -25.0000 0.0606 -4.1667 1 0 0 0 0 0 1 0 0 0 0 0 2 2 5 6 6 9 4 4 5 6 7 
0 9 322 32 8 322 307 15 5 1 0 0 1 0 0 0 0 0 1 2 12 0.3750 13 15 0.0404 0.0466 1 1 1 3 0.0769 0.2000 1 0 0 0 0 0 1 1 0 0 0 1 2 1 4 4 9 7 4 6 8 11 11 
0 9 322 32 8 322 307 15 5 0 1 0 0 1 0 0 0 0 1 1 17 0.5312 23 20 0.0714 0.0621 1 1 6 3 0.2609 0.1500 1 0 0 0 0 0 1 0 1 1 0 0 1 0 2 2 5 9 3 4 5 8 11 

0 10 323 33 9 323 308 15 5 0 1 1 0 0 1 1 0.5000 0.5000 1 2 7 0.2121 21 15 0.0650 0.0464 1 1 14 8 0.6667 0.5333 1 0 0 0 0 0 1 0 0 1 0 1 1 0 1 0 3 3 2 5 6 7 12 
0 10 323 33 9 323 308 15 5 1 0 1 0 0 0 2 0 0 1 1 8 0.2424 18 23 0.0557 0.0712 1 1 10 15 0.5556 0.6522 1 0 0 0 0 0 1 0 0 0 0 0 2 0 4 0 4 6 3 5 6 5 7 
1 10 324 33 9 323 308 15 5 1 0 1 0 0 11 9 9 9 1 1 32 0.9697 34 6 0.1053 0.0186 1 0 2 -26.0000 0.0588 -4.3333 1 0 0 0 0 0 1 0 0 0 0 0 2 2 5 6 6 8 4 4 5 6 7 
0 10 323 33 9 323 308 15 5 1 0 0 1 0 0 1 0 0 1 2 12 0.3636 13 15 0.0402 0.0464 1 1 1 3 0.0769 0.2000 1 0 0 0 0 0 1 1 0 0 0 1 2 1 4 4 9 7 4 6 8 11 11 
0 10 323 33 9 323 308 15 5 0 1 0 0 1 0 0 0 0 1 1 17 0.5152 23 20 0.0712 0.0619 1 1 6 3 0.2609 0.1500 1 0 0 0 0 0 1 0 1 1 0 0 1 0 2 2 5 9 3 4 5 8 11 

0 11 324 34 10 324 309 15 5 0 1 1 0 0 2 2 1 1 1 2 7 0.2059 21 15 0.0648 0.0463 1 1 14 8 0.6667 0.5333 1 0 0 0 0 0 1 0 0 1 0 1 1 0 1 0 3 3 2 5 6 7 12 
0 11 324 34 10 324 309 15 5 1 0 1 0 0 2 4 2 2 1 1 8 0.2353 18 23 0.0556 0.0710 1 1 10 15 0.5556 0.6522 1 0 0 0 0 0 1 0 0 0 0 0 2 0 4 0 4 6 3 5 6 5 7 
1 11 325 34 10 324 309 15 5 1 0 1 0 0 12 10 10 10 1 1 33 0.9706 35 6 0.1080 0.0185 1 0 2 -27.0000 0.0571 -4.5000 1 0 0 0 0 0 1 0 0 0 0 0 2 2 5 6 6 9 4 4 5 6 7 
0 11 324 34 10 324 309 15 5 1 0 0 1 0 0 2 0 0 1 2 12 0.3529 13 15 0.0401 0.0463 1 1 1 3 0.0769 0.2000 1 0 0 0 0 0 1 1 0 0 0 1 2 1 4 4 9 7 4 6 8 11 11 
0 11 324 34 10 324 309 15 5 0 1 0 0 1 0 0 0 0 1 1 17 0.5000 23 20 0.0710 0.0617 1 1 6 3 0.2609 0.1500 1 0 0 0 0 0 1 0 1 1 0 0 1 0 2 2 5 9 3 4 5 8 11 

1 12 324 31 5 323 322 1 5 1 0 1 0 0 13 10 10 10 3 1 24 0.7742 26 25 0.0805 0.0774 1 1 2 1 0.0769 0.0400 1 0 0 0 1 0 1 0 1 0 0 0 2 1 5 4 7 6 4 4 5 6 7 
1 12 324 31 5 323 322 1 5 1 0 1 0 0 13 5 2.5000 2.5000 3 1 10 0.3226 26 24 0.0805 0.0743 1 1 16 14 0.6154 0.5833 1 0 0 0 0 0 1 0 0 0 0 0 2 1 3 5 3 4 3 4 6 7 6 
0 12 323 31 5 323 322 1 5 1 0 0 1 0 13 3 0 0 3 1 22 0.7097 26 21 0.0805 0.0650 1 0 4 -1.0000 0.1538 -0.0476 1 0 0 0 1 0 1 0 1 0 0 0 2 2 6 1 8 4 3 4 6 6 8 
0 12 323 31 5 323 322 1 5 0 1 0 0 1 0 0 0 0 1 2 17 0.5484 23 20 0.0712 0.0619 1 1 6 3 0.2609 0.1500 1 0 0 0 0 1 1 0 0 1 0 0 1 0 2 2 5 10 3 4 5 8 11 
0 12 323 31 5 323 322 1 5 0 1 0 0 1 3 0 0 0 1 2 15 0.4839 17 20 0.0526 0.0619 1 1 2 5 0.1176 0.2500 1 0 0 1 0 0 1 1 0 0 0 0 1 0 2 6 3 4 2 2 4 5 6 

1 13 325 31 6 324 323 1 5 1 0 1 0 0 18 12 11 11 3 1 24 0.7742 26 25 0.0802 0.0772 1 1 2 1 0.0769 0.0400 1 0 0 0 1 0 1 0 1 0 0 0 2 1 5 4 7 6 4 4 5 6 7 
1 13 325 31 6 324 323 1 5 0 1 1 0 0 18 6 2.5000 3.5000 3 1 11 0.3548 26 25 0.0802 0.0772 1 1 15 14 0.5769 0.5600 1 0 0 0 0 0 1 0 0 0 0 0 1 0 1 0 1 0 2 2 3 3 4 
0 13 324 31 6 324 323 1 5 1 0 0 1 0 18 4 1 1 3 1 22 0.7097 26 21 0.0802 0.0648 1 0 4 -1.0000 0.1538 -0.0476 1 0 0 0 1 0 1 0 1 0 0 0 2 2 6 1 8 4 3 4 6 6 8 
0 13 324 31 6 324 323 1 5 0 1 0 0 1 1 1 0.5000 0.5000 1 2 17 0.5484 23 20 0.0710 0.0617 1 1 6 3 0.2609 0.1500 1 0 0 0 0 1 1 0 0 1 0 0 1 0 2 2 5 10 3 4 5 8 11 
0 13 324 31 6 324 323 1 5 0 1 0 0 1 3 1 0 0 1 2 15 0.4839 17 20 0.0525 0.0617 1 1 2 5 0.1176 0.2500 1 0 0 1 0 0 1 1 0 0 0 0 1 0 2 6 3 4 2 2 4 5 6 

0 14 323 31 4 323 321 2 6 1 0 1 0 0 3 4 2 2 2 2 7 0.2258 16 21 0.0495 0.0650 1 1 9 14 0.5625 0.6667 1 0 0 0 0 0 1 0 0 0 1 0 2 1 3 1 5 3 4 6 8 11 11 
1 14 324 31 4 323 321 2 6 1 0 1 0 0 18 12 11 11 3 1 24 0.7742 26 25 0.0805 0.0774 1 1 2 1 0.0769 0.0400 1 0 0 0 1 0 1 0 1 0 0 0 2 1 5 4 7 6 4 4 5 6 7 
0 14 323 31 4 323 321 2 6 1 0 1 0 0 7 18 2.5000 2.5000 1 3 10 0.3226 24 26 0.0743 0.0805 1 1 14 16 0.5833 0.6154 1 0 0 0 0 0 1 0 0 0 0 0 2 0 4 5 3 4 3 4 6 7 6 
0 14 323 31 4 323 321 2 6 1 0 0 1 0 3 1 0 0 2 2 14 0.4516 16 20 0.0495 0.0619 1 1 2 6 0.1250 0.3000 1 0 0 0 0 1 1 0 1 0 0 0 2 1 6 4 5 10 4 6 7 11 15 
0 14 323 31 4 323 321 2 6 1 0 0 1 0 18 4 1 1 3 2 22 0.7097 26 21 0.0805 0.0650 1 0 4 -1.0000 0.1538 -0.0476 1 0 0 0 1 0 1 0 1 0 0 0 2 2 6 1 8 4 3 4 6 6 8 
0 14 323 31 4 323 321 2 6 0 1 0 0 1 1 1 0.5000 0.5000 1 2 17 0.5484 23 20 0.0712 0.0619 1 1 6 3 0.2609 0.1500 1 0 0 0 0 0 1 0 0 1 1 0 1 0 2 2 5 9 3 4 5 8 11 

1 15 324 31 5 323 322 1 5 1 0 1 0 0 20 13 12 12 3 1 24 0.7742 26 25 0.0805 0.0774 1 1 2 1 0.0769 0.0400 1 0 0 0 1 0 1 0 1 0 0 0 2 1 5 4 9 5 4 4 5 6 7 
1 15 324 31 5 323 322 1 5 1 0 1 0 0 20 8 3 3 3 1 10 0.3226 26 24 0.0805 0.0743 1 1 16 14 0.6154 0.5833 1 0 0 0 0 0 1 0 0 0 0 0 2 1 3 5 3 4 3 4 6 7 6 
0 15 323 31 5 323 322 1 5 1 0 0 1 0 0 4 0 0 1 1 12 0.3871 13 15 0.0402 0.0464 1 1 1 3 0.0769 0.2000 1 0 0 0 0 0 1 1 0 0 0 0 2 1 4 4 9 7 4 6 8 11 11 
0 15 323 31 5 323 322 1 5 1 0 0 1 0 20 5 1 1 3 1 22 0.7097 26 23 0.0805 0.0712 1 1 4 1 0.1538 0.0435 1 0 0 0 1 0 1 0 1 0 0 0 2 1 6 1 8 4 3 4 6 6 8 
0 15 323 31 5 323 322 1 5 0 1 0 0 1 1 1 0.5000 0.5000 1 1 17 0.5484 23 20 0.0712 0.0619 1 1 6 3 0.2609 0.1500 1 0 0 0 0 0 1 0 1 0 0 0 1 0 2 2 5 9 3 4 5 8 11 

1 16 325 31 6 324 323 1 5 1 0 1 0 0 23 14 13 13 3 1 24 0.7742 26 25 0.0802 0.0772 1 1 2 1 0.0769 0.0400 1 0 0 0 1 0 1 0 1 0 0 0 2 1 5 4 9 5 4 4 5 6 7 
1 16 325 31 6 324 323 1 5 0 1 1 0 0 23 9 3 6 3 1 11 0.3548 26 25 0.0802 0.0772 1 1 15 14 0.5769 0.5600 1 0 0 0 0 0 1 0 0 0 0 0 1 0 1 0 1 0 2 2 3 3 4 
0 16 324 31 6 324 323 1 5 1 0 0 1 0 1 6 1 1 1 1 12 0.3871 13 15 0.0401 0.0463 1 1 1 3 0.0769 0.2000 1 0 0 0 0 0 1 1 0 0 0 0 2 1 4 4 9 7 4 6 8 11 11 
0 16 324 31 6 324 323 1 5 1 0 0 1 0 23 5 1 1 3 1 22 0.7097 26 23 0.0802 0.0710 1 1 4 1 0.1538 0.0435 1 0 0 0 1 0 1 0 1 0 0 0 2 1 6 1 8 4 3 4 6 6 8 
0 16 324 31 6 324 323 1 5 0 1 0 0 1 2 2 2 1 1 1 17 0.5484 23 20 0.0710 0.0617 1 1 6 3 0.2609 0.1500 1 0 0 0 0 0 1 0 1 0 0 0 1 0 2 2 5 9 3 4 5 8 11 

0 17 323 31 4 323 321 2 6 1 0 1 0 0 5 6 2 2 2 2 7 0.2258 22 15 0.0681 0.0464 1 1 15 8 0.6818 0.5333 1 0 0 0 0 0 1 0 0 1 0 1 2 1 3 1 5 5 3 7 8 8 13 
1 17 324 31 4 323 321 2 6 1 0 1 0 0 23 14 13 13 3 1 24 0.7742 26 25 0.0805 0.0774 1 1 2 1 0.0769 0.0400 1 0 0 0 1 0 1 0 1 0 0 0 2 1 5 4 7 6 4 4 5 6 7 
0 17 323 31 4 323 321 2 6 1 0 1 0 0 10 23 3 3 1 3 10 0.3226 24 26 0.0743 0.0805 1 1 14 16 0.5833 0.6154 1 0 0 0 0 0 1 0 0 0 0 0 2 0 4 5 3 4 3 4 6 7 6 
0 17 323 31 4 323 321 2 6 1 0 0 1 0 1 6 1 1 1 2 12 0.3871 13 15 0.0402 0.0464 1 1 1 3 0.0769 0.2000 1 0 0 0 0 0 1 1 0 0 0 1 2 1 4 4 9 7 4 6 8 11 11 
0 17 323 31 4 323 321 2 6 1 0 0 1 0 23 5 1 1 3 2 22 0.7097 26 22 0.0805 0.0681 1 0 4 0 0.1538 0 1 0 0 0 1 0 1 0 1 0 0 0 2 2 5 2 7 5 3 4 6 6 8 
0 17 323 31 4 323 321 2 6 0 1 0 0 1 2 2 2 1 1 1 17 0.5484 23 20 0.0712 0.0619 1 1 6 3 0.2609 0.1500 1 0 0 0 0 0 1 0 1 1 0 0 1 0 2 2 5 9 3 4 5 8 11 

1 18 325 31 9 324 324 0 2 1 0 0 1 0 6 8 0 0 1 2 14 0.4516 16 20 0.0494 0.0617 1 1 2 6 0.1250 0.3000 1 0 0 0 0 1 1 0 1 0 0 0 2 1 6 4 5 10 4 6 7 11 15 
0 18 324 31 9 324 324 0 2 0 1 0 0 1 8 8 3.5000 3.5000 1 2 17 0.5484 23 20 0.0710 0.0617 1 1 6 3 0.2609 0.1500 1 0 0 0 0 0 1 0 0 1 0 0 1 0 2 2 5 9 3 4 5 8 11 

0 19 325 35 11 325 310 15 5 0 1 1 0 0 7 10 3 3 1 2 7 0.2000 21 15 0.0646 0.0462 1 1 14 8 0.6667 0.5333 1 0 0 0 0 0 1 0 0 1 0 1 1 0 1 0 3 3 2 5 6 7 12 
0 19 325 35 11 325 310 15 5 1 0 1 0 0 6 16 8 8 1 1 8 0.2286 18 23 0.0554 0.0708 1 1 10 15 0.5556 0.6522 1 0 0 0 0 0 1 0 0 0 0 0 2 0 4 0 4 6 3 5 6 5 7 
1 19 326 35 11 325 310 15 5 1 0 1 0 0 33 18 17 17 1 1 34 0.9714 36 6 0.1108 0.0185 1 0 2 -28.0000 0.0556 -4.6667 1 0 0 0 0 0 1 0 0 0 0 0 2 2 5 6 6 8 4 4 5 6 7 
0 19 325 35 11 325 310 15 5 1 0 0 1 0 8 10 8 8 1 2 12 0.3429 13 15 0.0400 0.0462 1 1 1 3 0.0769 0.2000 1 0 0 0 0 0 1 1 0 0 0 1 2 1 4 4 9 7 4 6 8 11 11 
0 19 325 35 11 325 310 15 5 0 1 0 0 1 11 10 4.5000 3.5000 1 1 17 0.4857 23 20 0.0708 0.0615 1 1 6 3 0.2609 0.1500 1 0 0 0 0 0 1 0 1 1 0 0 1 0 2 2 5 9 3 4 5 8 11 

0 20 324 31 5 324 322 2 6 0 1 1 0 0 9 12 4 4 2 2 8 0.2581 22 16 0.0679 0.0494 1 1 14 8 0.6364 0.5000 1 0 0 0 0 0 1 0 0 1 0 0 1 0 1 1 2 14 2 5 6 7 12 
1 20 325 31 5 324 322 2 6 1 0 1 0 0 36 18 17 17 3 1 24 0.7742 26 25 0.0802 0.0772 1 1 2 1 0.0769 0.0400 1 0 0 0 1 0 1 0 1 0 0 0 2 1 5 4 7 6 4 4 5 6 7 
1 20 325 31 5 324 322 2 6 1 0 1 0 0 36 19 10.5000 10.5000 3 1 10 0.3226 26 24 0.0802 0.0741 1 1 16 14 0.6154 0.5833 1 0 0 0 0 0 1 0 0 0 0 0 2 1 3 5 3 4 3 4 6 7 6 
0 20 324 31 5 324 322 2 6 1 0 0 1 0 12 10 1 1 2 2 14 0.4516 16 20 0.0494 0.0617 1 1 2 6 0.1250 0.3000 1 0 0 0 0 1 1 0 1 0 0 0 2 1 6 4 5 10 4 6 7 11 15 
0 20 324 31 5 324 322 2 6 1 0 0 1 0 36 9 1 1 3 2 22 0.7097 26 22 0.0802 0.0679 1 0 4 0 0.1538 0 1 0 0 0 1 0 1 0 1 0 0 0 2 2 5 2 7 5 3 4 6 6 8 
0 20 324 31 5 324 322 2 6 0 1 0 0 1 11 10 4.5000 3.5000 1 2 17 0.5484 23 20 0.0710 0.0617 1 1 6 3 0.2609 0.1500 1 0 0 0 0 0 1 0 0 2 0 0 1 0 2 2 5 9 3 4 5 8 11 

1 21 326 31 7 325 324 1 5 1 0 1 0 0 39 19 18 18 3 1 24 0.7742 26 25 0.0800 0.0769 1 1 2 1 0.0769 0.0400 1 0 0 0 1 0 1 0 1 0 0 0 2 1 5 4 7 6 4 4 5 6 7 
1 21 326 31 7 325 324 1 5 0 1 1 0 0 39 20 10.5000 9.5000 3 1 11 0.3548 26 25 0.0800 0.0769 1 1 15 14 0.5769 0.5600 1 0 0 0 0 0 1 0 0 0 0 0 1 0 1 0 1 0 2 2 3 3 4 
0 21 325 31 7 325 324 1 5 1 0 0 1 0 39 10 1 1 3 1 22 0.7097 26 22 0.0800 0.0677 1 0 4 0 0.1538 0 1 0 0 0 1 0 1 0 1 0 0 0 2 2 5 2 7 5 3 4 6 6 8 
0 21 325 31 7 325 324 1 5 0 1 0 0 1 12 11 5 4 1 2 17 0.5484 23 20 0.0708 0.0615 1 1 6 3 0.2609 0.1500 1 0 0 0 0 1 1 0 0 1 0 0 1 0 2 2 5 10 3 4 5 8 11 
0 21 325 31 7 325 324 1 5 0 1 0 0 1 13 11 0 1 1 2 15 0.4839 17 20 0.0523 0.0615 1 1 2 5 0.1176 0.2500 1 0 0 1 0 0 1 1 0 0 0 0 1 0 2 6 3 4 2 2 4 5 6 

0 22 324 31 6 324 323 1 5 1 0 1 0 0 20 39 9.5000 9.5000 1 3 10 0.3226 25 25 0.0772 0.0772 1 1 15 15 0.6000 0.6000 1 0 0 0 0 0 1 0 0 1 0 0 2 1 6 1 5 1 3 5 6 5 7 
0 22 324 31 6 324 323 1 5 1 0 0 1 0 39 7 3 3 3 1 19 0.6129 25 18 0.0772 0.0556 1 0 6 -1.0000 0.2400 -0.0556 1 0 0 0 0 0 1 0 0 0 0 0 2 3 5 4 5 6 4 7 6 8 10 
0 22 324 31 6 324 323 1 5 0 1 0 1 0 39 11 0 0 3 3 7 0.2258 25 20 0.0772 0.0617 1 1 18 13 0.7200 0.6500 1 0 0 0 0 0 1 0 0 0 0 0 1 0 4 0 2 2 2 3 6 5 4 
1 22 325 31 6 324 323 1 5 1 0 0 1 0 13 11 1 1 1 3 14 0.4516 16 20 0.0494 0.0617 1 1 2 6 0.1250 0.3000 1 0 0 0 0 1 1 0 1 0 0 0 2 1 6 4 5 10 4 6 7 11 15 
0 22 324 31 6 324 323 1 5 0 1 0 0 1 12 11 5 4 1 3 17 0.5484 23 20 0.0710 0.0617 1 1 6 3 0.2609 0.1500 1 0 0 0 0 0 1 0 0 1 0 0 1 0 2 2 5 9 3 4 5 8 11 

0 23 324 31 5 324 322 2 6 0 1 1 0 0 14 10 4.5000 4.5000 2 2 8 0.2581 16 22 0.0494 0.0679 1 1 8 14 0.5000 0.6364 1 0 0 0 0 0 1 0 0 0 0 0 1 0 1 1 1 5 3 5 6 10 11 
1 23 325 31 5 324 322 2 6 1 0 1 0 0 40 19 18 18 3 1 24 0.7742 26 25 0.0802 0.0772 1 1 2 1 0.0769 0.0400 1 0 0 0 1 0 1 0 1 0 0 0 2 1 5 4 7 6 4 4 5 6 7 
1 23 325 31 5 324 322 2 6 1 0 1 0 0 40 21 11 11 3 1 10 0.3226 26 24 0.0802 0.0741 1 1 16 14 0.6154 0.5833 1 0 0 0 0 0 1 0 0 0 0 0 2 1 3 5 3 4 3 4 6 7 6 
0 23 324 31 5 324 322 2 6 1 0 0 1 0 14 12 2 2 2 2 14 0.4516 16 20 0.0494 0.0617 1 1 2 6 0.1250 0.3000 1 0 0 0 0 1 1 0 1 0 0 0 2 1 6 4 5 10 4 6 7 11 15 
0 23 324 31 5 324 322 2 6 1 0 0 1 0 40 10 1 1 3 2 22 0.7097 26 22 0.0802 0.0679 1 0 4 0 0.1538 0 1 0 0 0 1 0 1 0 1 0 0 0 2 2 5 2 7 5 3 4 6 6 8 
0 23 324 31 5 324 322 2 6 0 1 0 0 1 12 12 5 4 1 2 17 0.5484 23 20 0.0710 0.0617 1 1 6 3 0.2609 0.1500 1 0 0 0 0 0 1 0 0 2 0 0 1 0 2 2 5 9 3 4 5 8 11 

0 24 324 31 6 324 323 1 5 1 0 1 0 0 21 41 10 10 1 3 10 0.3226 25 25 0.0772 0.0772 1 1 15 15 0.6000 0.6000 1 0 0 0 0 0 1 0 0 1 0 0 2 1 6 1 5 1 3 5 6 5 7 
0 24 324 31 6 324 323 1 5 1 0 0 1 0 41 7 3 3 3 1 19 0.6129 25 18 0.0772 0.0556 1 0 6 -1.0000 0.2400 -0.0556 1 0 0 0 0 0 1 0 0 0 0 0 2 3 5 4 5 6 4 7 6 8 10 
0 24 324 31 6 324 323 1 5 0 1 0 1 0 41 12 0 0 3 3 7 0.2258 25 20 0.0772 0.0617 1 1 18 13 0.7200 0.6500 1 0 0 0 0 0 1 0 0 0 0 0 1 0 4 0 2 2 2 3 6 5 4 
1 24 325 31 6 324 323 1 5 1 0 0 1 0 15 12 2 2 1 3 14 0.4516 16 20 0.0494 0.0617 1 1 2 6 0.1250 0.3000 1 0 0 0 0 1 1 0 1 0 0 0 2 1 6 4 5 10 4 6 7 11 15 
0 24 324 31 6 324 323 1 5 0 1 0 0 1 12 12 5 4 1 3 17 0.5484 23 20 0.0710 0.0617 1 1 6 3 0.2609 0.1500 1 0 0 0 0 0 1 0 0 1 0 0 1 0 2 2 5 9 3 4 5 8 11 

1 25 326 31 7 325 324 1 5 1 0 1 0 0 43 20 19 19 3 1 24 0.7742 26 25 0.0800 0.0769 1 1 2 1 0.0769 0.0400 1 0 0 0 1 0 1 0 1 0 0 0 2 1 5 4 7 6 4 4 5 6 7 
1 25 326 31 7 325 324 1 5 0 1 1 0 0 43 22 11 11 3 1 11 0.3548 26 25 0.0800 0.0769 1 1 15 14 0.5769 0.5600 1 0 0 0 0 0 1 0 0 0 0 0 1 0 1 0 1 0 2 2 3 3 4 
0 25 325 31 7 325 324 1 5 1 0 0 1 0 43 11 1 1 3 1 22 0.7097 26 22 0.0800 0.0677 1 0 4 0 0.1538 0 1 0 0 0 1 0 1 0 1 0 0 0 2 2 5 2 7 5 3 4 6 6 8 
0 25 325 31 7 325 324 1 5 0 1 0 0 1 13 14 5.5000 4.5000 1 2 17 0.5484 23 20 0.0708 0.0615 1 1 6 3 0.2609 0.1500 1 0 0 0 0 1 1 0 0 1 0 0 1 0 2 2 5 10 3 4 5 8 11 
0 25 325 31 7 325 324 1 5 0 1 0 0 1 16 14 0 3 1 2 15 0.4839 17 20 0.0523 0.0615 1 1 2 5 0.1176 0.2500 1 0 0 1 0 0 1 1 0 0 0 0 1 0 2 6 3 4 2 2 4 5 6 

