0 1 275 35 1 275 270 5 9 1 0 1 0 0 0 0 0 0 1 1 10 0.2857 15 7 0.0545 0.0255 1 0 5 -3.0000 0.3333 -0.4286 1 0 0 0 0 0 1 0 0 0 0 1 2 2 4 2 4 1 3 5 8 7 1 
0 1 275 35 1 275 270 5 9 1 0 1 0 0 0 0 0 0 1 5 6 0.1714 21 14 0.0764 0.0509 1 1 15 8 0.7143 0.5714 1 0 1 0 0 0 1 1 0 0 0 0 2 0 5 4 9 2 3 6 7 11 1 
0 1 275 35 1 275 270 5 9 1 0 1 0 0 0 1 0 0 2 3 1 0.0286 7 6 0.0255 0.0218 1 1 6 5 0.8571 0.8333 1 0 1 0 0 0 1 1 0 0 2 0 2 0 4 0 2 5 3 6 9 10 1 
0 1 275 35 1 275 270 5 9 1 0 1 0 0 0 1 0 0 2 3 2 0.0571 7 6 0.0255 0.0218 1 1 5 4 0.7143 0.6667 1 0 1 0 0 0 1 1 0 1 0 1 2 0 4 2 4 5 3 5 8 10 1 
1 1 276 35 1 275 270 5 9 1 0 1 0 0 1 1 1 1 1 3 17 0.4857 26 6 0.0945 0.0218 1 0 9 -11.0000 0.3462 -1.8333 1 0 0 0 0 0 1 0 0 1 1 0 2 2 4 5 7 8 3 6 8 9 1 
0 1 275 35 1 275 270 5 9 1 0 0 1 0 0 0 0 0 1 5 14 0.4000 20 14 0.0727 0.0509 1 0 6 0 0.3000 0 1 1 0 1 0 0 2 1 0 0 0 0 2 4 3 7 3 7 3 4 7 8 1 
0 1 275 35 1 275 270 5 9 1 0 0 1 0 0 0 0 0 1 5 15 0.4286 20 14 0.0727 0.0509 1 0 5 -1.0000 0.2500 -0.0714 1 1 0 0 1 0 2 1 0 0 0 0 2 4 4 3 8 4 3 4 7 8 1 
0 1 275 35 1 275 270 5 9 1 0 0 1 0 0 0 0 0 1 5 12 0.3429 20 14 0.0727 0.0509 1 1 8 2 0.4000 0.1429 1 0 0 1 1 0 1 2 0 0 0 0 2 0 4 4 9 6 4 7 6 8 1 
0 1 275 35 1 275 270 5 9 0 1 0 1 0 0 0 0 0 1 5 5 0.1429 26 14 0.0945 0.0509 1 1 21 9 0.8077 0.6429 1 0 1 0 0 0 1 1 0 0 0 2 1 0 4 1 2 1 3 5 7 9 1 

