0 1 314 36 0 314 306 8 9 1 0 1 0 0 0 0 0 0 2 2 9 0.2500 17 8 0.0541 0.0255 1 0 8 -1.0000 0.4706 -0.1250 2 1 0 0 0 0 3 0 0 1 0 0 2 4 4 3 4 3 3 6 8 9 1 
0 1 314 36 0 314 306 8 9 1 0 1 0 0 0 0 0 0 3 2 8 0.2222 12 8 0.0382 0.0255 1 0 4 0 0.3333 0 1 2 0 0 0 0 3 0 0 1 0 0 2 4 3 4 3 7 3 6 8 9 1 
0 1 314 36 0 314 306 8 9 1 0 1 0 0 0 0 0 0 1 3 21 0.5833 24 12 0.0764 0.0382 1 0 3 -9.0000 0.1250 -0.7500 1 0 0 0 0 0 1 0 1 2 0 1 2 2 4 3 6 6 3 4 6 10 1 
1 1 315 36 0 314 306 8 9 1 0 1 0 0 0 0 0 0 1 3 22 0.6111 24 12 0.0764 0.0382 1 0 2 -10.0000 0.0833 -0.8333 1 0 0 0 0 0 2 0 0 0 0 0 2 3 4 5 5 9 3 4 7 10 1 
0 1 314 36 0 314 306 8 9 1 0 1 0 0 0 0 0 0 1 3 12 0.3333 18 12 0.0573 0.0382 1 0 6 0 0.3333 0 1 0 0 0 0 0 2 0 0 0 0 0 2 2 3 2 3 3 3 4 7 10 1 
0 1 314 36 0 314 306 8 9 0 1 1 0 0 0 0 0 0 3 2 9 0.2500 12 17 0.0382 0.0541 1 1 3 8 0.2500 0.4706 2 1 0 0 0 0 3 0 0 0 0 0 2 2 3 1 2 1 2 4 4 4 1 
0 1 314 36 0 314 306 8 9 1 0 0 1 0 0 0 0 0 3 1 4 0.1111 12 4 0.0382 0.0127 1 0 8 0 0.6667 0 1 0 0 0 0 0 1 0 0 0 0 2 2 4 3 7 3 8 4 7 9 11 1 
0 1 314 36 0 314 306 8 9 1 0 0 1 0 0 0 0 0 1 2 3 0.0833 28 19 0.0892 0.0605 1 1 25 16 0.8929 0.8421 1 0 0 0 0 0 1 0 0 0 0 0 2 2 4 2 4 2 4 5 6 5 1 
0 1 314 36 0 314 306 8 9 0 1 0 1 0 0 0 0 0 2 1 14 0.3889 19 22 0.0605 0.0701 1 1 5 8 0.2632 0.3636 1 0 0 0 0 0 1 0 0 0 0 0 1 1 1 4 3 9 3 5 7 9 1 

0 2 315 36 1 315 307 8 9 1 0 1 0 0 0 0 0 0 2 2 9 0.2500 17 8 0.0540 0.0254 1 0 8 -1.0000 0.4706 -0.1250 2 1 0 0 0 0 3 0 0 1 0 0 2 4 4 3 4 3 3 6 8 9 1 
0 2 315 36 1 315 307 8 9 1 0 1 0 0 0 0 0 0 3 2 8 0.2222 12 8 0.0381 0.0254 1 0 4 0 0.3333 0 1 2 0 0 0 0 3 0 0 1 0 0 2 4 3 4 3 7 3 6 8 9 1 
0 2 315 36 1 315 307 8 9 1 0 1 0 0 0 0 0 0 1 3 21 0.5833 24 12 0.0762 0.0381 1 0 3 -9.0000 0.1250 -0.7500 1 0 0 0 0 0 1 0 1 2 0 1 2 2 4 3 6 6 3 4 6 10 1 
0 2 315 36 1 315 307 8 9 1 0 1 0 0 0 1 1 1 1 3 12 0.3333 18 12 0.0571 0.0381 1 0 6 0 0.3333 0 1 0 0 0 0 0 2 0 0 0 0 0 2 2 3 2 3 3 3 4 7 10 1 
0 2 315 36 1 315 307 8 9 0 1 1 0 0 0 0 0 0 3 2 9 0.2500 12 17 0.0381 0.0540 1 1 3 8 0.2500 0.4706 2 1 0 0 0 0 3 0 0 0 0 0 2 2 3 1 2 1 2 4 4 4 1 
1 2 316 36 1 315 307 8 9 1 0 1 0 0 1 1 1 1 1 3 23 0.6389 25 12 0.0794 0.0381 1 0 2 -11.0000 0.0800 -0.9167 1 0 0 0 0 0 2 0 0 0 0 0 2 2 6 4 6 8 3 4 7 10 1 
0 2 315 36 1 315 307 8 9 1 0 0 1 0 1 0 0 0 3 1 4 0.1111 12 4 0.0381 0.0127 1 0 8 0 0.6667 0 1 0 0 0 0 0 1 0 0 0 0 2 2 4 3 7 3 8 4 7 9 11 1 
0 2 315 36 1 315 307 8 9 1 0 0 1 0 0 0 0 0 1 2 3 0.0833 28 19 0.0889 0.0603 1 1 25 16 0.8929 0.8421 1 0 0 0 0 0 1 0 0 0 0 0 2 2 4 2 4 2 4 5 6 5 1 
0 2 315 36 1 315 307 8 9 0 1 0 1 0 0 0 0 0 2 1 14 0.3889 19 22 0.0603 0.0698 1 1 5 8 0.2632 0.3636 1 0 0 0 0 0 1 0 0 0 0 0 1 1 1 4 3 9 3 5 7 9 1 

1 3 317 36 3 316 311 5 8 1 0 1 0 0 0 0 0 0 1 2 21 0.5833 24 12 0.0759 0.0380 1 0 3 -9.0000 0.1250 -0.7500 1 0 0 0 0 0 1 0 1 1 0 1 2 2 4 3 6 6 3 4 6 10 1 
0 3 316 36 3 316 311 5 8 1 0 1 0 0 0 2 2 2 1 3 12 0.3333 18 12 0.0570 0.0380 1 0 6 0 0.3333 0 1 0 0 0 0 0 2 0 0 0 0 0 2 2 3 2 3 3 3 4 7 10 1 
1 3 317 36 3 316 311 5 8 0 1 1 0 0 0 1 1 0 2 2 9 0.2500 12 17 0.0380 0.0538 1 1 3 8 0.2500 0.4706 1 1 0 0 0 0 2 0 0 0 0 0 1 2 2 2 2 2 2 4 4 4 1 
0 3 316 36 3 316 311 5 8 1 0 0 1 0 2 0 0 0 3 1 4 0.1111 12 4 0.0380 0.0127 1 0 8 0 0.6667 0 1 0 0 0 0 0 1 0 0 0 0 2 2 4 3 7 3 6 4 7 9 11 1 
0 3 316 36 3 316 311 5 8 1 0 0 1 0 0 0 0 0 1 2 3 0.0833 28 19 0.0886 0.0601 1 1 25 16 0.8929 0.8421 1 0 0 0 0 0 1 0 0 0 0 0 2 2 4 2 4 2 4 5 6 5 1 
0 3 316 36 3 316 311 5 8 0 1 0 1 0 0 0 0 0 2 1 14 0.3889 19 22 0.0601 0.0696 1 1 5 8 0.2632 0.3636 1 0 0 0 0 0 1 0 0 0 0 0 1 1 1 4 3 9 3 5 7 9 1 
1 3 317 36 3 316 311 5 8 1 0 0 1 0 2 2 2 2 1 3 24 0.6667 26 12 0.0823 0.0380 1 0 2 -12.0000 0.0769 -1.0000 1 0 0 0 0 0 2 0 0 0 0 0 2 2 4 7 4 10 3 4 7 10 1 
0 3 316 36 3 316 311 5 8 0 1 0 0 1 1 1 0 1 1 2 10 0.2778 11 17 0.0348 0.0538 1 1 1 7 0.0909 0.4118 1 0 0 0 0 0 1 0 0 0 0 0 1 0 1 0 1 1 3 3 3 5 1 

0 4 317 36 4 317 312 5 8 1 0 1 0 0 0 2 2 2 1 3 12 0.3333 18 12 0.0568 0.0379 1 0 6 0 0.3333 0 1 0 0 0 0 0 2 0 0 0 0 0 2 2 3 2 3 3 3 4 7 10 1 
0 4 317 36 4 317 312 5 8 0 1 1 0 0 1 1 1 0 2 2 9 0.2500 12 17 0.0379 0.0536 1 1 3 8 0.2500 0.4706 1 1 0 0 0 0 2 0 0 0 0 0 1 2 2 2 2 2 2 4 4 4 1 
1 4 318 36 4 317 312 5 8 1 0 1 0 0 1 1 1 1 1 2 22 0.6111 25 12 0.0789 0.0379 1 0 3 -10.0000 0.1200 -0.8333 1 0 0 0 0 0 1 0 1 1 0 1 2 2 4 4 5 7 3 4 6 10 1 
0 4 317 36 4 317 312 5 8 1 0 0 1 0 2 0 0 0 3 1 4 0.1111 12 4 0.0379 0.0126 1 0 8 0 0.6667 0 1 0 0 0 0 0 1 0 0 0 0 2 2 4 3 7 3 6 4 7 9 11 1 
0 4 317 36 4 317 312 5 8 1 0 0 1 0 0 0 0 0 1 2 3 0.0833 28 19 0.0883 0.0599 1 1 25 16 0.8929 0.8421 1 0 0 0 0 0 1 0 0 0 0 0 2 2 4 2 4 2 4 5 6 5 1 
0 4 317 36 4 317 312 5 8 0 1 0 1 0 0 0 0 0 2 1 14 0.3889 19 22 0.0599 0.0694 1 1 5 8 0.2632 0.3636 1 0 0 0 0 0 1 0 0 0 0 0 1 1 1 4 3 9 3 5 7 9 1 
0 4 317 36 4 317 312 5 8 1 0 0 1 0 2 2 2 2 1 3 24 0.6667 26 12 0.0820 0.0379 1 0 2 -12.0000 0.0769 -1.0000 1 0 0 0 0 0 2 0 0 0 0 0 2 2 4 7 4 10 3 4 7 10 1 
0 4 317 36 4 317 312 5 8 0 1 0 0 1 1 1 0 1 1 2 10 0.2778 11 17 0.0347 0.0536 1 1 1 7 0.0909 0.4118 1 0 0 0 0 0 1 0 0 0 0 0 1 0 1 0 1 1 3 3 3 5 1 

0 5 318 36 5 318 313 5 8 1 0 1 0 0 0 2 2 2 1 3 12 0.3333 18 12 0.0566 0.0377 1 0 6 0 0.3333 0 1 0 0 0 0 0 2 0 0 0 0 0 2 2 3 2 3 3 3 4 7 10 1 
0 5 318 36 5 318 313 5 8 0 1 1 0 0 2 1 1 0 2 2 9 0.2500 12 17 0.0377 0.0535 1 1 3 8 0.2500 0.4706 1 1 0 0 0 0 2 0 0 0 0 0 1 2 2 2 2 2 2 4 4 4 1 
0 5 318 36 5 318 313 5 8 1 0 0 1 0 2 0 0 0 3 1 4 0.1111 12 4 0.0377 0.0126 1 0 8 0 0.6667 0 1 0 0 0 0 0 1 0 0 0 0 2 2 4 3 7 3 6 4 7 9 11 1 
0 5 318 36 5 318 313 5 8 1 0 0 1 0 0 0 0 0 1 2 3 0.0833 28 19 0.0881 0.0597 1 1 25 16 0.8929 0.8421 1 0 0 0 0 0 1 0 0 0 0 0 2 2 4 2 4 2 4 5 6 5 1 
0 5 318 36 5 318 313 5 8 0 1 0 1 0 0 0 0 0 2 1 14 0.3889 19 22 0.0597 0.0692 1 1 5 8 0.2632 0.3636 1 0 0 0 0 0 1 0 0 0 0 0 1 1 1 4 1 12 3 5 7 9 1 
0 5 318 36 5 318 313 5 8 1 0 0 1 0 2 2 2 2 1 3 24 0.6667 26 12 0.0818 0.0377 1 0 2 -12.0000 0.0769 -1.0000 1 0 0 0 0 0 2 0 0 0 0 0 2 2 4 7 4 10 3 4 7 10 1 
1 5 319 36 5 318 313 5 8 1 0 0 1 0 2 2 2 2 1 2 23 0.6389 26 12 0.0818 0.0377 1 0 3 -11.0000 0.1154 -0.9167 1 0 0 0 0 0 1 0 1 1 0 1 2 2 4 4 5 7 3 4 6 10 1 
0 5 318 36 5 318 313 5 8 0 1 0 0 1 1 1 0 1 1 2 10 0.2778 11 17 0.0346 0.0535 1 1 1 7 0.0909 0.4118 1 0 0 0 0 0 1 0 0 0 0 0 1 0 1 0 1 1 3 3 3 5 1 

1 6 319 36 6 318 313 5 7 1 0 1 0 0 6 3 3 3 3 2 9 0.2500 13 8 0.0409 0.0252 1 0 4 -1.0000 0.3077 -0.1250 1 0 2 0 0 0 2 1 0 1 0 0 2 3 6 3 4 3 3 6 8 9 1 
0 6 318 36 6 318 313 5 7 1 0 1 0 0 4 6 4 4 1 3 21 0.5833 24 13 0.0755 0.0409 1 0 3 -8.0000 0.1250 -0.6154 1 0 0 0 0 0 1 0 1 2 0 0 2 2 4 3 6 6 3 4 6 10 1 
0 6 318 36 6 318 313 5 7 1 0 1 0 0 3 3 3 3 2 2 11 0.3056 19 8 0.0597 0.0252 1 0 8 -3.0000 0.4211 -0.3750 1 0 2 0 0 0 2 1 0 1 0 0 2 2 7 3 5 4 3 6 8 9 1 
0 6 318 36 6 318 313 5 7 1 0 1 0 0 3 6 1 1 2 3 10 0.2778 19 13 0.0597 0.0409 1 1 9 3 0.4737 0.2308 1 0 2 0 0 0 1 2 1 0 0 0 2 2 5 3 6 5 3 6 9 10 1 
0 6 318 36 6 318 313 5 7 1 0 0 1 0 0 0 0 0 1 2 3 0.0833 28 19 0.0881 0.0597 1 1 25 16 0.8929 0.8421 1 0 0 0 0 0 1 0 0 0 0 0 2 2 4 2 4 2 4 5 6 5 1 
0 6 318 36 6 318 313 5 7 0 1 0 1 0 0 0 0 0 2 1 14 0.3889 19 22 0.0597 0.0692 1 1 5 8 0.2632 0.3636 1 0 0 0 0 0 1 0 0 0 0 0 1 1 1 4 3 9 3 5 7 9 1 
0 6 318 36 6 318 313 5 7 1 0 0 1 0 4 2 4 4 1 1 24 0.6667 14 26 0.0440 0.0818 0 1 -10.0000 2 -0.7143 0.0769 1 0 0 0 0 0 1 0 0 0 0 0 2 2 4 7 4 10 3 4 7 10 1 

0 7 319 36 6 319 316 3 5 1 0 1 0 0 4 7 4 4 1 2 21 0.5833 24 13 0.0752 0.0408 1 0 3 -8.0000 0.1250 -0.6154 1 0 0 0 0 0 1 0 1 0 0 0 2 2 4 3 6 6 3 4 6 10 1 
1 7 320 36 6 319 316 3 5 0 1 1 0 0 7 3 4 1 2 1 10 0.2778 13 18 0.0408 0.0564 1 1 3 8 0.2308 0.4444 1 0 0 0 0 0 1 0 0 0 0 0 1 2 4 1 2 1 2 4 4 4 1 
0 7 319 36 6 319 316 3 5 1 0 0 1 0 0 0 0 0 1 2 3 0.0833 28 19 0.0878 0.0596 1 1 25 16 0.8929 0.8421 1 0 0 0 0 0 1 0 0 0 0 0 2 2 4 2 4 2 4 5 6 5 1 
0 7 319 36 6 319 316 3 5 0 1 0 1 0 0 0 0 0 2 1 14 0.3889 19 22 0.0596 0.0690 1 1 5 8 0.2632 0.3636 1 0 0 0 0 0 1 0 0 0 0 0 1 1 1 4 3 9 3 5 7 9 1 
0 7 319 36 6 319 316 3 5 1 0 0 1 0 4 2 4 4 1 1 24 0.6667 14 26 0.0439 0.0815 0 1 -10.0000 2 -0.7143 0.0769 1 0 0 0 0 0 1 0 0 0 0 0 2 2 4 7 4 10 3 4 7 10 1 

0 8 319 36 10 319 318 1 4 1 0 0 1 0 0 0 0 0 1 2 3 0.0833 28 19 0.0878 0.0596 1 1 25 16 0.8929 0.8421 1 0 0 0 0 0 1 0 0 0 0 0 2 2 4 2 4 2 4 5 6 5 1 
0 8 319 36 10 319 318 1 4 0 1 0 1 0 0 0 0 0 2 1 14 0.3889 19 22 0.0596 0.0690 1 1 5 8 0.2632 0.3636 1 0 0 0 0 0 1 0 0 0 0 0 1 1 1 4 1 14 3 5 7 9 1 
0 8 319 36 10 319 318 1 4 1 0 0 1 0 4 2 4 4 1 1 24 0.6667 14 26 0.0439 0.0815 0 1 -10.0000 2 -0.7143 0.0769 1 0 0 0 0 0 1 0 0 0 0 0 2 2 4 7 4 10 3 4 7 10 1 
1 8 320 36 10 319 318 1 4 1 0 0 1 0 5 9 5 5 1 1 23 0.6389 26 12 0.0815 0.0376 1 0 3 -11.0000 0.1154 -0.9167 1 0 0 0 0 0 1 0 0 0 0 0 2 2 4 4 5 7 3 4 6 10 1 

0 9 319 36 11 319 318 1 5 1 0 0 1 0 0 0 0 0 1 2 3 0.0833 28 19 0.0878 0.0596 1 1 25 16 0.8929 0.8421 1 0 0 0 0 0 1 0 0 0 0 0 2 2 4 2 4 2 4 5 6 5 1 
0 9 319 36 11 319 318 1 5 0 1 0 1 0 0 0 0 0 2 1 14 0.3889 19 22 0.0596 0.0690 1 1 5 8 0.2632 0.3636 1 0 0 0 0 0 1 0 0 0 0 0 1 1 1 4 1 12 3 5 7 9 1 
0 9 319 36 11 319 318 1 5 1 0 0 1 0 4 2 4 4 1 1 24 0.6667 14 26 0.0439 0.0815 0 1 -10.0000 2 -0.7143 0.0769 1 0 0 0 0 0 1 0 0 0 0 0 2 2 4 7 4 10 3 4 7 10 1 
0 9 319 36 11 319 318 1 5 1 0 0 1 0 8 8 8.5000 8.5000 1 1 13 0.3611 21 8 0.0658 0.0251 1 0 8 -5.0000 0.3810 -0.6250 1 0 0 0 0 0 1 0 0 1 0 0 2 2 4 4 4 7 3 6 8 9 1 
1 9 320 36 11 319 318 1 5 1 0 0 1 0 8 12 8 8 1 1 23 0.6389 26 14 0.0815 0.0439 1 0 3 -9.0000 0.1154 -0.6429 1 0 0 0 0 0 1 0 0 1 0 0 2 2 4 4 5 7 3 4 6 10 1 

1 10 320 36 8 319 317 2 5 1 0 1 0 0 9 13 9 9 1 2 22 0.6111 25 13 0.0784 0.0408 1 0 3 -9.0000 0.1200 -0.6923 1 0 0 0 0 0 1 0 1 0 0 0 2 2 4 4 5 7 3 4 6 10 1 
1 10 320 36 8 319 317 2 5 0 1 1 0 0 13 9 9.5000 1.5000 2 1 10 0.2778 13 18 0.0408 0.0564 1 1 3 8 0.2308 0.4444 1 0 0 0 0 0 1 0 0 0 0 0 1 2 2 4 2 1 2 4 4 4 1 
0 10 319 36 8 319 317 2 5 1 0 0 1 0 0 0 0 0 1 2 3 0.0833 28 19 0.0878 0.0596 1 1 25 16 0.8929 0.8421 1 0 0 0 0 0 1 0 0 0 0 0 2 2 4 2 4 2 4 5 6 5 1 
0 10 319 36 8 319 317 2 5 0 1 0 1 0 0 0 0 0 2 1 14 0.3889 19 22 0.0596 0.0690 1 1 5 8 0.2632 0.3636 1 0 0 0 0 0 1 0 0 0 0 0 1 1 1 4 3 9 3 5 7 9 1 
0 10 319 36 8 319 317 2 5 1 0 0 1 0 4 2 4 4 1 1 24 0.6667 14 26 0.0439 0.0815 0 1 -10.0000 2 -0.7143 0.0769 1 0 0 0 0 0 1 0 0 0 0 0 2 2 4 7 4 10 3 4 7 10 1 

0 11 320 36 9 320 318 2 5 0 1 1 0 0 14 9 9.5000 1.5000 2 1 10 0.2778 13 18 0.0406 0.0563 1 1 3 8 0.2308 0.4444 1 0 0 0 0 0 1 0 0 0 0 0 1 2 2 4 2 1 2 4 4 4 1 
0 11 320 36 9 320 318 2 5 1 0 0 1 0 0 0 0 0 1 2 3 0.0833 28 19 0.0875 0.0594 1 1 25 16 0.8929 0.8421 1 0 0 0 0 0 1 0 0 0 0 0 2 2 4 2 4 2 4 5 6 5 1 
0 11 320 36 9 320 318 2 5 0 1 0 1 0 0 0 0 0 2 1 14 0.3889 19 22 0.0594 0.0688 1 1 5 8 0.2632 0.3636 1 0 0 0 0 0 1 0 0 0 0 0 1 1 1 4 1 12 3 5 7 9 1 
0 11 320 36 9 320 318 2 5 1 0 0 1 0 4 2 4 4 1 1 24 0.6667 14 26 0.0437 0.0813 0 1 -10.0000 2 -0.7143 0.0769 1 0 0 0 0 0 1 0 0 0 0 0 2 2 4 7 4 10 3 4 7 10 1 
1 11 321 36 9 320 318 2 5 1 0 0 1 0 10 14 10 10 1 2 23 0.6389 26 13 0.0813 0.0406 1 0 3 -10.0000 0.1154 -0.7692 1 0 0 0 0 0 1 0 1 0 0 0 2 2 4 4 5 7 3 4 6 10 1 

1 12 320 36 9 319 317 2 6 1 0 1 0 0 10 15 2 2 2 2 9 0.2500 18 12 0.0564 0.0376 1 1 9 3 0.5000 0.2500 1 0 1 0 0 0 1 1 1 0 0 0 2 1 5 2 5 4 3 6 9 10 1 
1 12 320 36 9 319 317 2 6 1 0 1 0 0 10 10 11 11 2 1 10 0.2778 18 11 0.0564 0.0345 1 1 8 1 0.4444 0.0909 1 0 1 0 0 0 1 1 0 1 0 0 2 1 7 2 5 3 3 6 8 9 1 
0 12 319 36 9 319 317 2 6 1 0 0 1 0 0 0 0 0 1 2 3 0.0833 28 19 0.0878 0.0596 1 1 25 16 0.8929 0.8421 1 0 0 0 0 0 1 0 0 0 0 0 2 2 4 2 4 2 4 5 6 5 1 
0 12 319 36 9 319 317 2 6 0 1 0 1 0 0 0 0 0 2 1 14 0.3889 19 22 0.0596 0.0690 1 1 5 8 0.2632 0.3636 1 0 0 0 0 0 1 0 0 0 0 0 1 1 1 4 1 9 3 5 7 9 1 
0 12 319 36 9 319 317 2 6 1 0 0 1 0 5 2 5 5 1 1 24 0.6667 14 26 0.0439 0.0815 0 1 -10.0000 2 -0.7143 0.0769 1 0 0 0 0 0 1 0 0 0 0 0 2 2 4 7 4 10 3 4 7 10 1 
1 12 320 36 9 319 317 2 6 1 0 0 1 0 11 15 10 10 1 2 24 0.6667 27 12 0.0846 0.0376 1 0 3 -12.0000 0.1111 -1.0000 1 0 0 0 0 0 1 0 1 1 0 0 2 2 4 4 5 7 3 4 6 10 1 

1 13 321 36 10 320 318 2 6 1 0 1 0 0 11 10 11 11 2 1 10 0.2778 18 11 0.0563 0.0344 1 1 8 1 0.4444 0.0909 2 0 0 0 0 0 2 0 0 1 0 0 2 3 5 3 4 3 3 6 8 9 1 
0 13 320 36 10 320 318 2 6 0 1 1 0 0 16 11 11 3 2 2 10 0.2778 13 18 0.0406 0.0563 1 1 3 8 0.2308 0.4444 2 0 0 0 0 0 2 0 0 0 0 0 2 1 3 1 3 1 2 4 4 4 1 
0 13 320 36 10 320 318 2 6 1 0 0 1 0 0 0 0 0 1 2 3 0.0833 28 19 0.0875 0.0594 1 1 25 16 0.8929 0.8421 1 0 0 0 0 0 1 0 0 0 0 0 2 2 4 2 4 2 4 5 6 5 1 
0 13 320 36 10 320 318 2 6 0 1 0 1 0 0 0 0 0 2 1 14 0.3889 19 22 0.0594 0.0688 1 1 5 8 0.2632 0.3636 1 0 0 0 0 0 1 0 0 0 0 0 1 1 1 4 1 9 3 5 7 9 1 
0 13 320 36 10 320 318 2 6 1 0 0 1 0 5 2 5 5 1 1 24 0.6667 14 26 0.0437 0.0813 0 1 -10.0000 2 -0.7143 0.0769 1 0 0 0 0 0 1 0 0 0 0 0 2 2 4 7 4 10 3 4 7 10 1 
1 13 321 36 10 320 318 2 6 1 0 0 1 0 11 16 10 10 1 2 24 0.6667 27 13 0.0844 0.0406 1 0 3 -11.0000 0.1111 -0.8462 1 0 0 0 0 0 1 0 1 1 0 0 2 2 4 4 5 7 3 4 6 10 1 

0 14 319 36 9 319 317 2 6 1 0 1 0 0 16 11 12 12 2 2 9 0.2500 13 17 0.0408 0.0533 1 1 4 8 0.3077 0.4706 1 1 0 0 0 0 2 0 0 1 0 0 2 3 4 3 4 3 3 6 8 9 1 
0 14 319 36 9 319 317 2 6 1 0 0 1 0 0 0 0 0 1 2 3 0.0833 28 19 0.0878 0.0596 1 1 25 16 0.8929 0.8421 1 0 0 0 0 0 1 0 0 0 0 0 2 2 4 2 4 2 4 5 6 5 1 
0 14 319 36 9 319 317 2 6 0 1 0 1 0 0 0 0 0 2 1 14 0.3889 19 22 0.0596 0.0690 1 1 5 8 0.2632 0.3636 1 0 0 0 0 0 1 0 0 0 0 0 1 1 1 4 1 9 3 5 7 9 1 
0 14 319 36 9 319 317 2 6 1 0 0 1 0 5 2 5 5 1 1 24 0.6667 14 26 0.0439 0.0815 0 1 -10.0000 2 -0.7143 0.0769 1 0 0 0 0 0 1 0 0 0 0 0 2 2 4 7 4 10 3 4 7 10 1 
1 14 320 36 9 319 317 2 6 1 0 0 1 0 12 16 10 10 1 2 24 0.6667 27 13 0.0846 0.0408 1 0 3 -11.0000 0.1111 -0.8462 1 0 0 0 0 0 1 0 0 2 0 0 2 2 4 4 5 7 3 4 6 10 1 
0 14 319 36 9 319 317 2 6 0 1 0 0 1 11 11 0 12 1 2 10 0.2778 11 17 0.0345 0.0533 1 1 1 7 0.0909 0.4118 1 0 0 0 0 0 1 0 0 0 0 0 1 0 1 0 1 1 3 3 3 5 1 

0 15 320 36 9 320 319 1 4 1 0 0 1 0 0 0 0 0 1 2 3 0.0833 28 19 0.0875 0.0594 1 1 25 16 0.8929 0.8421 1 0 0 0 0 0 1 0 0 0 0 0 2 2 4 2 4 2 4 5 6 5 1 
0 15 320 36 9 320 319 1 4 0 1 0 1 0 0 0 0 0 2 1 14 0.3889 19 22 0.0594 0.0688 1 1 5 8 0.2632 0.3636 1 0 0 0 0 0 1 0 0 0 0 0 1 1 1 4 1 12 3 5 7 9 1 
0 15 320 36 9 320 319 1 4 1 0 0 1 0 5 2 5 5 1 1 24 0.6667 14 26 0.0437 0.0813 0 1 -10.0000 2 -0.7143 0.0769 1 0 0 0 0 0 1 0 0 0 0 0 2 2 4 7 4 10 3 4 7 10 1 
1 15 321 36 9 320 319 1 4 1 0 0 1 0 15 19 13 13 1 1 23 0.6389 26 14 0.0813 0.0437 1 0 3 -9.0000 0.1154 -0.6429 1 0 0 0 0 0 1 0 0 0 0 0 2 2 4 4 5 7 3 4 6 10 1 

0 16 320 36 9 320 319 1 4 1 0 0 1 0 0 0 0 0 1 2 3 0.0833 28 19 0.0875 0.0594 1 1 25 16 0.8929 0.8421 1 0 0 0 0 0 1 0 0 0 0 0 2 2 4 2 4 2 4 5 6 5 1 
0 16 320 36 9 320 319 1 4 0 1 0 1 0 0 0 0 0 2 1 14 0.3889 19 22 0.0594 0.0688 1 1 5 8 0.2632 0.3636 1 0 0 0 0 0 1 0 0 0 0 0 1 1 1 4 1 12 3 5 7 9 1 
0 16 320 36 9 320 319 1 4 1 0 0 1 0 5 2 5 5 1 1 24 0.6667 14 26 0.0437 0.0813 0 1 -10.0000 2 -0.7143 0.0769 1 0 0 0 0 0 1 0 0 0 0 0 2 2 4 7 4 10 3 4 7 10 1 
1 16 321 36 9 320 319 1 4 1 0 0 1 0 16 20 14 14 1 1 23 0.6389 26 12 0.0813 0.0375 1 0 3 -11.0000 0.1154 -0.9167 1 0 0 0 0 0 1 0 0 0 0 0 2 2 4 4 5 7 3 4 6 10 1 

0 17 320 36 12 320 319 1 4 1 0 0 1 0 0 0 0 0 1 2 3 0.0833 28 19 0.0875 0.0594 1 1 25 16 0.8929 0.8421 1 0 0 0 0 0 1 0 0 0 0 0 2 2 4 2 4 2 4 5 6 5 1 
0 17 320 36 12 320 319 1 4 0 1 0 1 0 0 0 0 0 2 1 14 0.3889 19 22 0.0594 0.0688 1 1 5 8 0.2632 0.3636 1 0 0 0 0 0 1 0 0 0 0 0 1 1 1 4 1 11 3 5 7 9 1 
0 17 320 36 12 320 319 1 4 1 0 0 1 0 5 2 5 5 1 1 24 0.6667 14 26 0.0437 0.0813 0 1 -10.0000 2 -0.7143 0.0769 1 0 0 0 0 0 1 0 0 0 0 0 2 2 4 7 4 10 3 4 7 10 1 
1 17 321 36 12 320 319 1 4 1 0 0 1 0 18 21 15 15 1 1 24 0.6667 27 12 0.0844 0.0375 1 0 3 -12.0000 0.1111 -1.0000 1 0 0 0 0 0 1 0 0 0 0 0 2 2 4 4 5 7 3 4 6 10 1 

0 18 320 36 13 320 319 1 5 1 0 0 1 0 0 0 0 0 1 2 3 0.0833 28 19 0.0875 0.0594 1 1 25 16 0.8929 0.8421 1 0 0 0 0 0 1 0 0 0 0 0 2 2 4 2 4 2 4 5 6 5 1 
0 18 320 36 13 320 319 1 5 0 1 0 1 0 0 0 0 0 2 1 14 0.3889 19 22 0.0594 0.0688 1 1 5 8 0.2632 0.3636 1 0 0 0 0 0 1 0 0 0 0 0 1 1 1 4 1 9 3 5 7 9 1 
0 18 320 36 13 320 319 1 5 1 0 0 1 0 5 2 5 5 1 1 24 0.6667 14 26 0.0437 0.0813 0 1 -10.0000 2 -0.7143 0.0769 1 0 0 0 0 0 1 0 0 0 0 0 2 2 4 7 4 10 3 4 7 10 1 
0 18 320 36 13 320 319 1 5 1 0 0 1 0 11 13 14 14 1 1 13 0.3611 21 8 0.0656 0.0250 1 0 8 -5.0000 0.3810 -0.6250 1 0 0 0 0 0 1 0 0 1 0 0 2 2 4 4 4 7 3 6 8 9 1 
1 18 321 36 13 320 319 1 5 1 0 0 1 0 21 23 17 17 1 1 24 0.6667 27 14 0.0844 0.0437 1 0 3 -10.0000 0.1111 -0.7143 1 0 0 0 0 0 1 0 0 1 0 0 2 2 4 4 5 7 3 4 6 10 1 

1 19 321 36 13 320 320 0 3 0 1 0 1 0 1 0 0 0 1 1 14 0.3889 19 22 0.0594 0.0688 1 1 5 8 0.2632 0.3636 1 0 0 0 0 0 1 0 0 0 0 0 1 0 3 2 4 7 3 5 7 9 1 
0 19 320 36 13 320 320 0 3 1 0 0 1 0 5 2 5 5 1 1 24 0.6667 14 26 0.0437 0.0813 0 1 -10.0000 2 -0.7143 0.0769 1 0 0 0 0 0 1 0 0 0 0 0 2 2 4 7 4 10 3 4 7 10 1 
0 19 320 36 13 320 320 0 3 0 1 0 0 1 14 12 0 16 1 1 10 0.2778 11 17 0.0344 0.0531 1 1 1 7 0.0909 0.4118 1 0 0 0 0 0 1 0 0 0 0 0 1 0 1 0 1 1 3 3 3 5 1 

0 20 321 36 11 321 319 2 5 0 1 1 0 0 25 13 17 3 2 1 10 0.2778 13 18 0.0405 0.0561 1 1 3 8 0.2308 0.4444 1 0 0 0 0 0 1 0 0 0 0 0 1 2 2 4 2 1 2 4 4 4 1 
0 20 321 36 11 321 319 2 5 1 0 0 1 0 1 3 1 1 1 2 3 0.0833 28 19 0.0872 0.0592 1 1 25 16 0.8929 0.8421 1 0 0 0 0 0 1 0 0 0 0 0 2 2 4 2 4 2 4 5 6 5 1 
0 20 321 36 11 321 319 2 5 0 1 0 1 0 3 2 1 1 2 1 14 0.3889 19 22 0.0592 0.0685 1 1 5 8 0.2632 0.3636 1 0 0 0 0 0 1 0 0 0 0 0 1 1 1 4 1 9 3 5 7 9 1 
0 20 321 36 11 321 319 2 5 1 0 0 1 0 6 3 6 6 1 1 24 0.6667 14 26 0.0436 0.0810 0 1 -10.0000 2 -0.7143 0.0769 1 0 0 0 0 0 1 0 0 0 0 0 2 2 4 7 4 10 3 4 7 10 1 
1 20 322 36 11 321 319 2 5 1 0 0 1 0 23 25 18 18 1 2 24 0.6667 27 13 0.0841 0.0405 1 0 3 -11.0000 0.1111 -0.8462 1 0 0 0 0 0 1 0 1 0 0 0 2 2 4 4 5 7 3 4 6 10 1 

1 21 321 36 6 320 312 8 9 1 0 1 0 0 28 17 19 19 3 2 9 0.2500 13 8 0.0406 0.0250 1 0 4 -1.0000 0.3077 -0.1250 1 0 2 0 0 0 2 1 0 1 0 0 2 3 6 3 4 3 3 6 8 9 1 
0 21 320 36 6 320 312 8 9 1 0 1 0 0 24 28 19 19 1 3 21 0.5833 24 13 0.0750 0.0406 1 0 3 -8.0000 0.1250 -0.6154 1 0 0 0 0 0 1 0 1 2 0 1 2 2 4 3 6 6 3 4 6 10 1 
0 21 320 36 6 320 312 8 9 1 0 1 0 0 3 6 6 6 1 3 13 0.3611 19 12 0.0594 0.0375 1 0 6 -1.0000 0.3158 -0.0833 1 0 0 0 0 0 2 0 0 0 0 0 2 2 4 2 3 3 3 4 7 10 1 
0 21 320 36 6 320 312 8 9 1 0 1 0 0 15 17 19 19 2 2 11 0.3056 19 8 0.0594 0.0250 1 0 8 -3.0000 0.4211 -0.3750 1 0 2 0 0 0 2 1 0 1 0 0 2 2 7 3 5 4 3 6 8 9 1 
0 21 320 36 6 320 312 8 9 1 0 1 0 0 15 28 4 4 2 3 10 0.2778 19 13 0.0594 0.0406 1 1 9 3 0.4737 0.2308 1 0 2 0 0 0 1 2 1 0 0 1 2 2 5 3 6 5 3 6 9 10 1 
0 21 320 36 6 320 312 8 9 1 0 0 1 0 6 0 0 0 3 1 4 0.1111 12 4 0.0375 0.0125 1 0 8 0 0.6667 0 1 0 0 0 0 0 1 0 0 0 0 2 2 3 6 4 5 6 4 7 9 11 1 
0 21 320 36 6 320 312 8 9 1 0 0 1 0 1 3 1 1 1 2 3 0.0833 28 19 0.0875 0.0594 1 1 25 16 0.8929 0.8421 1 0 0 0 0 0 1 0 0 0 0 0 2 2 4 2 4 2 4 5 6 5 1 
0 21 320 36 6 320 312 8 9 0 1 0 1 0 3 2 1 1 2 1 14 0.3889 19 22 0.0594 0.0688 1 1 5 8 0.2632 0.3636 1 0 0 0 0 0 1 0 0 0 0 0 1 1 1 4 3 9 3 5 7 9 1 
0 21 320 36 6 320 312 8 9 1 0 0 1 0 3 6 6 6 1 3 24 0.6667 26 12 0.0813 0.0375 1 0 2 -12.0000 0.0769 -1.0000 1 0 0 0 0 0 2 0 0 0 0 0 2 2 4 7 4 10 3 4 7 10 1 

1 22 322 36 16 321 321 0 2 1 0 0 1 0 4 6 6 6 1 1 25 0.6944 27 14 0.0841 0.0436 1 0 2 -11.0000 0.0741 -0.7857 1 0 0 0 0 0 1 0 0 0 0 0 2 2 4 4 8 9 3 4 7 10 1 
0 22 321 36 16 321 321 0 2 0 1 0 0 1 18 16 0 21 1 1 10 0.2778 11 17 0.0343 0.0530 1 1 1 7 0.0909 0.4118 1 0 0 0 0 0 1 0 0 0 0 0 1 0 1 0 1 1 3 3 3 5 1 

1 23 322 36 15 321 321 0 2 0 1 0 1 0 5 2 1 1 1 1 14 0.3889 19 22 0.0592 0.0685 1 1 5 8 0.2632 0.3636 1 0 0 0 0 0 1 0 0 0 0 0 1 0 3 2 4 9 3 5 7 9 1 
0 23 321 36 15 321 321 0 2 1 0 0 1 0 7 5 7 7 1 1 24 0.6667 14 26 0.0436 0.0810 0 1 -10.0000 2 -0.7143 0.0769 1 0 0 0 0 0 1 0 0 0 0 0 2 2 4 7 4 10 3 4 7 10 1 

0 24 321 36 11 321 320 1 4 1 0 0 1 0 2 7 2 2 1 2 3 0.0833 28 19 0.0872 0.0592 1 1 25 16 0.8929 0.8421 1 0 0 0 0 0 1 0 0 0 0 0 2 2 4 2 4 2 4 5 6 5 1 
0 24 321 36 11 321 320 1 4 0 1 0 1 0 7 4 2 2 2 1 14 0.3889 19 22 0.0592 0.0685 1 1 5 8 0.2632 0.3636 1 0 0 0 0 0 1 0 0 0 0 0 1 1 1 4 1 9 3 5 7 9 1 
0 24 321 36 11 321 320 1 4 1 0 0 1 0 8 6 8 8 1 1 24 0.6667 14 26 0.0436 0.0810 0 1 -10.0000 2 -0.7143 0.0769 1 0 0 0 0 0 1 0 0 0 0 0 2 2 4 7 4 10 3 4 7 10 1 
1 24 322 36 11 321 320 1 4 1 0 0 1 0 26 29 19 19 1 1 24 0.6667 27 14 0.0841 0.0436 1 0 3 -10.0000 0.1111 -0.7143 1 0 0 0 0 0 1 0 0 0 0 0 2 2 4 4 5 7 3 4 6 10 1 

0 25 321 36 11 321 320 1 4 1 0 0 1 0 2 7 2 2 1 2 3 0.0833 28 19 0.0872 0.0592 1 1 25 16 0.8929 0.8421 1 0 0 0 0 0 1 0 0 0 0 0 2 2 4 2 4 2 4 5 6 5 1 
0 25 321 36 11 321 320 1 4 0 1 0 1 0 7 4 2 2 2 1 14 0.3889 19 22 0.0592 0.0685 1 1 5 8 0.2632 0.3636 1 0 0 0 0 0 1 0 0 0 0 0 1 1 1 4 1 9 3 5 7 9 1 
0 25 321 36 11 321 320 1 4 1 0 0 1 0 8 6 8 8 1 1 24 0.6667 14 26 0.0436 0.0810 0 1 -10.0000 2 -0.7143 0.0769 1 0 0 0 0 0 1 0 0 0 0 0 2 2 4 7 4 10 3 4 7 10 1 
1 25 322 36 11 321 320 1 4 1 0 0 1 0 28 30 20 20 1 1 24 0.6667 27 12 0.0841 0.0374 1 0 3 -12.0000 0.1111 -1.0000 1 0 0 0 0 0 1 0 0 0 0 0 2 2 4 4 5 7 3 4 6 10 1 

0 26 321 36 11 321 320 1 4 1 0 0 1 0 2 7 2 2 1 2 3 0.0833 28 19 0.0872 0.0592 1 1 25 16 0.8929 0.8421 1 0 0 0 0 0 1 0 0 0 0 0 2 2 4 2 4 2 4 5 6 5 1 
0 26 321 36 11 321 320 1 4 0 1 0 1 0 7 4 2 2 2 1 14 0.3889 19 22 0.0592 0.0685 1 1 5 8 0.2632 0.3636 1 0 0 0 0 0 1 0 0 0 0 0 1 1 1 4 1 9 3 5 7 9 1 
0 26 321 36 11 321 320 1 4 1 0 0 1 0 8 6 8 8 1 1 24 0.6667 14 26 0.0436 0.0810 0 1 -10.0000 2 -0.7143 0.0769 1 0 0 0 0 0 1 0 0 0 0 0 2 2 4 7 4 10 3 4 7 10 1 
1 26 322 36 11 321 320 1 4 1 0 0 1 0 30 32 22 22 1 1 24 0.6667 27 12 0.0841 0.0374 1 0 3 -12.0000 0.1111 -1.0000 1 0 0 0 0 0 1 0 0 0 0 0 2 2 4 4 5 7 3 4 6 10 1 

0 27 321 36 12 321 320 1 4 1 0 0 1 0 2 7 2 2 1 2 3 0.0833 28 19 0.0872 0.0592 1 1 25 16 0.8929 0.8421 1 0 0 0 0 0 1 0 0 0 0 0 2 2 4 2 4 2 4 5 6 5 1 
0 27 321 36 12 321 320 1 4 0 1 0 1 0 7 4 2 2 2 1 14 0.3889 19 22 0.0592 0.0685 1 1 5 8 0.2632 0.3636 1 0 0 0 0 0 1 0 0 0 0 0 1 1 1 4 1 11 3 5 7 9 1 
0 27 321 36 12 321 320 1 4 1 0 0 1 0 8 6 8 8 1 1 24 0.6667 14 26 0.0436 0.0810 0 1 -10.0000 2 -0.7143 0.0769 1 0 0 0 0 0 1 0 0 0 0 0 2 2 4 7 4 10 3 4 7 10 1 
1 27 322 36 12 321 320 1 4 1 0 0 1 0 31 33 23 23 1 1 24 0.6667 27 12 0.0841 0.0374 1 0 3 -12.0000 0.1111 -1.0000 1 0 0 0 0 0 1 0 0 0 0 0 2 2 4 4 5 7 3 4 6 10 1 

1 28 322 36 16 321 321 0 3 0 1 0 1 0 9 5 2 3 1 1 14 0.3889 19 22 0.0592 0.0685 1 1 5 8 0.2632 0.3636 1 0 0 0 0 0 1 0 0 0 0 0 1 0 3 2 4 7 3 5 7 9 1 
0 28 321 36 16 321 321 0 3 1 0 0 1 0 9 7 9 9 1 1 24 0.6667 14 26 0.0436 0.0810 0 1 -10.0000 2 -0.7143 0.0769 1 0 0 0 0 0 1 0 0 0 0 0 2 2 4 7 4 10 3 4 7 10 1 
0 28 321 36 16 321 321 0 3 1 0 0 1 0 18 24 27 27 1 1 13 0.3611 21 8 0.0654 0.0249 1 0 8 -5.0000 0.3810 -0.6250 1 0 0 0 0 0 1 0 0 0 0 0 2 2 4 4 4 7 3 6 8 9 1 

0 29 321 36 12 321 320 1 4 1 0 0 1 0 3 11 3 3 1 2 3 0.0833 28 19 0.0872 0.0592 1 1 25 16 0.8929 0.8421 1 0 0 0 0 0 1 0 0 0 0 0 2 2 4 2 4 2 4 5 6 5 1 
0 29 321 36 12 321 320 1 4 0 1 0 1 0 11 7 3 4 2 1 14 0.3889 19 22 0.0592 0.0685 1 1 5 8 0.2632 0.3636 1 0 0 0 0 0 1 0 0 0 0 0 1 1 1 4 1 9 3 5 7 9 1 
0 29 321 36 12 321 320 1 4 1 0 0 1 0 10 8 10 10 1 1 24 0.6667 14 26 0.0436 0.0810 0 1 -10.0000 2 -0.7143 0.0769 1 0 0 0 0 0 1 0 0 0 0 0 2 2 4 7 4 10 3 4 7 10 1 
1 29 322 36 12 321 320 1 4 1 0 0 1 0 34 35 24 24 1 1 24 0.6667 27 14 0.0841 0.0436 1 0 3 -10.0000 0.1111 -0.7143 1 0 0 0 0 0 1 0 0 0 0 0 2 2 4 4 5 7 3 4 6 10 1 

1 30 322 36 13 321 321 0 4 0 1 0 1 0 12 7 3 4 1 1 14 0.3889 19 22 0.0592 0.0685 1 1 5 8 0.2632 0.3636 1 0 0 0 0 0 1 0 0 0 0 0 1 0 3 2 2 10 3 5 7 9 1 
0 30 321 36 13 321 321 0 4 1 0 0 1 0 11 9 11 11 1 1 24 0.6667 14 26 0.0436 0.0810 0 1 -10.0000 2 -0.7143 0.0769 1 0 0 0 0 0 1 0 0 0 0 0 2 2 4 7 4 10 3 4 7 10 1 
0 30 321 36 13 321 321 0 4 1 0 0 1 0 36 35 25 25 1 1 23 0.6389 14 26 0.0436 0.0810 0 1 -9.0000 3 -0.6429 0.1154 1 0 0 0 0 0 1 0 0 1 0 0 2 2 4 4 5 7 3 4 6 10 1 
0 30 321 36 13 321 321 0 4 1 0 0 1 0 21 27 30.5000 30.5000 1 1 13 0.3611 21 10 0.0654 0.0312 1 0 8 -3.0000 0.3810 -0.3000 1 0 0 0 0 0 1 0 0 1 0 0 2 2 4 4 4 6 3 6 8 9 1 

0 31 321 36 11 321 320 1 4 1 0 0 1 0 4 14 4 4 1 2 3 0.0833 28 19 0.0872 0.0592 1 1 25 16 0.8929 0.8421 1 0 0 0 0 0 1 0 0 0 0 0 2 2 4 2 4 2 4 5 6 5 1 
0 31 321 36 11 321 320 1 4 0 1 0 1 0 14 9 4 5 2 1 14 0.3889 19 22 0.0592 0.0685 1 1 5 8 0.2632 0.3636 1 0 0 0 0 0 1 0 0 0 0 0 1 1 1 4 1 14 3 5 7 9 1 
0 31 321 36 11 321 320 1 4 1 0 0 1 0 12 10 12 12 1 1 24 0.6667 14 26 0.0436 0.0810 0 1 -10.0000 2 -0.7143 0.0769 1 0 0 0 0 0 1 0 0 0 0 0 2 2 4 7 4 10 3 4 7 10 1 
1 31 322 36 11 321 320 1 4 1 0 0 1 0 38 41 28 28 1 1 23 0.6389 26 13 0.0810 0.0405 1 0 3 -10.0000 0.1154 -0.7692 1 0 0 0 0 0 1 0 0 0 0 0 2 2 4 4 5 7 3 4 6 10 1 

1 32 322 36 12 321 319 2 5 0 1 1 0 0 24 42 6.5000 32.5000 2 1 10 0.2778 18 13 0.0561 0.0405 1 1 8 3 0.4444 0.2308 1 0 0 0 0 0 1 0 0 0 0 0 1 0 1 0 1 2 2 4 5 6 1 
1 32 322 36 12 321 319 2 5 1 0 1 0 0 24 29 32.5000 32.5000 2 1 10 0.2778 18 11 0.0561 0.0343 1 1 8 1 0.4444 0.0909 2 0 0 0 0 0 2 0 0 0 0 0 2 3 5 3 4 3 3 6 8 9 1 
0 32 321 36 12 321 319 2 5 1 0 0 1 0 4 14 4 4 1 2 3 0.0833 28 19 0.0872 0.0592 1 1 25 16 0.8929 0.8421 1 0 0 0 0 0 1 0 0 0 0 0 2 2 4 2 4 2 4 5 6 5 1 
0 32 321 36 12 321 319 2 5 0 1 0 1 0 14 9 4 5 2 1 14 0.3889 19 22 0.0592 0.0685 1 1 5 8 0.2632 0.3636 1 0 0 0 0 0 1 0 0 0 0 0 1 1 1 4 3 9 3 5 7 9 1 
0 32 321 36 12 321 319 2 5 1 0 0 1 0 12 10 12 12 1 1 24 0.6667 14 26 0.0436 0.0810 0 1 -10.0000 2 -0.7143 0.0769 1 0 0 0 0 0 1 0 0 0 0 0 2 2 4 7 4 10 3 4 7 10 1 

0 33 321 36 12 321 320 1 4 1 0 0 1 0 4 14 4 4 1 2 3 0.0833 28 19 0.0872 0.0592 1 1 25 16 0.8929 0.8421 1 0 0 0 0 0 1 0 0 0 0 0 2 2 4 2 4 2 4 5 6 5 1 
0 33 321 36 12 321 320 1 4 0 1 0 1 0 14 9 4 5 2 1 14 0.3889 19 22 0.0592 0.0685 1 1 5 8 0.2632 0.3636 1 0 0 0 0 0 1 0 0 0 0 0 1 1 1 4 1 14 3 5 7 9 1 
0 33 321 36 12 321 320 1 4 1 0 0 1 0 12 10 12 12 1 1 24 0.6667 14 26 0.0436 0.0810 0 1 -10.0000 2 -0.7143 0.0769 1 0 0 0 0 0 1 0 0 0 0 0 2 2 4 7 4 10 3 4 7 10 1 
1 33 322 36 12 321 320 1 4 1 0 0 1 0 40 44 29 29 1 1 23 0.6389 26 13 0.0810 0.0405 1 0 3 -10.0000 0.1154 -0.7692 1 0 0 0 0 0 1 0 0 0 0 0 2 2 4 4 5 7 3 4 6 10 1 

0 34 321 36 8 321 315 6 7 1 0 1 0 0 3 12 12 12 1 3 13 0.3611 19 12 0.0592 0.0374 1 0 6 -1.0000 0.3158 -0.0833 1 0 0 0 0 0 2 0 0 0 0 0 2 2 4 2 3 3 3 4 7 10 1 
0 34 321 36 8 321 315 6 7 1 0 1 0 0 27 30 34 34 1 1 11 0.3056 19 10 0.0592 0.0312 1 0 8 -1.0000 0.4211 -0.1000 1 0 0 0 0 0 1 0 0 1 0 0 2 2 4 5 6 4 3 6 8 9 1 
0 34 321 36 8 321 315 6 7 1 0 0 1 0 12 0 0 0 3 1 4 0.1111 12 4 0.0374 0.0125 1 0 8 0 0.6667 0 1 0 0 0 0 0 1 0 0 0 0 1 2 3 6 4 5 6 4 7 9 11 1 
0 34 321 36 8 321 315 6 7 1 0 0 1 0 4 14 4 4 1 2 3 0.0833 28 19 0.0872 0.0592 1 1 25 16 0.8929 0.8421 1 0 0 0 0 0 1 0 0 0 0 0 2 2 4 2 4 2 4 5 6 5 1 
0 34 321 36 8 321 315 6 7 0 1 0 1 0 14 9 4 5 2 1 14 0.3889 19 22 0.0592 0.0685 1 1 5 8 0.2632 0.3636 1 0 0 0 0 0 1 0 0 0 0 0 1 1 1 4 1 12 3 5 7 9 1 
1 34 322 36 8 321 315 6 7 1 0 0 1 0 10 12 12 12 1 3 24 0.6667 26 12 0.0810 0.0374 1 0 2 -12.0000 0.0769 -1.0000 1 0 0 0 0 0 2 0 0 0 0 0 2 2 4 7 4 10 3 4 7 10 1 
0 34 321 36 8 321 315 6 7 1 0 0 1 0 42 46 31 31 1 1 23 0.6389 26 12 0.0810 0.0374 1 0 3 -11.0000 0.1154 -0.9167 1 0 0 0 0 0 1 0 0 1 0 1 2 2 4 4 5 7 3 4 6 10 1 

0 35 321 36 12 321 320 1 5 1 0 0 1 0 4 14 4 4 1 2 3 0.0833 28 19 0.0872 0.0592 1 1 25 16 0.8929 0.8421 1 0 0 0 0 0 1 0 0 0 0 0 2 2 4 2 4 2 4 5 6 5 1 
0 35 321 36 12 321 320 1 5 0 1 0 1 0 14 9 4 5 2 1 14 0.3889 19 22 0.0592 0.0685 1 1 5 8 0.2632 0.3636 1 0 0 0 0 0 1 0 0 0 0 0 1 1 1 4 1 12 3 5 7 9 1 
0 35 321 36 12 321 320 1 5 1 0 0 1 0 14 11 14 14 1 1 24 0.6667 15 26 0.0467 0.0810 0 1 -9.0000 2 -0.6000 0.0769 1 0 0 0 0 0 1 0 0 0 0 0 2 2 4 7 4 10 3 4 7 10 1 
0 35 321 36 12 321 320 1 5 1 0 0 1 0 29 32 36 36 1 1 13 0.3611 21 8 0.0654 0.0249 1 0 8 -5.0000 0.3810 -0.6250 1 0 0 0 0 0 1 0 0 1 0 0 2 2 4 4 4 7 3 6 8 9 1 
1 35 322 36 12 321 320 1 5 1 0 0 1 0 44 48 33 33 1 1 23 0.6389 26 14 0.0810 0.0436 1 0 3 -9.0000 0.1154 -0.6429 1 0 0 0 0 0 1 0 0 1 0 0 2 2 4 4 5 7 3 4 6 10 1 

0 36 321 36 6 321 315 6 7 1 0 1 0 0 45 49 34 34 1 2 21 0.5833 24 13 0.0748 0.0405 1 0 3 -8.0000 0.1250 -0.6154 1 0 0 0 0 0 1 0 1 0 0 1 2 2 4 3 6 6 3 4 6 10 1 
1 36 322 36 6 321 315 6 7 0 1 1 0 0 49 29 36 8 2 1 10 0.2778 13 18 0.0405 0.0561 1 1 3 8 0.2308 0.4444 1 0 0 0 0 0 1 0 0 0 0 0 1 2 4 1 2 1 2 4 4 4 1 
0 36 321 36 6 321 315 6 7 1 0 1 0 0 4 14 14 14 1 3 13 0.3611 19 12 0.0592 0.0374 1 0 6 -1.0000 0.3158 -0.0833 1 0 0 0 0 0 2 0 0 0 0 0 2 2 4 2 3 3 3 4 7 10 1 
0 36 321 36 6 321 315 6 7 1 0 0 1 0 14 0 0 0 3 1 4 0.1111 12 4 0.0374 0.0125 1 0 8 0 0.6667 0 1 0 0 0 0 0 1 0 0 0 0 2 2 4 3 7 3 6 4 7 9 11 1 
0 36 321 36 6 321 315 6 7 1 0 0 1 0 4 14 4 4 1 2 3 0.0833 28 19 0.0872 0.0592 1 1 25 16 0.8929 0.8421 1 0 0 0 0 0 1 0 0 0 0 0 2 2 4 2 4 2 4 5 6 5 1 
0 36 321 36 6 321 315 6 7 0 1 0 1 0 14 9 4 5 2 1 14 0.3889 19 22 0.0592 0.0685 1 1 5 8 0.2632 0.3636 1 0 0 0 0 0 1 0 0 0 0 0 1 1 1 4 3 9 3 5 7 9 1 
1 36 322 36 6 321 315 6 7 1 0 0 1 0 11 14 14 14 1 3 24 0.6667 26 12 0.0810 0.0374 1 0 2 -12.0000 0.0769 -1.0000 1 0 0 0 0 0 2 0 0 0 0 0 2 2 4 7 4 10 3 4 7 10 1 

0 37 322 36 7 322 316 6 6 1 0 1 0 0 4 14 14 14 1 3 13 0.3611 19 12 0.0590 0.0373 1 0 6 -1.0000 0.3158 -0.0833 1 0 0 0 0 0 2 0 0 0 0 0 2 2 4 2 3 3 3 4 7 10 1 
0 37 322 36 7 322 316 6 6 1 0 1 0 0 50 45 34 34 1 1 21 0.5833 14 24 0.0435 0.0745 0 1 -7.0000 3 -0.5000 0.1250 1 0 0 0 0 0 1 0 0 0 0 1 2 2 4 3 6 6 3 4 6 10 1 
0 37 322 36 7 322 316 6 6 1 0 0 1 0 14 0 0 0 3 1 4 0.1111 12 4 0.0373 0.0124 1 0 8 0 0.6667 0 1 0 0 0 0 0 1 0 0 0 0 1 2 4 3 7 3 6 4 7 9 11 1 
0 37 322 36 7 322 316 6 6 1 0 0 1 0 4 14 4 4 1 2 3 0.0833 28 19 0.0870 0.0590 1 1 25 16 0.8929 0.8421 1 0 0 0 0 0 1 0 0 0 0 0 2 2 4 2 4 2 4 5 6 5 1 
0 37 322 36 7 322 316 6 6 0 1 0 1 0 14 9 4 5 2 1 14 0.3889 19 22 0.0590 0.0683 1 1 5 8 0.2632 0.3636 1 0 0 0 0 0 1 0 0 0 0 0 1 1 1 4 3 9 3 5 7 9 1 
1 37 323 36 7 322 316 6 6 1 0 0 1 0 11 14 14 14 1 3 24 0.6667 26 12 0.0807 0.0373 1 0 2 -12.0000 0.0769 -1.0000 1 0 0 0 0 0 2 0 0 0 0 0 2 2 4 7 4 10 3 4 7 10 1 

0 38 321 36 8 321 315 6 8 1 0 1 0 0 45 32 37 37 1 2 22 0.6111 26 11 0.0810 0.0343 1 0 4 -11.0000 0.1538 -1.0000 1 0 0 0 0 0 2 1 0 0 0 0 2 2 4 3 6 8 3 6 8 9 1 
0 38 321 36 8 321 315 6 8 1 0 1 0 0 4 14 14 14 1 3 13 0.3611 19 12 0.0592 0.0374 1 0 6 -1.0000 0.3158 -0.0833 1 0 0 0 0 0 2 0 0 0 0 0 2 2 4 2 3 3 3 4 7 10 1 
0 38 321 36 8 321 315 6 8 1 0 1 0 0 31 51 9 9 2 1 9 0.2500 18 12 0.0561 0.0374 1 1 9 3 0.5000 0.2500 1 0 1 0 0 0 1 2 0 0 0 1 2 1 5 2 5 4 3 6 9 10 1 
0 38 321 36 8 321 315 6 8 1 0 1 0 0 31 32 37 37 2 2 10 0.2778 18 11 0.0561 0.0343 1 1 8 1 0.4444 0.0909 1 0 1 0 0 0 2 1 0 0 0 0 2 1 7 2 5 3 3 6 8 9 1 
0 38 321 36 8 321 315 6 8 1 0 0 1 0 14 0 0 0 3 1 4 0.1111 12 4 0.0374 0.0125 1 0 8 0 0.6667 0 1 0 0 0 0 0 1 0 0 0 0 1 2 4 3 7 3 6 4 7 9 11 1 
0 38 321 36 8 321 315 6 8 1 0 0 1 0 4 14 4 4 1 2 3 0.0833 28 19 0.0872 0.0592 1 1 25 16 0.8929 0.8421 1 0 0 0 0 0 1 0 0 0 0 0 2 2 4 2 4 2 4 5 6 5 1 
0 38 321 36 8 321 315 6 8 0 1 0 1 0 14 9 4 5 2 1 14 0.3889 19 22 0.0592 0.0685 1 1 5 8 0.2632 0.3636 1 0 0 0 0 0 1 0 0 0 0 0 1 1 3 4 3 9 3 5 7 9 1 
1 38 322 36 8 321 315 6 8 1 0 0 1 0 11 14 14 14 1 3 24 0.6667 26 12 0.0810 0.0374 1 0 2 -12.0000 0.0769 -1.0000 1 0 0 0 0 0 2 0 0 0 0 0 2 2 4 7 4 10 3 4 7 10 1 

0 39 321 36 8 321 315 6 8 1 0 1 0 0 45 32 37 37 1 2 22 0.6111 26 11 0.0810 0.0343 1 0 4 -11.0000 0.1538 -1.0000 1 0 0 0 0 0 3 0 0 0 0 0 2 2 4 3 6 8 3 6 8 9 1 
0 39 321 36 8 321 315 6 8 1 0 1 0 0 4 15 15 15 1 3 13 0.3611 19 12 0.0592 0.0374 1 0 6 -1.0000 0.3158 -0.0833 1 0 0 0 0 0 2 0 0 0 0 0 2 2 4 2 3 3 3 4 7 10 1 
0 39 321 36 8 321 315 6 8 1 0 1 0 0 51 31 37 37 1 2 9 0.2500 13 17 0.0405 0.0530 1 1 4 8 0.3077 0.4706 1 1 0 0 0 0 3 0 0 0 0 0 2 3 4 3 4 3 3 6 8 9 1 
0 39 321 36 8 321 315 6 8 1 0 0 1 0 15 0 0 0 3 1 4 0.1111 12 4 0.0374 0.0125 1 0 8 0 0.6667 0 1 0 0 0 0 0 1 0 0 0 0 0 2 4 3 7 3 6 4 7 9 11 1 
0 39 321 36 8 321 315 6 8 1 0 0 1 0 4 14 4 4 1 2 3 0.0833 28 19 0.0872 0.0592 1 1 25 16 0.8929 0.8421 1 0 0 0 0 0 1 0 0 0 0 0 2 2 4 2 4 2 4 5 6 5 1 
0 39 321 36 8 321 315 6 8 0 1 0 1 0 14 9 4 5 2 1 14 0.3889 19 22 0.0592 0.0685 1 1 5 8 0.2632 0.3636 1 0 0 0 0 0 1 0 0 0 0 0 1 1 3 4 3 9 3 5 7 9 1 
1 39 322 36 8 321 315 6 8 1 0 0 1 0 12 15 15 15 1 3 24 0.6667 26 12 0.0810 0.0374 1 0 2 -12.0000 0.0769 -1.0000 1 0 0 0 0 0 2 0 0 0 0 0 2 2 4 7 4 10 3 4 7 10 1 
0 39 321 36 8 321 315 6 8 0 1 0 0 1 32 31 0 37 2 2 10 0.2778 11 17 0.0343 0.0530 1 1 1 7 0.0909 0.4118 1 0 0 0 0 0 1 0 0 0 0 0 1 0 1 0 1 1 3 3 3 5 1 

0 40 321 36 8 321 316 5 7 1 0 1 0 0 4 16 16 16 1 3 13 0.3611 19 12 0.0592 0.0374 1 0 6 -1.0000 0.3158 -0.0833 1 0 0 0 0 0 2 0 0 0 0 0 2 2 4 2 3 3 3 4 7 10 1 
1 40 322 36 8 321 316 5 7 1 0 1 0 0 45 51 34 34 1 2 22 0.6111 25 13 0.0779 0.0405 1 0 3 -9.0000 0.1200 -0.6923 1 0 0 0 0 0 1 0 1 0 0 1 2 2 4 4 5 7 3 4 6 10 1 
1 40 322 36 8 321 316 5 7 0 1 1 0 0 51 32 38 9 2 1 10 0.2778 13 18 0.0405 0.0561 1 1 3 8 0.2308 0.4444 1 0 0 0 0 0 1 0 0 0 0 0 1 2 2 4 2 1 2 4 4 4 1 
0 40 321 36 8 321 316 5 7 1 0 0 1 0 16 0 0 0 3 1 4 0.1111 12 4 0.0374 0.0125 1 0 8 0 0.6667 0 1 0 0 0 0 0 1 0 0 0 0 2 2 4 3 7 3 8 4 7 9 11 1 
0 40 321 36 8 321 316 5 7 1 0 0 1 0 4 14 4 4 1 2 3 0.0833 28 19 0.0872 0.0592 1 1 25 16 0.8929 0.8421 1 0 0 0 0 0 1 0 0 0 0 0 2 2 4 2 4 2 4 5 6 5 1 
0 40 321 36 8 321 316 5 7 0 1 0 1 0 14 9 4 5 2 1 14 0.3889 19 22 0.0592 0.0685 1 1 5 8 0.2632 0.3636 1 0 0 0 0 0 1 0 0 0 0 0 1 1 1 4 3 9 3 5 7 9 1 
1 40 322 36 8 321 316 5 7 1 0 0 1 0 13 16 16 16 1 3 24 0.6667 26 12 0.0810 0.0374 1 0 2 -12.0000 0.0769 -1.0000 1 0 0 0 0 0 2 0 0 0 0 0 2 2 4 7 4 10 3 4 7 10 1 

0 41 322 36 9 322 317 5 7 1 0 1 0 0 4 16 16 16 1 3 13 0.3611 19 12 0.0590 0.0373 1 0 6 -1.0000 0.3158 -0.0833 1 0 0 0 0 0 2 0 0 0 0 0 2 2 4 2 3 3 3 4 7 10 1 
0 41 322 36 9 322 317 5 7 0 1 1 0 0 52 32 38 9 2 1 10 0.2778 13 18 0.0404 0.0559 1 1 3 8 0.2308 0.4444 1 0 0 0 0 0 1 0 0 0 0 0 1 2 2 4 2 1 2 4 4 4 1 
0 41 322 36 9 322 317 5 7 1 0 0 1 0 16 0 0 0 3 1 4 0.1111 12 4 0.0373 0.0124 1 0 8 0 0.6667 0 1 0 0 0 0 0 1 0 0 0 0 2 2 4 3 7 3 8 4 7 9 11 1 
0 41 322 36 9 322 317 5 7 1 0 0 1 0 4 14 4 4 1 2 3 0.0833 28 19 0.0870 0.0590 1 1 25 16 0.8929 0.8421 1 0 0 0 0 0 1 0 0 0 0 0 2 2 4 2 4 2 4 5 6 5 1 
0 41 322 36 9 322 317 5 7 0 1 0 1 0 14 9 4 5 2 1 14 0.3889 19 22 0.0590 0.0683 1 1 5 8 0.2632 0.3636 1 0 0 0 0 0 1 0 0 0 0 0 1 1 1 4 1 12 3 5 7 9 1 
1 41 323 36 9 322 317 5 7 1 0 0 1 0 13 16 16 16 1 3 24 0.6667 26 12 0.0807 0.0373 1 0 2 -12.0000 0.0769 -1.0000 1 0 0 0 0 0 2 0 0 0 0 0 2 2 4 7 4 10 3 4 7 10 1 
1 41 323 36 9 322 317 5 7 1 0 0 1 0 46 52 35 35 1 2 23 0.6389 26 13 0.0807 0.0404 1 0 3 -10.0000 0.1154 -0.7692 1 0 0 0 0 0 1 0 1 0 0 1 2 2 4 4 5 7 3 4 6 10 1 

1 42 323 36 17 322 322 0 2 1 0 0 1 0 14 16 16 16 1 1 25 0.6944 27 14 0.0839 0.0435 1 0 2 -11.0000 0.0741 -0.7857 1 0 0 0 0 0 1 0 0 0 0 0 2 2 4 4 8 9 3 4 7 10 1 
0 42 322 36 17 322 322 0 2 0 1 0 0 1 33 33 0 39 1 1 10 0.2778 11 17 0.0342 0.0528 1 1 1 7 0.0909 0.4118 1 0 0 0 0 0 1 0 0 0 0 0 1 0 1 0 1 1 3 3 3 5 1 

0 43 322 36 19 322 322 0 2 1 0 0 1 0 34 35 41 41 1 1 13 0.3611 21 8 0.0652 0.0248 1 0 8 -5.0000 0.3810 -0.6250 1 0 0 0 0 0 1 0 0 0 0 0 2 2 4 4 4 7 3 6 8 9 1 
1 43 323 36 19 322 322 0 2 1 0 0 1 0 19 19 19 19 1 1 25 0.6944 27 14 0.0839 0.0435 1 0 2 -11.0000 0.0741 -0.7857 1 0 0 0 0 0 1 0 0 0 0 0 2 2 4 4 8 9 3 4 7 10 1 

0 44 322 36 13 322 321 1 4 1 0 0 1 0 4 17 4 4 1 2 3 0.0833 28 19 0.0870 0.0590 1 1 25 16 0.8929 0.8421 1 0 0 0 0 0 1 0 0 0 0 0 2 2 4 2 4 2 4 5 6 5 1 
0 44 322 36 13 322 321 1 4 0 1 0 1 0 17 10 4 6 2 1 14 0.3889 19 22 0.0590 0.0683 1 1 5 8 0.2632 0.3636 1 0 0 0 0 0 1 0 0 0 0 0 1 1 1 4 1 11 3 5 7 9 1 
0 44 322 36 13 322 321 1 4 1 0 0 1 0 20 20 20 20 1 1 24 0.6667 14 26 0.0435 0.0807 0 1 -10.0000 2 -0.7143 0.0769 1 0 0 0 0 0 1 0 0 0 0 0 2 2 4 7 4 10 3 4 7 10 1 
1 44 323 36 13 322 321 1 4 1 0 0 1 0 47 53 36 36 1 1 24 0.6667 27 13 0.0839 0.0404 1 0 3 -11.0000 0.1111 -0.8462 1 0 0 0 0 0 1 0 0 0 0 0 2 2 4 4 5 7 3 4 6 10 1 

1 45 323 36 15 322 322 0 2 0 1 0 1 0 18 10 4 6 1 1 14 0.3889 19 22 0.0590 0.0683 1 1 5 8 0.2632 0.3636 1 0 0 0 0 0 1 0 0 0 0 0 1 0 3 2 4 9 3 5 7 9 1 
0 45 322 36 15 322 322 0 2 1 0 0 1 0 20 20 20 20 1 1 24 0.6667 14 26 0.0435 0.0807 0 1 -10.0000 2 -0.7143 0.0769 1 0 0 0 0 0 1 0 0 0 0 0 2 2 4 7 4 10 3 4 7 10 1 

1 46 323 36 12 322 322 0 3 0 1 0 1 0 21 12 5 7 1 1 14 0.3889 19 22 0.0590 0.0683 1 1 5 8 0.2632 0.3636 1 0 0 0 0 0 1 0 0 0 0 0 1 0 3 2 2 10 3 5 7 9 1 
0 46 322 36 12 322 322 0 3 1 0 0 1 0 21 21 21 21 1 1 24 0.6667 14 26 0.0435 0.0807 0 1 -10.0000 2 -0.7143 0.0769 1 0 0 0 0 0 1 0 0 0 0 0 2 2 4 7 4 10 3 4 7 10 1 
0 46 322 36 12 322 322 0 3 1 0 0 1 0 54 49 37 37 1 1 23 0.6389 14 26 0.0435 0.0807 0 1 -9.0000 3 -0.6429 0.1154 1 0 0 0 0 0 1 0 0 0 0 0 2 2 4 4 5 7 3 4 6 10 1 

0 47 322 36 10 322 321 1 4 1 0 0 1 0 6 22 6 6 1 2 3 0.0833 28 19 0.0870 0.0590 1 1 25 16 0.8929 0.8421 1 0 0 0 0 0 1 0 0 0 0 0 2 2 4 2 4 2 4 5 6 5 1 
0 47 322 36 10 322 321 1 4 0 1 0 1 0 22 13 5.5000 7.5000 2 1 14 0.3889 19 22 0.0590 0.0683 1 1 5 8 0.2632 0.3636 1 0 0 0 0 0 1 0 0 0 0 0 1 1 1 4 1 12 3 5 7 9 1 
0 47 322 36 10 322 321 1 4 1 0 0 1 0 21 21 21 21 1 1 24 0.6667 14 26 0.0435 0.0807 0 1 -10.0000 2 -0.7143 0.0769 1 0 0 0 0 0 1 0 0 0 0 0 2 2 4 7 4 10 3 4 7 10 1 
1 47 323 36 10 322 321 1 4 1 0 0 1 0 51 56 39 39 1 1 23 0.6389 26 14 0.0807 0.0435 1 0 3 -9.0000 0.1154 -0.6429 1 0 0 0 0 0 1 0 0 0 0 0 2 2 4 4 5 7 3 4 6 10 1 

1 48 323 36 14 322 322 0 2 0 1 0 1 0 23 13 5.5000 7.5000 1 1 14 0.3889 19 22 0.0590 0.0683 1 1 5 8 0.2632 0.3636 1 0 0 0 0 0 1 0 0 0 0 0 1 0 3 2 4 7 3 5 7 9 1 
0 48 322 36 14 322 322 0 2 1 0 0 1 0 22 22 22 22 1 1 24 0.6667 14 26 0.0435 0.0807 0 1 -10.0000 2 -0.7143 0.0769 1 0 0 0 0 0 1 0 0 0 0 0 2 2 4 7 4 10 3 4 7 10 1 

1 49 323 36 14 322 322 0 2 0 1 0 1 0 26 15 6.5000 8.5000 1 1 14 0.3889 19 22 0.0590 0.0683 1 1 5 8 0.2632 0.3636 1 0 0 0 0 0 1 0 0 0 0 0 1 0 3 2 4 7 3 5 7 9 1 
0 49 322 36 14 322 322 0 2 1 0 0 1 0 23 23 23 23 1 1 24 0.6667 14 26 0.0435 0.0807 0 1 -10.0000 2 -0.7143 0.0769 1 0 0 0 0 0 1 0 0 0 0 0 2 2 4 7 4 10 3 4 7 10 1 

0 50 322 36 10 322 321 1 4 1 0 0 1 0 8 28 8 8 1 2 3 0.0833 28 19 0.0870 0.0590 1 1 25 16 0.8929 0.8421 1 0 0 0 0 0 1 0 0 0 0 0 2 2 4 2 4 2 4 5 6 5 1 
0 50 322 36 10 322 321 1 4 0 1 0 1 0 28 17 7.5000 9.5000 2 1 14 0.3889 19 22 0.0590 0.0683 1 1 5 8 0.2632 0.3636 1 0 0 0 0 0 1 0 0 0 0 0 1 1 1 4 1 12 3 5 7 9 1 
0 50 322 36 10 322 321 1 4 1 0 0 1 0 24 24 24 24 1 1 24 0.6667 14 26 0.0435 0.0807 0 1 -10.0000 2 -0.7143 0.0769 1 0 0 0 0 0 1 0 0 0 0 0 2 2 4 7 4 10 3 4 7 10 1 
1 50 323 36 10 322 321 1 4 1 0 0 1 0 54 57 40 40 1 1 23 0.6389 26 12 0.0807 0.0373 1 0 3 -11.0000 0.1154 -0.9167 1 0 0 0 0 0 1 0 0 0 0 0 2 2 4 4 5 7 3 4 6 10 1 

1 51 323 36 14 322 322 0 2 0 1 0 1 0 30 18 7.5000 10.5000 1 1 14 0.3889 19 22 0.0590 0.0683 1 1 5 8 0.2632 0.3636 1 0 0 0 0 0 1 0 0 0 0 0 1 0 3 2 4 7 3 5 7 9 1 
0 51 322 36 14 322 322 0 2 1 0 0 1 0 26 26 26 26 1 1 24 0.6667 14 26 0.0435 0.0807 0 1 -10.0000 2 -0.7143 0.0769 1 0 0 0 0 0 1 0 0 0 0 0 2 2 4 7 4 10 3 4 7 10 1 

1 52 323 36 15 322 322 0 2 0 1 0 1 0 34 20 8.5000 11.5000 1 1 14 0.3889 19 22 0.0590 0.0683 1 1 5 8 0.2632 0.3636 1 0 0 0 0 0 1 0 0 0 0 0 1 0 3 2 4 7 3 5 7 9 1 
0 52 322 36 15 322 322 0 2 1 0 0 1 0 27 27 27 27 1 1 24 0.6667 14 26 0.0435 0.0807 0 1 -10.0000 2 -0.7143 0.0769 1 0 0 0 0 0 1 0 0 0 0 0 2 2 4 7 4 10 3 4 7 10 1 

0 53 322 36 16 322 322 0 3 1 0 0 1 0 59 57 42 42 1 1 23 0.6389 14 26 0.0435 0.0807 0 1 -9.0000 3 -0.6429 0.1154 1 0 0 0 0 0 1 0 0 1 0 0 2 2 4 4 5 7 3 4 6 10 1 
0 53 322 36 16 322 322 0 3 1 0 0 1 0 35 42 48 48 1 1 13 0.3611 21 10 0.0652 0.0311 1 0 8 -3.0000 0.3810 -0.3000 1 0 0 0 0 0 1 0 0 1 0 0 2 2 4 4 4 6 3 6 8 9 1 
1 53 323 36 16 322 322 0 3 1 0 0 1 0 29 28 28 28 1 1 25 0.6944 27 14 0.0839 0.0435 1 0 2 -11.0000 0.0741 -0.7857 1 0 0 0 0 0 1 0 0 0 0 0 2 2 4 4 8 9 3 4 7 10 1 

0 54 322 36 14 322 321 1 4 1 0 0 1 0 10 36 10 10 1 2 3 0.0833 28 19 0.0870 0.0590 1 1 25 16 0.8929 0.8421 1 0 0 0 0 0 1 0 0 0 0 0 2 2 4 2 4 2 4 5 6 5 1 
0 54 322 36 14 322 321 1 4 0 1 0 1 0 36 22 9.5000 12.5000 2 1 14 0.3889 19 22 0.0590 0.0683 1 1 5 8 0.2632 0.3636 1 0 0 0 0 0 1 0 0 0 0 0 1 1 1 4 1 11 3 5 7 9 1 
0 54 322 36 14 322 321 1 4 1 0 0 1 0 29 30 29 29 1 1 24 0.6667 14 26 0.0435 0.0807 0 1 -10.0000 2 -0.7143 0.0769 1 0 0 0 0 0 1 0 0 0 0 0 2 2 4 7 4 10 3 4 7 10 1 
1 54 323 36 14 322 321 1 4 1 0 0 1 0 58 59 42 42 1 1 24 0.6667 27 13 0.0839 0.0404 1 0 3 -11.0000 0.1111 -0.8462 1 0 0 0 0 0 1 0 0 0 0 0 2 2 4 4 5 7 3 4 6 10 1 

1 55 323 36 15 322 322 0 2 0 1 0 1 0 37 22 9.5000 12.5000 1 1 14 0.3889 19 22 0.0590 0.0683 1 1 5 8 0.2632 0.3636 1 0 0 0 0 0 1 0 0 0 0 0 1 0 3 2 4 7 3 5 7 9 1 
0 55 322 36 15 322 322 0 2 1 0 0 1 0 29 30 29 29 1 1 24 0.6667 14 26 0.0435 0.0807 0 1 -10.0000 2 -0.7143 0.0769 1 0 0 0 0 0 1 0 0 0 0 0 2 2 4 7 4 10 3 4 7 10 1 

0 56 322 36 14 322 321 1 5 1 0 0 1 0 11 39 11 11 1 2 3 0.0833 28 19 0.0870 0.0590 1 1 25 16 0.8929 0.8421 1 0 0 0 0 0 1 0 0 0 0 0 2 2 4 2 4 2 4 5 6 5 1 
0 56 322 36 14 322 321 1 5 0 1 0 1 0 39 24 10.5000 13.5000 2 1 14 0.3889 19 22 0.0590 0.0683 1 1 5 8 0.2632 0.3636 1 0 0 0 0 0 1 0 0 0 0 0 1 1 1 4 1 9 3 5 7 9 1 
0 56 322 36 14 322 321 1 5 1 0 0 1 0 31 32 31 31 1 1 24 0.6667 15 26 0.0466 0.0807 0 1 -9.0000 2 -0.6000 0.0769 1 0 0 0 0 0 1 0 0 0 0 0 2 2 4 7 4 10 3 4 7 10 1 
0 56 322 36 14 322 321 1 5 1 0 0 1 0 35 45 51 51 1 1 13 0.3611 21 8 0.0652 0.0248 1 0 8 -5.0000 0.3810 -0.6250 1 0 0 0 0 0 1 0 0 1 0 0 2 2 4 4 4 7 3 6 8 9 1 
1 56 323 36 14 322 321 1 5 1 0 0 1 0 61 60 43 43 1 1 24 0.6667 27 14 0.0839 0.0435 1 0 3 -10.0000 0.1111 -0.7143 1 0 0 0 0 0 1 0 0 1 0 0 2 2 4 4 5 7 3 4 6 10 1 

1 57 323 36 18 322 322 0 2 1 0 0 1 0 33 31 31 31 1 1 26 0.7222 28 14 0.0870 0.0435 1 0 2 -12.0000 0.0714 -0.8571 1 0 0 0 0 0 1 0 0 0 0 0 2 2 4 4 5 13 3 4 7 10 1 
0 57 322 36 18 322 322 0 2 0 1 0 0 1 45 35 0 51 1 1 10 0.2778 11 17 0.0342 0.0528 1 1 1 7 0.0909 0.4118 1 0 0 0 0 0 1 0 0 0 0 0 1 0 1 0 1 1 3 3 3 5 1 

1 58 324 36 17 323 322 1 5 1 0 1 0 0 36 45 52 52 2 1 10 0.2778 18 11 0.0557 0.0341 1 1 8 1 0.4444 0.0909 2 0 0 0 0 0 2 0 0 0 0 0 2 3 4 4 3 4 3 6 8 9 1 
1 58 324 36 17 323 322 1 5 0 1 1 0 0 36 35 9 52 2 1 10 0.2778 18 26 0.0557 0.0805 1 1 8 16 0.4444 0.6154 1 0 0 0 0 0 1 0 0 0 0 0 1 0 1 0 1 5 2 4 5 6 1 
0 58 323 36 17 323 322 1 5 1 0 0 1 0 39 11 13.5000 13.5000 3 2 15 0.4167 20 29 0.0619 0.0898 1 1 5 14 0.2500 0.4828 1 0 2 0 0 0 1 2 0 0 0 0 2 0 7 5 6 3 3 6 9 12 1 
0 58 323 36 17 323 322 1 5 1 0 0 1 0 39 11 0 0 3 2 16 0.4444 20 29 0.0619 0.0898 1 1 4 13 0.2000 0.4483 1 0 1 0 1 0 1 1 1 0 0 0 2 0 4 0 14 7 3 6 10 10 1 
0 58 323 36 17 323 322 1 5 1 0 0 1 0 39 24 10.5000 10.5000 3 1 14 0.3889 20 22 0.0619 0.0681 1 1 6 8 0.3000 0.3636 1 0 1 0 1 0 1 1 1 0 0 0 2 1 6 4 7 9 4 6 9 12 1 

0 59 322 36 17 322 322 0 5 1 0 0 1 0 39 11 13.5000 13.5000 3 2 15 0.4167 20 29 0.0621 0.0901 1 1 5 14 0.2500 0.4828 1 0 2 0 0 0 1 2 0 0 0 0 2 0 7 5 6 3 3 6 9 12 1 
0 59 322 36 17 322 322 0 5 1 0 0 1 0 39 11 0 0 3 2 16 0.4444 20 29 0.0621 0.0901 1 1 4 13 0.2000 0.4483 1 0 1 0 1 0 1 1 1 0 0 0 2 0 4 0 14 7 3 6 10 10 1 
0 59 322 36 17 322 322 0 5 1 0 0 1 0 39 24 10.5000 10.5000 3 1 14 0.3889 20 22 0.0621 0.0683 1 1 6 8 0.3000 0.3636 1 0 1 0 1 0 1 1 1 0 0 0 2 1 6 4 7 9 4 6 9 12 1 
1 59 323 36 17 322 322 0 5 1 0 0 1 0 35 32 32 32 1 1 25 0.6944 27 14 0.0839 0.0435 1 0 2 -11.0000 0.0741 -0.7857 1 0 0 0 0 0 1 0 0 0 0 0 2 2 4 4 8 9 3 4 7 10 1 
0 59 322 36 17 322 322 0 5 0 1 0 0 1 45 36 0 52 1 1 10 0.2778 11 17 0.0342 0.0528 1 1 1 7 0.0909 0.4118 1 0 0 0 0 0 1 0 0 0 0 0 1 0 1 0 1 1 3 3 3 5 1 

0 60 322 36 11 322 321 1 4 1 0 0 1 0 11 42 11 11 1 2 3 0.0833 28 19 0.0870 0.0590 1 1 25 16 0.8929 0.8421 1 0 0 0 0 0 1 0 0 0 0 0 2 2 4 2 4 2 4 5 6 5 1 
0 60 322 36 11 322 321 1 4 0 1 0 1 0 42 26 11 15.5000 2 1 14 0.3889 19 22 0.0590 0.0683 1 1 5 8 0.2632 0.3636 1 0 0 0 0 0 1 0 0 0 0 0 1 1 1 4 1 12 3 5 7 9 1 
0 60 322 36 11 322 321 1 4 1 0 0 1 0 36 39 36 36 1 1 24 0.6667 14 26 0.0435 0.0807 0 1 -10.0000 2 -0.7143 0.0769 1 0 0 0 0 0 1 0 0 0 0 0 2 2 4 7 4 10 3 4 7 10 1 
1 60 323 36 11 322 321 1 4 1 0 0 1 0 63 63 46 46 1 1 23 0.6389 26 14 0.0807 0.0435 1 0 3 -9.0000 0.1154 -0.6429 1 0 0 0 0 0 1 0 0 0 0 0 2 2 4 4 5 7 3 4 6 10 1 

0 61 322 36 12 322 321 1 5 1 0 0 1 0 11 42 11 11 1 2 3 0.0833 28 19 0.0870 0.0590 1 1 25 16 0.8929 0.8421 1 0 0 0 0 0 1 0 0 0 0 0 2 2 4 2 4 2 4 5 6 5 1 
0 61 322 36 12 322 321 1 5 0 1 0 1 0 42 26 11 15.5000 2 1 14 0.3889 19 22 0.0590 0.0683 1 1 5 8 0.2632 0.3636 1 0 0 0 0 0 1 0 0 0 0 0 1 1 1 4 1 12 3 5 7 9 1 
0 61 322 36 12 322 321 1 5 1 0 0 1 0 36 39 36 36 1 1 24 0.6667 14 26 0.0435 0.0807 0 1 -10.0000 2 -0.7143 0.0769 1 0 0 0 0 0 1 0 0 0 0 0 2 2 4 7 4 10 3 4 7 10 1 
1 61 323 36 12 322 321 1 5 1 0 0 1 0 65 65 48 48 1 1 23 0.6389 26 14 0.0807 0.0435 1 0 3 -9.0000 0.1154 -0.6429 1 0 0 0 0 0 1 0 0 1 0 0 2 2 4 4 5 7 3 4 6 10 1 
0 61 322 36 12 322 321 1 5 1 0 0 1 0 38 47 54 54 1 1 13 0.3611 21 11 0.0652 0.0342 1 0 8 -2.0000 0.3810 -0.1818 1 0 0 0 0 0 1 0 0 1 0 0 2 2 4 4 3 8 3 6 8 9 1 

1 62 323 36 15 322 322 0 2 0 1 0 1 0 43 26 11 15.5000 1 1 14 0.3889 19 22 0.0590 0.0683 1 1 5 8 0.2632 0.3636 1 0 0 0 0 0 1 0 0 0 0 0 1 0 3 2 4 7 3 5 7 9 1 
0 62 322 36 15 322 322 0 2 1 0 0 1 0 36 39 36 36 1 1 24 0.6667 14 26 0.0435 0.0807 0 1 -10.0000 2 -0.7143 0.0769 1 0 0 0 0 0 1 0 0 0 0 0 2 2 4 7 4 10 3 4 7 10 1 

0 63 322 36 11 322 321 1 4 1 0 0 1 0 12 45 12 12 1 2 3 0.0833 28 19 0.0870 0.0590 1 1 25 16 0.8929 0.8421 1 0 0 0 0 0 1 0 0 0 0 0 2 2 4 2 4 2 4 5 6 5 1 
0 63 322 36 11 322 321 1 4 0 1 0 1 0 45 28 12 16.5000 2 1 14 0.3889 19 22 0.0590 0.0683 1 1 5 8 0.2632 0.3636 1 0 0 0 0 0 1 0 0 0 0 0 1 1 1 4 1 14 3 5 7 9 1 
0 63 322 36 11 322 321 1 4 1 0 0 1 0 37 40 37 37 1 1 24 0.6667 14 26 0.0435 0.0807 0 1 -10.0000 2 -0.7143 0.0769 1 0 0 0 0 0 1 0 0 0 0 0 2 2 4 7 4 10 3 4 7 10 1 
1 63 323 36 11 322 321 1 4 1 0 0 1 0 68 68 50 50 1 1 23 0.6389 26 13 0.0807 0.0404 1 0 3 -10.0000 0.1154 -0.7692 1 0 0 0 0 0 1 0 0 0 0 0 2 2 4 4 5 7 3 4 6 10 1 

1 64 323 36 13 322 322 0 3 0 1 0 1 0 46 28 12 16.5000 1 1 14 0.3889 19 22 0.0590 0.0683 1 1 5 8 0.2632 0.3636 1 0 0 0 0 0 1 0 0 0 0 0 1 0 3 2 2 10 3 5 7 9 1 
0 64 322 36 13 322 322 0 3 1 0 0 1 0 37 40 37 37 1 1 24 0.6667 14 26 0.0435 0.0807 0 1 -10.0000 2 -0.7143 0.0769 1 0 0 0 0 0 1 0 0 0 0 0 2 2 4 7 4 10 3 4 7 10 1 
0 64 322 36 13 322 322 0 3 1 0 0 1 0 69 69 51 51 1 1 23 0.6389 14 26 0.0435 0.0807 0 1 -9.0000 3 -0.6429 0.1154 1 0 0 0 0 0 1 0 0 0 0 0 2 2 4 4 5 7 3 4 6 10 1 

1 65 323 36 14 322 322 0 4 0 1 0 1 0 49 30 13 17.5000 1 1 14 0.3889 19 22 0.0590 0.0683 1 1 5 8 0.2632 0.3636 1 0 0 0 0 0 1 0 0 0 0 0 1 0 3 2 2 10 3 5 7 9 1 
0 65 322 36 14 322 322 0 4 1 0 0 1 0 38 41 38 38 1 1 24 0.6667 14 26 0.0435 0.0807 0 1 -10.0000 2 -0.7143 0.0769 1 0 0 0 0 0 1 0 0 0 0 0 2 2 4 7 4 10 3 4 7 10 1 
0 65 322 36 14 322 322 0 4 1 0 0 1 0 69 69 51 51 1 1 23 0.6389 14 26 0.0435 0.0807 0 1 -9.0000 3 -0.6429 0.1154 1 0 0 0 0 0 1 0 0 1 0 0 2 2 4 4 5 7 3 4 6 10 1 
0 65 322 36 14 322 322 0 4 1 0 0 1 0 42 51 58.5000 58.5000 1 1 13 0.3611 21 11 0.0652 0.0342 1 0 8 -2.0000 0.3810 -0.1818 1 0 0 0 0 0 1 0 0 1 0 0 2 2 4 4 3 7 3 6 8 9 1 

0 66 322 36 11 322 321 1 4 1 0 0 1 0 14 50 14 14 1 2 3 0.0833 28 19 0.0870 0.0590 1 1 25 16 0.8929 0.8421 1 0 0 0 0 0 1 0 0 0 0 0 2 2 4 2 4 2 4 5 6 5 1 
0 66 322 36 11 322 321 1 4 0 1 0 1 0 50 31 13.5000 18 2 1 14 0.3889 19 22 0.0590 0.0683 1 1 5 8 0.2632 0.3636 1 0 0 0 0 0 1 0 0 0 0 0 1 1 1 4 1 12 3 5 7 9 1 
0 66 322 36 11 322 321 1 4 1 0 0 1 0 38 41 38 38 1 1 24 0.6667 14 26 0.0435 0.0807 0 1 -10.0000 2 -0.7143 0.0769 1 0 0 0 0 0 1 0 0 0 0 0 2 2 4 7 4 10 3 4 7 10 1 
1 66 323 36 11 322 321 1 4 1 0 0 1 0 70 70 52 52 1 1 23 0.6389 26 14 0.0807 0.0435 1 0 3 -9.0000 0.1154 -0.6429 1 0 0 0 0 0 1 0 0 0 0 0 2 2 4 4 5 7 3 4 6 10 1 

1 67 323 36 12 322 320 2 6 1 0 1 0 0 43 72 9.5000 9.5000 2 2 10 0.2778 19 13 0.0590 0.0404 1 1 9 3 0.4737 0.2308 1 0 1 0 0 0 1 1 1 0 0 0 2 1 5 3 7 5 3 6 9 10 1 
1 67 323 36 12 322 320 2 6 1 0 1 0 0 43 53 60.5000 60.5000 2 1 11 0.3056 19 12 0.0590 0.0373 1 1 8 1 0.4211 0.0833 1 0 1 0 0 0 1 1 0 1 0 0 2 1 7 3 6 4 3 6 8 9 1 
0 67 322 36 12 322 320 2 6 1 0 0 1 0 14 51 14 14 1 2 3 0.0833 28 19 0.0870 0.0590 1 1 25 16 0.8929 0.8421 1 0 0 0 0 0 1 0 0 0 0 0 2 2 4 2 4 2 4 5 6 5 1 
0 67 322 36 12 322 320 2 6 0 1 0 1 0 51 32 14 18.5000 2 1 14 0.3889 19 22 0.0590 0.0683 1 1 5 8 0.2632 0.3636 1 0 0 0 0 0 1 0 0 0 0 0 1 1 1 4 1 9 3 5 7 9 1 
0 67 322 36 12 322 320 2 6 1 0 0 1 0 41 44 41 41 1 1 24 0.6667 14 26 0.0435 0.0807 0 1 -10.0000 2 -0.7143 0.0769 1 0 0 0 0 0 1 0 0 0 0 0 2 2 4 7 4 10 3 4 7 10 1 
1 67 323 36 12 322 320 2 6 1 0 0 1 0 73 72 54 54 1 2 24 0.6667 27 13 0.0839 0.0404 1 0 3 -11.0000 0.1111 -0.8462 1 0 0 0 0 0 1 0 1 1 0 0 2 2 4 4 5 7 3 4 6 10 1 

0 68 323 36 12 323 321 2 5 1 0 1 0 0 45 73 10.5000 10.5000 1 2 10 0.2778 19 13 0.0588 0.0402 1 1 9 3 0.4737 0.2308 1 0 0 0 0 0 1 0 1 0 0 0 2 3 5 3 4 5 3 6 9 10 1 
0 68 323 36 12 323 321 2 5 1 0 0 1 0 14 51 14 14 1 2 3 0.0833 28 19 0.0867 0.0588 1 1 25 16 0.8929 0.8421 1 0 0 0 0 0 1 0 0 0 0 0 2 2 4 2 4 2 4 5 6 5 1 
0 68 323 36 12 323 321 2 5 0 1 0 1 0 51 32 14 18.5000 2 1 14 0.3889 19 22 0.0588 0.0681 1 1 5 8 0.2632 0.3636 1 0 0 0 0 0 1 0 0 0 0 0 1 1 1 4 1 9 3 5 7 9 1 
0 68 323 36 12 323 321 2 5 1 0 0 1 0 41 44 41 41 1 1 24 0.6667 14 26 0.0433 0.0805 0 1 -10.0000 2 -0.7143 0.0769 1 0 0 0 0 0 1 0 0 0 0 0 2 2 4 7 4 10 3 4 7 10 1 
1 68 324 36 12 323 321 2 5 1 0 0 1 0 73 73 54 54 1 2 24 0.6667 27 13 0.0836 0.0402 1 0 3 -11.0000 0.1111 -0.8462 1 0 0 0 0 0 1 0 1 0 0 0 2 2 4 4 5 7 3 4 6 10 1 

0 69 322 36 13 322 321 1 4 1 0 0 1 0 14 51 14 14 1 2 3 0.0833 28 19 0.0870 0.0590 1 1 25 16 0.8929 0.8421 1 0 0 0 0 0 1 0 0 0 0 0 2 2 4 2 4 2 4 5 6 5 1 
0 69 322 36 13 322 321 1 4 0 1 0 1 0 51 32 14 18.5000 2 1 14 0.3889 19 22 0.0590 0.0683 1 1 5 8 0.2632 0.3636 1 0 0 0 0 0 1 0 0 0 0 0 1 1 1 4 1 11 3 5 7 9 1 
0 69 322 36 13 322 321 1 4 1 0 0 1 0 41 44 41 41 1 1 24 0.6667 14 26 0.0435 0.0807 0 1 -10.0000 2 -0.7143 0.0769 1 0 0 0 0 0 1 0 0 0 0 0 2 2 4 7 4 10 3 4 7 10 1 
1 69 323 36 13 322 321 1 4 1 0 0 1 0 73 73 54 54 1 1 24 0.6667 27 13 0.0839 0.0404 1 0 3 -11.0000 0.1111 -0.8462 1 0 0 0 0 0 1 0 0 0 0 0 2 2 4 4 5 7 3 4 6 10 1 

0 70 322 36 10 322 316 6 9 1 0 1 0 0 4 44 44 44 1 2 13 0.3611 19 12 0.0590 0.0373 1 0 6 -1.0000 0.3158 -0.0833 1 0 0 0 0 0 1 0 0 0 0 0 2 2 4 2 3 3 3 4 7 10 1 
0 70 322 36 10 322 316 6 9 1 0 1 0 0 46 74 10.5000 10.5000 3 3 9 0.2500 18 12 0.0559 0.0373 1 1 9 3 0.5000 0.2500 1 1 1 0 0 1 2 1 2 0 0 1 2 3 5 4 5 6 3 6 9 10 1 
1 70 323 36 10 322 316 6 9 1 0 1 0 0 46 56 63.5000 63.5000 3 1 10 0.2778 18 11 0.0559 0.0342 1 1 8 1 0.4444 0.0909 2 0 1 0 0 1 2 1 0 2 0 0 2 3 7 4 5 5 3 6 8 9 1 
0 70 322 36 10 322 316 6 9 1 0 1 0 0 47 74 55 55 2 3 12 0.3333 26 12 0.0807 0.0373 1 0 14 0 0.5385 0 1 0 0 0 1 2 2 0 2 1 0 1 2 2 3 6 5 13 3 4 6 10 1 
0 70 322 36 10 322 316 6 9 0 1 1 0 0 47 46 63.5000 10.5000 2 3 10 0.2778 26 18 0.0807 0.0559 1 1 16 8 0.6154 0.4444 2 0 0 0 0 0 2 0 0 0 0 0 2 1 3 1 3 1 2 4 4 4 1 
0 70 322 36 10 322 316 6 9 1 0 0 1 0 44 0 0 0 2 1 4 0.1111 12 4 0.0373 0.0124 1 0 8 0 0.6667 0 1 0 0 0 0 0 1 0 0 0 0 4 2 4 3 7 3 6 4 7 9 11 1 
0 70 322 36 10 322 316 6 9 1 0 0 1 0 14 52 14 14 1 2 3 0.0833 28 19 0.0870 0.0590 1 1 25 16 0.8929 0.8421 1 0 0 0 0 0 1 0 0 0 0 0 2 2 4 2 4 2 4 5 6 5 1 
0 70 322 36 10 322 316 6 9 0 1 0 1 0 52 33 14 19.5000 2 1 14 0.3889 19 22 0.0590 0.0683 1 1 5 8 0.2632 0.3636 1 0 0 0 0 0 1 0 0 0 0 0 1 1 1 4 1 9 3 5 7 9 1 
1 70 323 36 10 322 316 6 9 1 0 0 1 0 75 74 55 55 1 3 24 0.6667 27 12 0.0839 0.0373 1 0 3 -12.0000 0.1111 -1.0000 1 0 0 0 0 0 2 0 2 1 0 1 2 2 4 4 5 7 3 4 6 10 1 

0 71 323 36 11 323 317 6 8 1 0 1 0 0 4 44 44 44 1 2 13 0.3611 19 12 0.0588 0.0372 1 0 6 -1.0000 0.3158 -0.0833 1 0 0 0 0 0 1 0 0 0 0 0 2 2 4 2 3 3 3 4 7 10 1 
0 71 323 36 11 323 317 6 8 1 0 1 0 0 47 74 10.5000 10.5000 2 3 9 0.2500 18 12 0.0557 0.0372 1 1 9 3 0.5000 0.2500 1 1 0 0 0 1 2 0 2 0 0 1 2 3 3 9 4 7 3 6 9 10 1 
0 71 323 36 11 323 317 6 8 1 0 1 0 0 47 74 55 55 2 3 12 0.3333 26 12 0.0805 0.0372 1 0 14 0 0.5385 0 1 0 0 0 1 1 2 0 2 0 0 1 2 2 3 6 5 12 3 4 6 10 1 
0 71 323 36 11 323 317 6 8 0 1 1 0 0 47 47 64.5000 10.5000 2 2 10 0.2778 26 18 0.0805 0.0557 1 1 16 8 0.6154 0.4444 1 0 0 0 0 0 1 0 0 0 0 0 1 2 2 4 2 1 2 4 4 4 1 
0 71 323 36 11 323 317 6 8 1 0 0 1 0 44 0 0 0 2 1 4 0.1111 12 4 0.0372 0.0124 1 0 8 0 0.6667 0 1 0 0 0 0 0 1 0 0 0 0 4 2 4 3 7 3 8 4 7 9 11 1 
0 71 323 36 11 323 317 6 8 1 0 0 1 0 14 52 14 14 1 2 3 0.0833 28 19 0.0867 0.0588 1 1 25 16 0.8929 0.8421 1 0 0 0 0 0 1 0 0 0 0 0 2 2 4 2 4 2 4 5 6 5 1 
0 71 323 36 11 323 317 6 8 0 1 0 1 0 52 33 14 19.5000 2 1 14 0.3889 19 22 0.0588 0.0681 1 1 5 8 0.2632 0.3636 1 0 0 0 0 0 1 0 0 0 0 0 1 1 1 4 1 9 3 5 7 9 1 
1 71 324 36 11 323 317 6 8 1 0 0 1 0 75 74 55 55 1 3 24 0.6667 27 12 0.0836 0.0372 1 0 3 -12.0000 0.1111 -1.0000 1 0 0 0 0 0 2 0 2 0 0 1 2 2 4 4 5 7 3 4 6 10 1 

0 72 322 36 12 322 320 2 5 1 0 1 0 0 48 58 65.5000 65.5000 1 1 12 0.3333 20 10 0.0621 0.0311 1 0 8 -2.0000 0.4000 -0.2000 1 0 0 0 0 0 1 0 0 1 0 0 2 2 4 3 8 5 3 6 8 9 1 
0 72 322 36 12 322 320 2 5 1 0 0 1 0 14 52 14 14 1 2 3 0.0833 28 19 0.0870 0.0590 1 1 25 16 0.8929 0.8421 1 0 0 0 0 0 1 0 0 0 0 0 2 2 4 2 4 2 4 5 6 5 1 
0 72 322 36 12 322 320 2 5 0 1 0 1 0 52 33 14 19.5000 2 1 14 0.3889 19 22 0.0590 0.0683 1 1 5 8 0.2632 0.3636 1 0 0 0 0 0 1 0 0 0 0 0 1 1 1 4 1 12 3 5 7 9 1 
0 72 322 36 12 322 320 2 5 1 0 0 1 0 75 75 56 56 1 1 23 0.6389 26 12 0.0807 0.0373 1 0 3 -11.0000 0.1154 -0.9167 1 0 0 0 0 0 1 0 0 1 0 0 2 2 4 4 5 7 3 4 6 10 1 
1 72 323 36 12 322 320 2 5 1 0 0 1 0 48 45 45 45 1 1 25 0.6944 27 15 0.0839 0.0466 1 0 2 -10.0000 0.0741 -0.6667 1 0 0 0 0 0 1 0 0 0 0 0 2 2 4 4 8 9 3 4 7 10 1 

1 73 323 36 10 323 317 6 11 1 0 1 0 0 6 47 47 47 1 2 13 0.3611 19 12 0.0588 0.0372 1 0 6 -1.0000 0.3158 -0.0833 1 0 0 0 0 0 1 0 0 0 0 0 2 2 4 2 3 3 3 4 7 10 1 
1 73 323 36 10 323 317 6 11 0 1 1 0 0 77 48 66.5000 10.5000 6 2 10 0.2778 13 18 0.0402 0.0557 1 1 3 8 0.2308 0.4444 2 1 0 0 0 0 3 0 0 0 0 0 1 2 2 4 2 1 2 4 4 4 1 
1 73 323 36 10 323 317 6 11 1 0 1 0 0 49 77 66.5000 66.5000 5 6 9 0.2500 26 13 0.0805 0.0402 1 1 17 4 0.6538 0.3077 1 2 1 0 1 0 3 1 1 2 0 0 2 3 9 3 6 3 3 6 8 9 1 
1 73 323 36 10 323 317 6 11 1 0 1 0 0 49 77 10.5000 10.5000 5 6 10 0.2778 26 13 0.0805 0.0402 1 1 16 3 0.6154 0.2308 3 0 2 0 1 0 3 2 2 0 0 1 2 2 7 3 9 5 3 6 9 10 1 
1 73 323 36 10 323 317 6 11 1 0 1 0 0 49 77 0 0 5 6 11 0.3056 26 13 0.0805 0.0402 1 1 15 2 0.5769 0.1538 1 0 4 0 1 0 1 5 1 0 1 0 2 0 5 5 9 10 3 5 7 11 1 
1 73 323 36 10 323 317 6 11 1 0 1 0 0 49 77 57 57 5 6 12 0.3333 26 13 0.0805 0.0402 1 1 14 1 0.5385 0.0769 1 0 1 0 3 0 2 1 3 1 0 1 2 1 4 5 6 11 3 4 6 10 1 
1 73 323 36 10 323 317 6 11 0 1 1 0 0 49 48 66.5000 10.5000 5 2 10 0.2778 26 18 0.0805 0.0557 1 1 16 8 0.6154 0.4444 2 1 0 0 0 0 3 0 0 0 0 0 1 2 2 4 2 1 2 4 4 4 1 
1 73 323 36 10 323 317 6 11 1 0 0 1 0 47 0 0 0 2 1 4 0.1111 12 4 0.0372 0.0124 1 0 8 0 0.6667 0 1 0 0 0 0 0 1 0 0 0 1 5 2 4 3 7 3 8 4 7 9 11 1 
1 73 323 36 10 323 317 6 11 1 0 0 1 0 14 52 14 14 1 2 3 0.0833 28 19 0.0867 0.0588 1 1 25 16 0.8929 0.8421 1 0 0 0 0 0 1 0 0 0 0 0 2 2 4 2 4 2 4 5 6 5 1 
1 73 323 36 10 323 317 6 11 0 1 0 1 0 52 33 14 19.5000 2 1 14 0.3889 19 22 0.0588 0.0681 1 1 5 8 0.2632 0.3636 1 0 0 0 0 0 1 0 0 0 0 0 1 1 1 4 1 12 3 5 7 9 1 
1 73 324 36 10 323 317 6 11 1 0 0 1 0 76 77 57 57 1 6 23 0.6389 26 13 0.0805 0.0402 1 0 3 -10.0000 0.1154 -0.7692 1 0 0 0 0 0 2 1 3 1 0 1 2 2 4 4 5 7 3 4 6 10 1 

1 74 322 36 10 322 316 6 12 1 0 1 0 0 6 47 47 47 1 2 13 0.3611 19 12 0.0590 0.0373 1 0 6 -1.0000 0.3158 -0.0833 1 0 0 0 0 0 1 0 0 0 0 0 2 2 4 2 3 3 3 4 7 10 1 
1 74 322 36 10 322 316 6 12 1 0 1 0 0 77 48 67.5000 67.5000 6 3 9 0.2500 13 17 0.0404 0.0528 1 1 4 8 0.3077 0.4706 3 1 1 0 1 0 4 1 1 2 0 0 3 3 6 3 6 3 3 6 8 9 1 
1 74 322 36 10 322 316 6 12 1 0 1 0 0 49 77 67.5000 67.5000 5 6 9 0.2500 26 13 0.0807 0.0404 1 1 17 4 0.6538 0.3077 3 1 1 0 1 0 4 1 1 2 0 0 3 3 6 3 6 3 3 6 8 9 1 
1 74 322 36 10 322 316 6 12 1 0 1 0 0 49 77 10.5000 10.5000 5 6 10 0.2778 26 13 0.0807 0.0404 1 1 16 3 0.6154 0.2308 1 1 4 0 1 0 1 5 2 0 0 1 2 1 8 3 6 5 3 6 9 10 1 
1 74 322 36 10 322 316 6 12 1 0 1 0 0 49 77 0 0 5 6 11 0.3056 26 13 0.0807 0.0404 1 1 15 2 0.5769 0.1538 1 0 2 1 3 0 1 3 4 0 1 0 2 0 5 3 11 10 3 5 7 11 1 
1 74 322 36 10 322 316 6 12 1 0 1 0 0 49 77 57 57 5 6 12 0.3333 26 13 0.0807 0.0404 1 1 14 1 0.5385 0.0769 1 0 1 0 1 1 2 1 1 4 0 1 2 1 4 5 6 8 3 4 6 10 1 
1 74 322 36 10 322 316 6 12 1 0 1 0 0 49 48 67.5000 67.5000 5 3 9 0.2500 26 17 0.0807 0.0528 1 1 17 8 0.6538 0.4706 3 1 1 0 1 0 4 1 1 2 0 0 3 3 6 3 6 3 3 6 8 9 1 
1 74 322 36 10 322 316 6 12 1 0 0 1 0 47 0 0 0 2 1 4 0.1111 12 4 0.0373 0.0124 1 0 8 0 0.6667 0 1 0 0 0 0 0 1 0 0 0 1 3 2 4 3 7 3 6 4 7 9 11 1 
1 74 322 36 10 322 316 6 12 1 0 0 1 0 14 52 14 14 1 2 3 0.0833 28 19 0.0870 0.0590 1 1 25 16 0.8929 0.8421 1 0 0 0 0 0 1 0 0 0 0 0 2 2 4 2 4 2 4 5 6 5 1 
1 74 322 36 10 322 316 6 12 0 1 0 1 0 52 33 14 19.5000 2 1 14 0.3889 19 22 0.0590 0.0683 1 1 5 8 0.2632 0.3636 1 0 0 0 0 0 1 0 0 0 0 0 1 1 1 4 1 9 3 5 7 9 1 
1 74 323 36 10 322 316 6 12 1 0 0 1 0 77 77 57 57 1 6 24 0.6667 27 13 0.0839 0.0404 1 0 3 -11.0000 0.1111 -0.8462 1 0 0 0 0 0 2 1 1 4 0 1 2 2 4 4 5 7 3 4 6 10 1 
1 74 322 36 10 322 316 6 12 0 1 0 0 1 60 48 0 67.5000 1 3 10 0.2778 11 17 0.0342 0.0528 1 1 1 7 0.0909 0.4118 1 0 0 0 0 0 1 0 0 0 0 0 1 0 1 0 1 1 3 3 3 5 1 

1 75 324 36 18 323 323 0 2 1 0 0 1 0 69 57 57 57 1 1 25 0.6944 27 14 0.0836 0.0433 1 0 2 -11.0000 0.0741 -0.7857 1 0 0 0 0 0 1 0 0 0 0 0 2 2 4 4 8 9 3 4 7 10 1 
0 75 323 36 18 323 323 0 2 0 1 0 0 1 61 55 0 72 1 1 10 0.2778 11 17 0.0341 0.0526 1 1 1 7 0.0909 0.4118 1 0 0 0 0 0 1 0 0 0 0 0 1 0 1 0 1 1 3 3 3 5 1 

0 76 323 36 20 323 323 0 2 1 0 0 1 0 55 62 73 73 1 1 13 0.3611 21 8 0.0650 0.0248 1 0 8 -5.0000 0.3810 -0.6250 1 0 0 0 0 0 1 0 0 0 0 0 2 2 4 4 4 7 3 6 8 9 1 
1 76 324 36 20 323 323 0 2 1 0 0 1 0 71 58 58 58 1 1 25 0.6944 27 14 0.0836 0.0433 1 0 2 -11.0000 0.0741 -0.7857 1 0 0 0 0 0 1 0 0 0 0 0 2 2 4 4 8 9 3 4 7 10 1 

0 77 323 36 18 323 323 0 3 1 0 0 1 0 55 63 74 74 2 1 13 0.3611 21 11 0.0650 0.0341 1 0 8 -2.0000 0.3810 -0.1818 1 0 0 1 0 0 1 1 0 1 0 0 2 2 4 4 8 7 3 6 8 9 1 
0 77 323 36 18 323 323 0 3 0 1 0 1 0 72 55 13 0 1 2 11 0.3056 26 21 0.0805 0.0650 1 1 15 10 0.5769 0.4762 1 0 0 1 0 0 1 1 0 0 0 0 1 2 2 2 2 3 2 5 7 8 1 
1 77 324 36 18 323 323 0 3 1 0 0 1 0 79 82 62 62 1 1 24 0.6667 27 14 0.0836 0.0433 1 0 3 -10.0000 0.1111 -0.7143 1 0 0 0 0 0 1 1 0 1 0 0 2 2 4 4 5 7 3 4 6 10 1 

1 78 324 36 20 323 323 0 2 1 0 0 1 0 74 60 60 60 1 1 27 0.7500 29 14 0.0898 0.0433 1 0 2 -13.0000 0.0690 -0.9286 1 0 0 0 0 0 1 0 0 0 0 0 2 2 4 4 5 10 3 4 7 10 1 
0 78 323 36 20 323 323 0 2 0 1 0 0 1 63 55 0 74 1 1 10 0.2778 11 17 0.0341 0.0526 1 1 1 7 0.0909 0.4118 1 0 0 0 0 0 1 0 0 0 0 0 1 0 1 0 1 1 3 3 3 5 1 

1 79 325 36 17 324 323 1 3 1 0 1 0 0 56 63 75 75 2 1 10 0.2778 18 11 0.0556 0.0340 1 1 8 1 0.4444 0.0909 2 0 0 0 0 0 2 0 0 0 0 0 2 3 4 4 3 4 3 6 8 9 1 
1 79 325 36 17 324 323 1 3 0 1 1 0 0 56 76 13 75 2 1 10 0.2778 18 26 0.0556 0.0802 1 1 8 16 0.4444 0.6154 1 0 0 0 0 0 1 0 0 0 0 0 1 0 1 0 1 5 2 4 5 6 1 
0 79 324 36 17 324 323 1 3 1 0 0 0 1 34 14 11.5000 11.5000 1 1 14 0.3889 24 29 0.0741 0.0895 1 1 10 15 0.4167 0.5172 1 0 0 0 0 0 1 0 0 0 0 0 2 3 4 4 4 4 3 4 7 9 1 

1 80 324 36 17 323 323 0 3 1 0 0 1 0 76 61 61 61 1 1 25 0.6944 27 14 0.0836 0.0433 1 0 2 -11.0000 0.0741 -0.7857 1 0 0 0 0 0 1 0 0 0 0 0 2 2 4 4 8 9 3 4 7 10 1 
0 80 323 36 17 323 323 0 3 0 1 0 0 1 63 56 0 75 1 1 10 0.2778 11 17 0.0341 0.0526 1 1 1 7 0.0909 0.4118 1 0 0 0 0 0 1 0 0 0 0 0 1 0 1 0 1 1 3 3 3 5 1 
0 80 323 36 17 323 323 0 3 1 0 0 0 1 34 14 11.5000 11.5000 1 1 14 0.3889 24 29 0.0743 0.0898 1 1 10 15 0.4167 0.5172 1 0 0 0 0 0 1 0 0 0 0 0 2 3 4 4 4 4 3 4 7 9 1 

0 81 323 36 18 323 323 0 3 0 1 0 1 0 77 56 13 0 1 2 11 0.3056 26 21 0.0805 0.0650 1 1 15 10 0.5769 0.4762 1 0 0 1 0 0 1 1 0 0 0 0 1 2 2 2 2 6 2 5 7 8 1 
0 81 323 36 18 323 323 0 3 1 0 0 1 0 64 56 76 76 1 2 13 0.3611 11 21 0.0341 0.0650 0 1 -2.0000 8 -0.1818 0.3810 1 0 0 1 0 0 1 1 0 1 0 0 2 2 4 4 8 7 3 6 8 9 1 
1 81 324 36 18 323 323 0 3 1 0 0 1 0 81 84 64 64 1 1 24 0.6667 27 14 0.0836 0.0433 1 0 3 -10.0000 0.1111 -0.7143 1 0 0 0 0 0 1 1 0 1 0 0 2 2 4 4 5 7 3 4 6 10 1 

0 82 323 36 16 323 323 0 2 1 0 0 1 0 85 82 65 65 1 1 23 0.6389 14 26 0.0433 0.0805 0 1 -9.0000 3 -0.6429 0.1154 1 0 0 0 0 0 1 0 0 0 0 0 2 2 4 4 5 7 3 4 6 10 1 
1 82 324 36 16 323 323 0 2 1 0 0 1 0 78 62 62 62 1 1 25 0.6944 27 14 0.0836 0.0433 1 0 2 -11.0000 0.0741 -0.7857 1 0 0 0 0 0 1 0 0 0 0 0 2 2 4 4 8 9 3 4 7 10 1 

1 83 325 36 17 324 323 1 3 1 0 1 0 0 57 64 76 76 2 2 11 0.3056 19 12 0.0586 0.0370 1 1 8 1 0.4211 0.0833 1 0 2 0 0 0 2 1 0 0 0 0 2 1 7 4 4 6 3 6 8 9 1 
1 83 325 36 17 324 323 1 3 1 0 1 0 0 57 79 14 14 2 2 10 0.2778 19 26 0.0586 0.0802 1 1 9 16 0.4737 0.6154 1 0 2 0 0 0 1 2 0 0 0 0 2 1 5 5 4 8 3 6 9 10 1 
0 83 324 36 17 324 323 1 3 0 1 0 1 0 79 64 0 76 2 2 9 0.2500 26 12 0.0802 0.0370 1 1 17 3 0.6538 0.2500 1 0 0 0 0 0 1 0 0 0 0 0 1 1 0 0 0 4 2 4 5 6 1 

0 84 323 36 15 323 323 0 2 1 0 0 1 0 85 82 65 65 1 1 23 0.6389 14 26 0.0433 0.0805 0 1 -9.0000 3 -0.6429 0.1154 1 0 0 0 0 0 1 0 0 0 0 0 2 2 4 4 5 7 3 4 6 10 1 
1 84 324 36 15 323 323 0 2 1 0 0 1 0 81 64 64 64 1 1 25 0.6944 27 14 0.0836 0.0433 1 0 2 -11.0000 0.0741 -0.7857 1 0 0 0 0 0 1 0 0 0 0 0 2 2 4 4 8 9 3 4 7 10 1 

1 85 325 36 18 324 323 1 4 1 0 1 0 0 58 64 76 76 3 3 11 0.3056 19 12 0.0586 0.0370 1 1 8 1 0.4211 0.0833 1 0 3 0 0 0 1 3 0 0 0 0 2 1 7 2 5 5 3 6 8 9 1 
1 85 325 36 18 324 323 1 4 1 0 1 0 0 58 83 15 15 3 2 10 0.2778 19 26 0.0586 0.0802 1 1 9 16 0.4737 0.6154 3 0 1 0 0 0 3 1 0 0 0 0 3 1 5 2 5 7 3 6 9 10 1 
0 85 324 36 18 324 323 1 4 1 0 0 1 0 83 64 15 15 2 3 10 0.2778 26 12 0.0802 0.0370 1 1 16 2 0.6154 0.1667 3 0 1 0 0 0 3 1 0 0 0 0 3 1 5 2 5 7 3 6 9 10 1 
0 85 324 36 18 324 323 1 4 1 0 0 1 0 58 64 15 15 3 3 10 0.2778 19 12 0.0586 0.0370 1 1 9 2 0.4737 0.1667 3 0 1 0 0 0 3 1 0 0 0 0 3 1 5 2 5 7 3 6 9 10 1 

0 86 323 36 17 323 323 0 3 1 0 0 1 0 86 83 66 66 1 1 23 0.6389 14 26 0.0433 0.0805 0 1 -9.0000 3 -0.6429 0.1154 1 0 0 0 0 0 1 0 0 1 0 0 2 2 4 4 5 7 3 4 6 10 1 
0 86 323 36 17 323 323 0 3 1 0 0 1 0 58 65 77 77 1 1 13 0.3611 21 10 0.0650 0.0310 1 0 8 -3.0000 0.3810 -0.3000 1 0 0 0 0 0 1 0 0 1 0 0 2 2 4 4 4 6 3 6 8 9 1 
1 86 324 36 17 323 323 0 3 1 0 0 1 0 84 66 66 66 1 1 25 0.6944 27 14 0.0836 0.0433 1 0 2 -11.0000 0.0741 -0.7857 1 0 0 0 0 0 1 0 0 0 0 0 2 2 4 4 8 9 3 4 7 10 1 

0 87 323 36 12 323 322 1 4 1 0 0 1 0 14 66 14 14 1 2 3 0.0833 28 19 0.0867 0.0588 1 1 25 16 0.8929 0.8421 1 0 0 0 0 0 1 0 0 0 0 0 2 2 4 2 4 2 4 5 6 5 1 
0 87 323 36 12 323 322 1 4 0 1 0 1 0 66 37 14 23.5000 2 1 14 0.3889 19 22 0.0588 0.0681 1 1 5 8 0.2632 0.3636 1 0 0 0 0 0 1 0 0 0 0 0 1 1 1 4 1 12 3 5 7 9 1 
0 87 323 36 12 323 322 1 4 1 0 0 1 0 70 88 70 70 1 1 24 0.6667 14 26 0.0433 0.0805 0 1 -10.0000 2 -0.7143 0.0769 1 0 0 0 0 0 1 0 0 0 0 0 2 2 4 7 4 10 3 4 7 10 1 
1 87 324 36 12 323 322 1 4 1 0 0 1 0 83 86 66 66 1 1 23 0.6389 26 13 0.0805 0.0402 1 0 3 -10.0000 0.1154 -0.7692 1 0 0 0 0 0 1 0 0 0 0 0 2 2 4 4 5 7 3 4 6 10 1 

1 88 325 36 17 324 322 2 4 1 0 1 0 0 59 65 78 78 2 1 10 0.2778 18 11 0.0556 0.0340 1 1 8 1 0.4444 0.0909 2 0 0 0 0 0 2 0 0 0 0 0 2 3 4 4 3 4 3 6 8 9 1 
1 88 325 36 17 324 322 2 4 0 1 1 0 0 59 89 15 78 2 1 10 0.2778 18 26 0.0556 0.0802 1 1 8 16 0.4444 0.6154 1 0 0 0 0 0 1 0 0 0 0 0 1 0 1 0 1 5 2 4 5 6 1 
0 88 324 36 17 324 322 2 4 1 0 0 1 0 66 14 0 0 2 2 5 0.1389 19 28 0.0586 0.0864 1 1 14 23 0.7368 0.8214 1 0 1 0 0 0 1 1 0 0 0 0 2 2 4 2 4 2 3 4 7 7 1 
0 88 324 36 17 324 322 2 4 1 0 0 1 0 66 14 0 0 2 2 6 0.1667 19 28 0.0586 0.0864 1 1 13 22 0.6842 0.7857 1 0 1 0 0 0 1 1 0 0 0 0 2 2 4 2 4 2 3 6 6 8 1 

0 89 323 36 17 323 322 1 4 1 0 0 1 0 66 14 0 0 2 2 5 0.1389 19 28 0.0588 0.0867 1 1 14 23 0.7368 0.8214 1 0 1 0 0 0 1 1 0 0 0 0 2 2 4 2 4 2 3 4 7 7 1 
0 89 323 36 17 323 322 1 4 1 0 0 1 0 66 14 0 0 2 2 6 0.1667 19 28 0.0588 0.0867 1 1 13 22 0.6842 0.7857 1 0 1 0 0 0 1 1 0 0 0 0 2 2 4 2 4 2 3 6 6 8 1 
1 89 324 36 17 323 322 1 4 1 0 0 1 0 89 70 70 70 1 1 25 0.6944 27 14 0.0836 0.0433 1 0 2 -11.0000 0.0741 -0.7857 1 0 0 0 0 0 1 0 0 0 0 0 2 2 4 4 8 9 3 4 7 10 1 
0 89 323 36 17 323 322 1 4 0 1 0 0 1 65 59 0 78 1 1 10 0.2778 11 17 0.0341 0.0526 1 1 1 7 0.0909 0.4118 1 0 0 0 0 0 1 0 0 0 0 0 1 0 1 0 1 1 3 3 3 5 1 

0 90 323 36 12 323 322 1 4 1 0 0 1 0 14 67 14 14 1 2 3 0.0833 28 19 0.0867 0.0588 1 1 25 16 0.8929 0.8421 1 0 0 0 0 0 1 0 0 0 0 0 2 2 4 2 4 2 4 5 6 5 1 
0 90 323 36 12 323 322 1 4 0 1 0 1 0 67 38 14 24.5000 2 1 14 0.3889 19 22 0.0588 0.0681 1 1 5 8 0.2632 0.3636 1 0 0 0 0 0 1 0 0 0 0 0 1 1 1 4 1 9 3 5 7 9 1 
0 90 323 36 12 323 322 1 4 1 0 0 1 0 73 92 73 73 1 1 24 0.6667 14 26 0.0433 0.0805 0 1 -10.0000 2 -0.7143 0.0769 1 0 0 0 0 0 1 0 0 0 0 0 2 2 4 7 4 10 3 4 7 10 1 
1 90 324 36 12 323 322 1 4 1 0 0 1 0 85 87 67 67 1 1 24 0.6667 27 12 0.0836 0.0372 1 0 3 -12.0000 0.1111 -1.0000 1 0 0 0 0 0 1 0 0 0 0 0 2 2 4 4 5 7 3 4 6 10 1 

0 91 323 36 12 323 322 1 4 1 0 0 1 0 14 67 14 14 1 2 3 0.0833 28 19 0.0867 0.0588 1 1 25 16 0.8929 0.8421 1 0 0 0 0 0 1 0 0 0 0 0 2 2 4 2 4 2 4 5 6 5 1 
0 91 323 36 12 323 322 1 4 0 1 0 1 0 67 38 14 24.5000 2 1 14 0.3889 19 22 0.0588 0.0681 1 1 5 8 0.2632 0.3636 1 0 0 0 0 0 1 0 0 0 0 0 1 1 1 4 1 9 3 5 7 9 1 
0 91 323 36 12 323 322 1 4 1 0 0 1 0 73 92 73 73 1 1 24 0.6667 14 26 0.0433 0.0805 0 1 -10.0000 2 -0.7143 0.0769 1 0 0 0 0 0 1 0 0 0 0 0 2 2 4 7 4 10 3 4 7 10 1 
1 91 324 36 12 323 322 1 4 1 0 0 1 0 87 88 68 68 1 1 24 0.6667 27 14 0.0836 0.0433 1 0 3 -10.0000 0.1111 -0.7143 1 0 0 0 0 0 1 0 0 0 0 0 2 2 4 4 5 7 3 4 6 10 1 

0 92 323 36 13 323 322 1 4 1 0 0 1 0 14 68 14 14 1 2 3 0.0833 28 19 0.0867 0.0588 1 1 25 16 0.8929 0.8421 1 0 0 0 0 0 1 0 0 0 0 0 2 2 4 2 4 2 4 5 6 5 1 
0 92 323 36 13 323 322 1 4 0 1 0 1 0 68 39 14 25.5000 2 1 14 0.3889 19 22 0.0588 0.0681 1 1 5 8 0.2632 0.3636 1 0 0 0 0 0 1 0 0 0 0 0 1 1 1 4 1 11 3 5 7 9 1 
0 92 323 36 13 323 322 1 4 1 0 0 1 0 76 95 76 76 1 1 24 0.6667 14 26 0.0433 0.0805 0 1 -10.0000 2 -0.7143 0.0769 1 0 0 0 0 0 1 0 0 0 0 0 2 2 4 7 4 10 3 4 7 10 1 
1 92 324 36 13 323 322 1 4 1 0 0 1 0 89 89 69 69 1 1 24 0.6667 27 13 0.0836 0.0402 1 0 3 -11.0000 0.1111 -0.8462 1 0 0 0 0 0 1 0 0 0 0 0 2 2 4 4 5 7 3 4 6 10 1 

0 93 323 36 11 323 322 1 4 1 0 0 1 0 14 68 14 14 1 2 3 0.0833 28 19 0.0867 0.0588 1 1 25 16 0.8929 0.8421 1 0 0 0 0 0 1 0 0 0 0 0 2 2 4 2 4 2 4 5 6 5 1 
0 93 323 36 11 323 322 1 4 0 1 0 1 0 68 39 14 25.5000 2 1 14 0.3889 19 22 0.0588 0.0681 1 1 5 8 0.2632 0.3636 1 0 0 0 0 0 1 0 0 0 0 0 1 1 1 4 1 12 3 5 7 9 1 
0 93 323 36 11 323 322 1 4 1 0 0 1 0 76 95 76 76 1 1 24 0.6667 14 26 0.0433 0.0805 0 1 -10.0000 2 -0.7143 0.0769 1 0 0 0 0 0 1 0 0 0 0 0 2 2 4 7 4 10 3 4 7 10 1 
1 93 324 36 11 323 322 1 4 1 0 0 1 0 90 90 70 70 1 1 23 0.6389 26 13 0.0805 0.0402 1 0 3 -10.0000 0.1154 -0.7692 1 0 0 0 0 0 1 0 0 0 0 0 2 2 4 4 5 7 3 4 6 10 1 

0 94 323 36 12 323 322 1 4 1 0 0 1 0 14 69 14 14 1 2 3 0.0833 28 19 0.0867 0.0588 1 1 25 16 0.8929 0.8421 1 0 0 0 0 0 1 0 0 0 0 0 2 2 4 2 4 2 4 5 6 5 1 
0 94 323 36 12 323 322 1 4 0 1 0 1 0 69 40 14 26.5000 2 1 14 0.3889 19 22 0.0588 0.0681 1 1 5 8 0.2632 0.3636 1 0 0 0 0 0 1 0 0 0 0 0 1 1 1 4 1 9 3 5 7 9 1 
0 94 323 36 12 323 322 1 4 1 0 0 1 0 77 96 77 77 1 1 24 0.6667 14 26 0.0433 0.0805 0 1 -10.0000 2 -0.7143 0.0769 1 0 0 0 0 0 1 0 0 0 0 0 2 2 4 7 4 10 3 4 7 10 1 
1 94 324 36 12 323 322 1 4 1 0 0 1 0 91 91 71 71 1 1 24 0.6667 27 12 0.0836 0.0372 1 0 3 -12.0000 0.1111 -1.0000 1 0 0 0 0 0 1 0 0 0 0 0 2 2 4 4 5 7 3 4 6 10 1 

0 95 323 36 13 323 322 1 4 1 0 0 1 0 14 71 14 14 1 2 3 0.0833 28 19 0.0867 0.0588 1 1 25 16 0.8929 0.8421 1 0 0 0 0 0 1 0 0 0 0 0 2 2 4 2 4 2 4 5 6 5 1 
0 95 323 36 13 323 322 1 4 0 1 0 1 0 71 41 14 28 2 1 14 0.3889 19 22 0.0588 0.0681 1 1 5 8 0.2632 0.3636 1 0 0 0 0 0 1 0 0 0 0 0 1 1 1 4 1 9 3 5 7 9 1 
0 95 323 36 13 323 322 1 4 1 0 0 1 0 80 99 80 80 1 1 24 0.6667 14 26 0.0433 0.0805 0 1 -10.0000 2 -0.7143 0.0769 1 0 0 0 0 0 1 0 0 0 0 0 2 2 4 7 4 10 3 4 7 10 1 
1 95 324 36 13 323 322 1 4 1 0 0 1 0 93 92 72 72 1 1 24 0.6667 27 14 0.0836 0.0433 1 0 3 -10.0000 0.1111 -0.7143 1 0 0 0 0 0 1 0 0 0 0 0 2 2 4 4 5 7 3 4 6 10 1 

0 96 323 36 13 323 322 1 4 1 0 0 1 0 14 71 14 14 1 2 3 0.0833 28 19 0.0867 0.0588 1 1 25 16 0.8929 0.8421 1 0 0 0 0 0 1 0 0 0 0 0 2 2 4 2 4 2 4 5 6 5 1 
0 96 323 36 13 323 322 1 4 0 1 0 1 0 71 41 14 28 2 1 14 0.3889 19 22 0.0588 0.0681 1 1 5 8 0.2632 0.3636 1 0 0 0 0 0 1 0 0 0 0 0 1 1 1 4 1 9 3 5 7 9 1 
0 96 323 36 13 323 322 1 4 1 0 0 1 0 80 99 80 80 1 1 24 0.6667 14 26 0.0433 0.0805 0 1 -10.0000 2 -0.7143 0.0769 1 0 0 0 0 0 1 0 0 0 0 0 2 2 4 7 4 10 3 4 7 10 1 
1 96 324 36 13 323 322 1 4 1 0 0 1 0 95 93 73 73 1 1 24 0.6667 27 14 0.0836 0.0433 1 0 3 -10.0000 0.1111 -0.7143 1 0 0 0 0 0 1 0 0 0 0 0 2 2 4 4 5 7 3 4 6 10 1 

0 97 323 36 11 323 322 1 4 1 0 0 1 0 14 71 14 14 1 2 3 0.0833 28 19 0.0867 0.0588 1 1 25 16 0.8929 0.8421 1 0 0 0 0 0 1 0 0 0 0 0 2 2 4 2 4 2 4 5 6 5 1 
0 97 323 36 11 323 322 1 4 0 1 0 1 0 71 41 14 28 2 1 14 0.3889 19 22 0.0588 0.0681 1 1 5 8 0.2632 0.3636 1 0 0 0 0 0 1 0 0 0 0 0 1 1 1 4 1 12 3 5 7 9 1 
0 97 323 36 11 323 322 1 4 1 0 0 1 0 81 100 81 81 1 1 24 0.6667 14 26 0.0433 0.0805 0 1 -10.0000 2 -0.7143 0.0769 1 0 0 0 0 0 1 0 0 0 0 0 2 2 4 7 4 10 3 4 7 10 1 
1 97 324 36 11 323 322 1 4 1 0 0 1 0 96 94 74 74 1 1 23 0.6389 26 13 0.0805 0.0402 1 0 3 -10.0000 0.1154 -0.7692 1 0 0 0 0 0 1 0 0 0 0 0 2 2 4 4 5 7 3 4 6 10 1 

1 98 324 36 20 323 323 0 2 1 0 0 1 0 98 95 75 75 1 1 25 0.6944 28 15 0.0867 0.0464 1 0 3 -10.0000 0.1071 -0.6667 1 0 0 0 0 0 1 1 0 0 0 0 2 2 4 3 6 6 3 4 6 10 1 
0 98 323 36 20 323 323 0 2 1 0 0 0 1 103 0 0 0 1 1 14 0.3889 27 37 0.0836 0.1146 1 1 13 23 0.4815 0.6216 1 0 0 0 0 0 1 1 0 0 0 0 2 1 5 4 8 7 3 5 7 10 1 

1 99 324 36 19 323 323 0 2 1 0 0 1 0 103 82 82 82 1 1 26 0.7222 28 14 0.0867 0.0433 1 0 2 -12.0000 0.0714 -0.8571 1 0 0 0 0 0 1 0 0 0 0 0 2 2 4 4 5 13 3 4 7 10 1 
0 99 323 36 19 323 323 0 2 0 1 0 0 1 71 59 0 84 1 1 10 0.2778 11 17 0.0341 0.0526 1 1 1 7 0.0909 0.4118 1 0 0 0 0 0 1 0 0 0 0 0 1 0 1 0 1 1 3 3 3 5 1 

1 100 324 36 16 323 323 0 2 0 1 0 1 0 72 41 14 28 1 1 14 0.3889 19 22 0.0588 0.0681 1 1 5 8 0.2632 0.3636 1 0 0 0 0 0 1 0 0 0 0 0 1 0 3 2 4 9 3 5 7 9 1 
0 100 323 36 16 323 323 0 2 1 0 0 1 0 83 104 83 83 1 1 24 0.6667 14 26 0.0433 0.0805 0 1 -10.0000 2 -0.7143 0.0769 1 0 0 0 0 0 1 0 0 0 0 0 2 2 4 7 4 10 3 4 7 10 1 

1 101 324 36 16 323 323 0 2 0 1 0 1 0 76 44 15 30 1 1 14 0.3889 19 22 0.0588 0.0681 1 1 5 8 0.2632 0.3636 1 0 0 0 0 0 1 0 0 0 0 0 1 0 3 2 4 9 3 5 7 9 1 
0 101 323 36 16 323 323 0 2 1 0 0 1 0 87 109 87 87 1 1 24 0.6667 14 26 0.0433 0.0805 0 1 -10.0000 2 -0.7143 0.0769 1 0 0 0 0 0 1 0 0 0 0 0 2 2 4 7 4 10 3 4 7 10 1 

1 102 324 36 17 323 323 0 2 0 1 0 1 0 79 46 16 31 1 1 14 0.3889 19 22 0.0588 0.0681 1 1 5 8 0.2632 0.3636 1 0 0 0 0 0 1 0 0 0 0 0 1 0 3 2 4 9 3 5 7 9 1 
0 102 323 36 17 323 323 0 2 1 0 0 1 0 88 110 88 88 1 1 24 0.6667 14 26 0.0433 0.0805 0 1 -10.0000 2 -0.7143 0.0769 1 0 0 0 0 0 1 0 0 0 0 0 2 2 4 7 4 10 3 4 7 10 1 

0 103 323 36 14 323 322 1 5 1 0 0 1 0 17 82 17 17 1 2 3 0.0833 28 19 0.0867 0.0588 1 1 25 16 0.8929 0.8421 1 0 0 0 0 0 1 0 0 0 0 0 2 2 4 2 4 2 4 5 6 5 1 
0 103 323 36 14 323 322 1 5 0 1 0 1 0 82 49 17 33 2 1 14 0.3889 19 22 0.0588 0.0681 1 1 5 8 0.2632 0.3636 1 0 0 0 0 0 1 0 0 0 0 0 1 1 1 4 1 9 3 5 7 9 1 
0 103 323 36 14 323 322 1 5 1 0 0 1 0 90 112 90 90 1 1 24 0.6667 14 26 0.0433 0.0805 0 1 -10.0000 2 -0.7143 0.0769 1 0 0 0 0 0 1 0 0 0 0 0 2 2 4 7 4 10 3 4 7 10 1 
0 103 323 36 14 323 322 1 5 1 0 0 1 0 59 75 88 88 1 1 13 0.3611 21 11 0.0650 0.0341 1 0 8 -2.0000 0.3810 -0.1818 1 0 0 0 0 0 1 0 0 1 0 0 2 2 4 4 3 8 3 6 8 9 1 
1 103 324 36 14 323 322 1 5 1 0 0 1 0 103 97 77 77 1 1 24 0.6667 27 14 0.0836 0.0433 1 0 3 -10.0000 0.1111 -0.7143 1 0 0 0 0 0 1 0 0 1 0 0 2 2 4 4 5 7 3 4 6 10 1 

1 104 324 36 19 323 323 0 2 1 0 0 1 0 114 91 91 91 1 1 26 0.7222 28 14 0.0867 0.0433 1 0 2 -12.0000 0.0714 -0.8571 1 0 0 0 0 0 1 0 0 0 0 0 2 2 4 4 5 13 3 4 7 10 1 
0 104 323 36 19 323 323 0 2 0 1 0 0 1 75 59 0 88 1 1 10 0.2778 11 17 0.0341 0.0526 1 1 1 7 0.0909 0.4118 1 0 0 0 0 0 1 0 0 0 0 0 1 0 1 0 1 1 3 3 3 5 1 

0 105 323 36 14 323 322 1 4 1 0 0 1 0 17 83 17 17 1 2 3 0.0833 28 19 0.0867 0.0588 1 1 25 16 0.8929 0.8421 1 0 0 0 0 0 1 0 0 0 0 0 2 2 4 2 4 2 4 5 6 5 1 
0 105 323 36 14 323 322 1 4 0 1 0 1 0 83 49 17 33.5000 2 1 14 0.3889 19 22 0.0588 0.0681 1 1 5 8 0.2632 0.3636 1 0 0 0 0 0 1 0 0 0 0 0 1 1 1 4 1 11 3 5 7 9 1 
0 105 323 36 14 323 322 1 4 1 0 0 1 0 93 116 93 93 1 1 24 0.6667 14 26 0.0433 0.0805 0 1 -10.0000 2 -0.7143 0.0769 1 0 0 0 0 0 1 0 0 0 0 0 2 2 4 7 4 10 3 4 7 10 1 
1 105 324 36 14 323 322 1 4 1 0 0 1 0 105 100 80 80 1 1 24 0.6667 27 13 0.0836 0.0402 1 0 3 -11.0000 0.1111 -0.8462 1 0 0 0 0 0 1 0 0 0 0 0 2 2 4 4 5 7 3 4 6 10 1 

0 106 323 36 12 323 321 2 5 1 0 1 0 0 117 76 89 89 1 2 9 0.2500 26 10 0.0805 0.0310 1 1 17 1 0.6538 0.1000 1 0 0 1 0 0 2 0 0 1 0 0 2 3 6 6 5 5 3 6 8 9 1 
1 106 324 36 12 323 321 2 5 1 0 1 0 0 60 76 89 89 1 2 12 0.3333 20 10 0.0619 0.0310 1 0 8 -2.0000 0.4000 -0.2000 1 0 0 1 0 0 2 0 0 1 0 0 2 2 5 6 8 7 3 6 8 9 1 
0 106 323 36 12 323 321 2 5 1 0 0 1 0 17 84 17 17 1 2 3 0.0833 28 19 0.0867 0.0588 1 1 25 16 0.8929 0.8421 1 0 0 0 0 0 1 0 0 0 0 0 2 2 4 2 4 2 4 5 6 5 1 
0 106 323 36 12 323 321 2 5 0 1 0 1 0 84 50 17 34.5000 2 1 14 0.3889 19 22 0.0588 0.0681 1 1 5 8 0.2632 0.3636 1 0 0 0 0 0 1 0 0 0 0 0 1 1 1 4 1 12 3 5 7 9 1 
0 106 323 36 12 323 321 2 5 1 0 0 1 0 101 106 81 81 1 1 23 0.6389 14 26 0.0433 0.0805 0 1 -9.0000 3 -0.6429 0.1154 1 0 0 0 0 0 1 0 0 2 0 0 2 2 4 4 5 7 3 4 6 10 1 

1 107 325 36 17 324 323 1 5 1 0 1 0 0 62 77 91 91 2 1 10 0.2778 18 11 0.0556 0.0340 1 1 8 1 0.4444 0.0909 2 0 0 0 0 0 2 0 0 0 0 0 2 3 4 4 3 4 3 6 8 9 1 
1 107 325 36 17 324 323 1 5 0 1 1 0 0 62 118 15 91 2 1 10 0.2778 18 26 0.0556 0.0802 1 1 8 16 0.4444 0.6154 1 0 0 0 0 0 1 0 0 0 0 0 1 0 1 0 1 5 2 4 5 6 1 
0 107 324 36 17 324 323 1 5 1 0 0 1 0 84 17 34.5000 34.5000 3 2 15 0.4167 20 29 0.0617 0.0895 1 1 5 14 0.2500 0.4828 2 0 1 0 0 0 2 1 0 0 0 0 2 2 5 6 5 4 3 6 9 12 1 
0 107 324 36 17 324 323 1 5 1 0 0 1 0 84 17 0 0 3 2 16 0.4444 20 29 0.0617 0.0895 1 1 4 13 0.2000 0.4483 1 0 2 0 0 0 1 2 0 0 0 0 2 0 4 3 11 8 3 6 10 10 1 
0 107 324 36 17 324 323 1 5 0 1 0 1 0 84 50 17 34.5000 3 1 15 0.4167 20 23 0.0617 0.0710 1 1 5 8 0.2500 0.3478 1 0 0 0 0 0 1 0 0 0 0 0 1 0 1 1 4 2 3 5 7 9 1 

0 108 323 36 17 323 323 0 5 1 0 0 1 0 84 17 34.5000 34.5000 3 2 15 0.4167 20 29 0.0619 0.0898 1 1 5 14 0.2500 0.4828 2 0 1 0 0 0 2 1 0 0 0 0 2 2 5 6 5 4 3 6 9 12 1 
0 108 323 36 17 323 323 0 5 1 0 0 1 0 84 17 0 0 3 2 16 0.4444 20 29 0.0619 0.0898 1 1 4 13 0.2000 0.4483 1 0 2 0 0 0 1 2 0 0 0 0 2 0 4 3 11 8 3 6 10 10 1 
0 108 323 36 17 323 323 0 5 0 1 0 1 0 84 50 17 34.5000 3 1 15 0.4167 20 23 0.0619 0.0712 1 1 5 8 0.2500 0.3478 1 0 0 0 0 0 1 0 0 0 0 0 1 0 1 1 4 2 3 5 7 9 1 
1 108 324 36 17 323 323 0 5 1 0 0 1 0 118 94 94 94 1 1 25 0.6944 27 14 0.0836 0.0433 1 0 2 -11.0000 0.0741 -0.7857 1 0 0 0 0 0 1 0 0 0 0 0 2 2 4 4 8 9 3 4 7 10 1 
0 108 323 36 17 323 323 0 5 0 1 0 0 1 77 62 0 91 1 1 10 0.2778 11 17 0.0341 0.0526 1 1 1 7 0.0909 0.4118 1 0 0 0 0 0 1 0 0 0 0 0 1 0 1 0 1 1 3 3 3 5 1 

1 109 324 36 17 323 323 0 3 0 1 0 1 0 85 50 17 34.5000 1 1 14 0.3889 19 22 0.0588 0.0681 1 1 5 8 0.2632 0.3636 1 0 0 0 0 0 1 0 0 0 0 0 1 0 3 2 4 7 3 5 7 9 1 
0 109 323 36 17 323 323 0 3 1 0 0 1 0 95 119 95 95 1 1 24 0.6667 15 26 0.0464 0.0805 0 1 -9.0000 2 -0.6000 0.0769 1 0 0 0 0 0 1 0 0 0 0 0 2 2 4 7 4 10 3 4 7 10 1 
0 109 323 36 17 323 323 0 3 1 0 0 1 0 62 78 92 92 1 1 13 0.3611 21 8 0.0650 0.0248 1 0 8 -5.0000 0.3810 -0.6250 1 0 0 0 0 0 1 0 0 0 0 0 2 2 4 4 4 7 3 6 8 9 1 

1 110 324 36 15 323 323 0 3 0 1 0 1 0 88 52 18 35.5000 1 1 14 0.3889 19 22 0.0588 0.0681 1 1 5 8 0.2632 0.3636 1 0 0 0 0 0 1 0 0 0 0 0 1 0 3 2 2 7 3 5 7 9 1 
0 110 323 36 15 323 323 0 3 1 0 0 1 0 96 120 96 96 1 1 24 0.6667 14 26 0.0433 0.0805 0 1 -10.0000 2 -0.7143 0.0769 1 0 0 0 0 0 1 0 0 0 0 0 2 2 4 7 4 10 3 4 7 10 1 
0 110 323 36 15 323 323 0 3 1 0 0 1 0 101 107 81 81 1 1 24 0.6667 14 27 0.0433 0.0836 0 1 -10.0000 3 -0.7143 0.1111 1 0 0 0 0 0 1 0 0 0 0 0 2 2 4 4 5 7 3 4 6 10 1 

0 111 323 36 12 323 322 1 5 1 0 0 1 0 19 90 19 19 1 2 3 0.0833 28 19 0.0867 0.0588 1 1 25 16 0.8929 0.8421 1 0 0 0 0 0 1 0 0 0 0 0 2 2 4 2 4 2 4 5 6 5 1 
0 111 323 36 12 323 322 1 5 0 1 0 1 0 90 54 19 36.5000 2 1 14 0.3889 19 22 0.0588 0.0681 1 1 5 8 0.2632 0.3636 1 0 0 0 0 0 1 0 0 0 0 0 1 1 1 4 1 12 3 5 7 9 1 
0 111 323 36 12 323 322 1 5 1 0 0 1 0 100 124 100 100 1 1 24 0.6667 14 26 0.0433 0.0805 0 1 -10.0000 2 -0.7143 0.0769 1 0 0 0 0 0 1 0 0 0 0 0 2 2 4 7 4 10 3 4 7 10 1 
1 111 324 36 12 323 322 1 5 1 0 0 1 0 108 102 82 82 1 1 23 0.6389 26 14 0.0805 0.0433 1 0 3 -9.0000 0.1154 -0.6429 1 0 0 0 0 0 1 0 0 1 0 0 2 2 4 4 5 7 3 4 6 10 1 
0 111 323 36 12 323 322 1 5 1 0 0 1 0 65 81 95 95 1 1 13 0.3611 21 12 0.0650 0.0372 1 0 8 -1.0000 0.3810 -0.0833 1 0 0 0 0 0 1 0 0 1 0 0 2 2 4 3 4 8 3 6 8 9 1 

1 112 324 36 14 323 323 0 4 0 1 0 1 0 91 54 19 36.5000 1 1 14 0.3889 19 22 0.0588 0.0681 1 1 5 8 0.2632 0.3636 1 0 0 0 0 0 1 0 0 0 0 0 1 0 3 2 2 10 3 5 7 9 1 
0 112 323 36 14 323 323 0 4 1 0 0 1 0 100 124 100 100 1 1 24 0.6667 15 26 0.0464 0.0805 0 1 -9.0000 2 -0.6000 0.0769 1 0 0 0 0 0 1 0 0 0 0 0 2 2 4 7 4 10 3 4 7 10 1 
0 112 323 36 14 323 323 0 4 1 0 0 1 0 103 109 83 83 1 1 23 0.6389 14 26 0.0433 0.0805 0 1 -9.0000 3 -0.6429 0.1154 1 0 0 0 0 0 1 0 0 1 0 0 2 2 4 4 5 7 3 4 6 10 1 
0 112 323 36 14 323 323 0 4 1 0 0 1 0 67 83 97 97 1 1 13 0.3611 21 10 0.0650 0.0310 1 0 8 -3.0000 0.3810 -0.3000 1 0 0 0 0 0 1 0 0 1 0 0 2 2 4 4 4 6 3 6 8 9 1 

1 113 324 36 16 323 323 0 2 0 1 0 1 0 94 56 19.5000 38 1 1 14 0.3889 19 22 0.0588 0.0681 1 1 5 8 0.2632 0.3636 1 0 0 0 0 0 1 0 0 0 0 0 1 0 3 2 4 9 3 5 7 9 1 
0 113 323 36 16 323 323 0 2 1 0 0 1 0 101 125 101 101 1 1 24 0.6667 14 26 0.0433 0.0805 0 1 -10.0000 2 -0.7143 0.0769 1 0 0 0 0 0 1 0 0 0 0 0 2 2 4 7 4 10 3 4 7 10 1 

0 114 323 36 19 323 323 0 4 1 0 0 1 0 96 21 39 39 3 2 15 0.4167 20 29 0.0619 0.0898 1 1 5 14 0.2500 0.4828 1 0 2 0 0 0 1 2 0 0 0 0 2 0 7 5 6 6 3 6 9 12 1 
0 114 323 36 19 323 323 0 4 1 0 0 1 0 96 21 0 0 3 2 16 0.4444 20 29 0.0619 0.0898 1 1 4 13 0.2000 0.4483 1 0 1 0 1 0 1 1 1 0 0 0 2 0 4 0 14 11 3 6 10 10 1 
0 114 323 36 19 323 323 0 4 1 0 0 1 0 96 58 20.5000 20.5000 3 1 14 0.3889 20 22 0.0619 0.0681 1 1 6 8 0.3000 0.3636 1 0 1 0 1 0 1 1 1 0 0 0 2 1 6 4 7 11 4 6 9 12 1 
1 114 324 36 19 323 323 0 4 1 0 0 1 0 127 102 102 102 1 1 25 0.6944 27 14 0.0836 0.0433 1 0 2 -11.0000 0.0741 -0.7857 1 0 0 0 0 0 1 0 0 0 0 0 2 2 4 4 8 9 3 4 7 10 1 

0 115 323 36 11 323 321 2 5 1 0 1 0 0 128 104 84 84 2 2 12 0.3333 26 12 0.0805 0.0372 1 0 14 0 0.5385 0 1 0 0 0 1 0 2 0 1 0 0 0 2 2 3 7 7 12 3 4 6 10 1 
0 115 323 36 11 323 321 2 5 1 0 1 0 0 128 69 15 15 2 1 10 0.2778 26 19 0.0805 0.0588 1 1 16 9 0.6154 0.4737 1 0 0 0 1 0 1 0 2 0 0 0 2 4 4 6 5 6 3 6 9 10 1 
0 115 323 36 11 323 321 2 5 1 0 0 1 0 21 96 21 21 1 2 3 0.0833 28 19 0.0867 0.0588 1 1 25 16 0.8929 0.8421 1 0 0 0 0 0 1 0 0 0 0 0 2 2 4 2 4 2 4 5 6 5 1 
0 115 323 36 11 323 321 2 5 0 1 0 1 0 96 58 20.5000 39 2 1 14 0.3889 19 22 0.0588 0.0681 1 1 5 8 0.2632 0.3636 1 0 0 0 0 0 1 0 0 0 0 0 1 1 1 4 1 12 3 5 7 9 1 
1 115 324 36 11 323 321 2 5 1 0 0 1 0 109 104 84 84 1 2 23 0.6389 26 12 0.0805 0.0372 1 0 3 -11.0000 0.1154 -0.9167 1 0 0 0 0 0 2 0 1 0 0 0 2 2 4 4 5 7 3 4 6 10 1 

0 116 323 36 20 323 323 0 5 1 0 0 1 0 69 86 100 100 1 1 13 0.3611 21 8 0.0650 0.0248 1 0 8 -5.0000 0.3810 -0.6250 1 0 0 0 0 0 1 0 0 0 0 0 2 2 4 4 4 7 3 6 8 9 1 
0 116 323 36 20 323 323 0 5 1 0 0 1 0 96 21 39 39 3 2 15 0.4167 20 29 0.0619 0.0898 1 1 5 14 0.2500 0.4828 1 0 2 0 0 0 1 2 0 0 0 0 2 0 7 5 6 3 3 6 9 12 1 
0 116 323 36 20 323 323 0 5 1 0 0 1 0 96 21 0 0 3 2 16 0.4444 20 29 0.0619 0.0898 1 1 4 13 0.2000 0.4483 1 0 1 0 1 0 1 1 1 0 0 0 2 0 4 0 14 8 3 6 10 10 1 
0 116 323 36 20 323 323 0 5 1 0 0 1 0 96 58 20.5000 20.5000 3 1 14 0.3889 20 22 0.0619 0.0681 1 1 6 8 0.3000 0.3636 1 0 1 0 1 0 1 1 1 0 0 0 2 1 6 4 7 9 4 6 9 12 1 
1 116 324 36 20 323 323 0 5 1 0 0 1 0 129 103 103 103 1 1 25 0.6944 27 14 0.0836 0.0433 1 0 2 -11.0000 0.0741 -0.7857 1 0 0 0 0 0 1 0 0 0 0 0 2 2 4 4 8 9 3 4 7 10 1 

1 117 324 36 14 323 321 2 5 1 0 1 0 0 69 106 15 15 2 1 10 0.2778 19 13 0.0588 0.0402 1 1 9 3 0.4737 0.2308 1 0 1 0 0 0 1 1 0 0 0 0 2 1 5 3 7 5 3 6 9 10 1 
1 117 324 36 14 323 321 2 5 1 0 1 0 0 69 87 101 101 2 1 11 0.3056 19 12 0.0588 0.0372 1 1 8 1 0.4211 0.0833 1 0 1 0 0 0 1 1 0 0 0 0 2 1 7 3 6 4 3 6 8 9 1 
0 117 323 36 14 323 321 2 5 1 0 0 1 0 21 96 21 21 1 2 3 0.0833 28 19 0.0867 0.0588 1 1 25 16 0.8929 0.8421 1 0 0 0 0 0 1 0 0 0 0 0 2 2 4 2 4 2 4 5 6 5 1 
0 117 323 36 14 323 321 2 5 0 1 0 1 0 96 58 20.5000 39 2 1 14 0.3889 19 22 0.0588 0.0681 1 1 5 8 0.2632 0.3636 1 0 0 0 0 0 1 0 0 0 0 0 1 1 1 4 3 9 3 5 7 9 1 
0 117 323 36 14 323 321 2 5 1 0 0 1 0 105 131 105 105 1 1 24 0.6667 14 26 0.0433 0.0805 0 1 -10.0000 2 -0.7143 0.0769 1 0 0 0 0 0 1 0 0 0 0 0 2 2 4 7 4 10 3 4 7 10 1 

0 118 323 36 18 323 323 0 3 1 0 0 1 0 107 112 86 86 1 1 23 0.6389 14 26 0.0433 0.0805 0 1 -9.0000 3 -0.6429 0.1154 1 0 0 0 0 0 1 0 0 1 0 0 2 2 4 4 5 7 3 4 6 10 1 
0 118 323 36 18 323 323 0 3 1 0 0 1 0 70 88 102 102 1 1 13 0.3611 21 10 0.0650 0.0310 1 0 8 -3.0000 0.3810 -0.3000 1 0 0 0 0 0 1 0 0 1 0 0 2 2 4 4 4 6 3 6 8 9 1 
1 118 324 36 18 323 323 0 3 1 0 0 1 0 132 105 105 105 1 1 26 0.7222 28 14 0.0867 0.0433 1 0 2 -12.0000 0.0714 -0.8571 1 0 0 0 0 0 1 0 0 0 0 0 2 2 4 4 5 13 3 4 7 10 1 

0 119 323 36 21 323 323 0 2 1 0 0 1 0 70 89 103 103 1 1 13 0.3611 21 8 0.0650 0.0248 1 0 8 -5.0000 0.3810 -0.6250 1 0 0 0 0 0 1 0 0 0 0 0 2 2 4 4 4 7 3 6 8 9 1 
1 119 324 36 21 323 323 0 2 1 0 0 1 0 136 108 108 108 1 1 26 0.7222 28 14 0.0867 0.0433 1 0 2 -12.0000 0.0714 -0.8571 1 0 0 0 0 0 1 0 0 0 0 0 2 2 4 4 5 13 3 4 7 10 1 

0 120 323 36 13 323 322 1 4 1 0 0 1 0 21 98 21 21 1 2 3 0.0833 28 19 0.0867 0.0588 1 1 25 16 0.8929 0.8421 1 0 0 0 0 0 1 0 0 0 0 0 2 2 4 2 4 2 4 5 6 5 1 
0 120 323 36 13 323 322 1 4 0 1 0 1 0 98 60 21 40.5000 2 1 14 0.3889 19 22 0.0588 0.0681 1 1 5 8 0.2632 0.3636 1 0 0 0 0 0 1 0 0 0 0 0 1 1 1 4 1 14 3 5 7 9 1 
0 120 323 36 13 323 322 1 4 1 0 0 1 0 110 138 110 110 1 1 24 0.6667 15 26 0.0464 0.0805 0 1 -9.0000 2 -0.6000 0.0769 1 0 0 0 0 0 1 0 0 0 0 0 2 2 4 7 4 10 3 4 7 10 1 
1 120 324 36 13 323 322 1 4 1 0 0 1 0 113 109 87 87 1 1 23 0.6389 26 13 0.0805 0.0402 1 0 3 -10.0000 0.1154 -0.7692 1 0 0 0 0 0 1 0 0 0 0 0 2 2 4 4 5 7 3 4 6 10 1 

0 121 323 36 17 323 323 0 6 1 0 0 1 0 111 115 89 89 1 1 23 0.6389 14 26 0.0433 0.0805 0 1 -9.0000 3 -0.6429 0.1154 1 0 0 0 0 0 1 0 0 1 0 0 2 2 4 4 5 7 3 4 6 10 1 
0 121 323 36 17 323 323 0 6 1 0 0 1 0 72 91 105 105 1 1 13 0.3611 21 10 0.0650 0.0310 1 0 8 -3.0000 0.3810 -0.3000 1 0 0 0 0 0 1 0 0 1 0 0 2 2 4 4 4 6 3 6 8 9 1 
0 121 323 36 17 323 323 0 6 1 0 0 1 0 99 21 41 41 3 2 15 0.4167 20 29 0.0619 0.0898 1 1 5 14 0.2500 0.4828 1 0 2 0 0 0 1 2 0 0 0 0 2 0 7 5 5 5 3 6 9 12 1 
0 121 323 36 17 323 323 0 6 1 0 0 1 0 99 21 0 0 3 2 16 0.4444 20 29 0.0619 0.0898 1 1 4 13 0.2000 0.4483 1 0 1 0 1 0 1 1 1 0 0 0 2 0 4 0 14 9 3 6 10 10 1 
0 121 323 36 17 323 323 0 6 1 0 0 1 0 99 60 21 21 3 1 14 0.3889 20 22 0.0619 0.0681 1 1 6 8 0.3000 0.3636 1 0 1 0 1 0 1 1 1 0 0 0 2 1 6 4 5 12 4 6 9 12 1 
1 121 324 36 17 323 323 0 6 1 0 0 1 0 140 111 111 111 1 1 25 0.6944 27 14 0.0836 0.0433 1 0 2 -11.0000 0.0741 -0.7857 1 0 0 0 0 0 1 0 0 0 0 0 2 2 4 4 8 9 3 4 7 10 1 

0 122 323 36 13 323 322 1 5 1 0 0 1 0 21 99 21 21 1 2 3 0.0833 28 19 0.0867 0.0588 1 1 25 16 0.8929 0.8421 1 0 0 0 0 0 1 0 0 0 0 0 2 2 4 2 4 2 4 5 6 5 1 
0 122 323 36 13 323 322 1 5 0 1 0 1 0 99 60 21 41 2 1 14 0.3889 19 22 0.0588 0.0681 1 1 5 8 0.2632 0.3636 1 0 0 0 0 0 1 0 0 0 0 0 1 1 1 4 1 12 3 5 7 9 1 
0 122 323 36 13 323 322 1 5 1 0 0 1 0 113 141 113 113 1 1 24 0.6667 16 26 0.0495 0.0805 0 1 -8.0000 2 -0.5000 0.0769 1 0 0 0 0 0 1 0 0 0 0 0 2 2 4 7 4 10 3 4 7 10 1 
0 122 323 36 13 323 322 1 5 1 0 0 1 0 74 93 107 107 1 1 13 0.3611 21 8 0.0650 0.0248 1 0 8 -5.0000 0.3810 -0.6250 1 0 0 0 0 0 1 0 0 1 0 0 2 2 4 4 4 7 3 6 8 9 1 
1 122 324 36 13 323 322 1 5 1 0 0 1 0 117 113 91 91 1 1 23 0.6389 26 14 0.0805 0.0433 1 0 3 -9.0000 0.1154 -0.6429 1 0 0 0 0 0 1 0 0 1 0 0 2 2 4 4 5 7 3 4 6 10 1 

0 123 323 36 11 323 321 2 4 1 0 1 0 0 119 115 93 93 1 1 22 0.6111 25 14 0.0774 0.0433 1 0 3 -8.0000 0.1200 -0.5714 1 0 0 0 0 0 1 0 0 0 0 0 2 2 4 4 5 7 3 4 6 10 1 
0 123 323 36 11 323 321 2 4 1 0 0 1 0 21 99 21 21 1 2 3 0.0833 28 19 0.0867 0.0588 1 1 25 16 0.8929 0.8421 1 0 0 0 0 0 1 0 0 0 0 0 2 2 4 2 4 2 4 5 6 5 1 
0 123 323 36 11 323 321 2 4 0 1 0 1 0 99 60 21 41 2 1 14 0.3889 19 22 0.0588 0.0681 1 1 5 8 0.2632 0.3636 1 0 0 0 0 0 1 0 0 0 0 0 1 1 1 4 3 9 3 5 7 9 1 
1 123 324 36 11 323 321 2 4 1 0 0 1 0 142 114 114 114 1 1 25 0.6944 27 15 0.0836 0.0464 1 0 2 -10.0000 0.0741 -0.6667 1 0 0 0 0 0 1 0 0 0 0 0 2 2 4 4 8 9 3 4 7 10 1 

0 124 324 36 11 324 321 3 6 1 0 1 0 0 119 115 93 93 1 1 22 0.6111 25 14 0.0772 0.0432 1 0 3 -8.0000 0.1200 -0.5714 1 0 0 0 0 0 1 0 1 2 0 0 2 2 4 4 5 7 3 4 6 10 1 
1 124 325 36 11 324 321 3 6 1 0 1 0 0 75 93 107.5000 107.5000 2 2 11 0.3056 19 12 0.0586 0.0370 1 1 8 1 0.4211 0.0833 1 0 2 0 0 0 2 1 0 1 0 0 2 1 7 4 4 6 3 6 8 9 1 
1 124 325 36 11 324 321 3 6 1 0 1 0 0 75 143 17.5000 17.5000 2 2 10 0.2778 19 26 0.0586 0.0802 1 1 9 16 0.4737 0.6154 1 0 2 0 0 0 1 2 1 0 0 0 2 1 5 5 4 8 3 6 9 10 1 
0 124 324 36 11 324 321 3 6 1 0 0 1 0 21 99 21 21 1 2 3 0.0833 28 19 0.0864 0.0586 1 1 25 16 0.8929 0.8421 1 0 0 0 0 0 1 0 0 0 0 0 2 2 4 2 4 2 4 5 6 5 1 
0 124 324 36 11 324 321 3 6 0 1 0 1 0 99 60 21 41 2 1 14 0.3889 19 22 0.0586 0.0679 1 1 5 8 0.2632 0.3636 1 0 0 0 0 0 1 0 0 0 0 0 1 1 1 4 3 9 3 5 7 9 1 
0 124 324 36 11 324 321 3 6 0 1 0 1 0 143 93 0 107.5000 2 2 9 0.2500 26 12 0.0802 0.0370 1 1 17 3 0.6538 0.2500 1 0 0 0 0 0 1 0 0 0 0 0 1 1 0 0 0 4 2 4 5 6 1 

0 125 323 36 14 323 321 2 6 1 0 1 0 0 143 115 93 93 3 2 13 0.3611 27 12 0.0836 0.0372 1 0 14 -1.0000 0.5185 -0.0833 1 0 0 0 1 0 2 0 1 1 0 0 2 2 6 3 8 13 3 4 6 10 1 
0 125 323 36 14 323 321 2 6 1 0 0 1 0 21 99 21 21 1 2 3 0.0833 28 19 0.0867 0.0588 1 1 25 16 0.8929 0.8421 1 0 0 0 0 0 1 0 0 0 0 0 2 2 4 2 4 2 4 5 6 5 1 
0 125 323 36 14 323 321 2 6 0 1 0 1 0 99 60 21 41 2 1 14 0.3889 19 22 0.0588 0.0681 1 1 5 8 0.2632 0.3636 1 0 0 0 0 0 1 0 0 0 0 0 1 1 1 4 1 14 3 5 7 9 1 
1 125 324 36 14 323 321 2 6 1 0 0 1 0 119 115 93 93 1 2 23 0.6389 26 12 0.0805 0.0372 1 0 3 -11.0000 0.1154 -0.9167 1 0 0 0 0 0 2 0 1 1 0 0 2 2 4 4 5 7 3 4 6 10 1 
0 125 323 36 14 323 321 2 6 1 0 0 1 0 143 94 108.5000 108.5000 3 1 9 0.2500 27 10 0.0836 0.0310 1 1 18 1 0.6667 0.1000 1 0 0 0 0 0 1 0 0 2 0 1 2 3 5 3 7 4 3 6 8 9 1 
0 125 323 36 14 323 321 2 6 1 0 0 0 1 143 0 0 0 3 1 15 0.4167 27 37 0.0836 0.1146 1 1 12 22 0.4444 0.5946 1 0 0 0 1 0 1 0 2 0 0 1 2 0 5 4 9 22 4 5 7 9 1 

0 126 323 36 12 323 322 1 4 1 0 0 1 0 21 99 21 21 1 2 3 0.0833 28 19 0.0867 0.0588 1 1 25 16 0.8929 0.8421 1 0 0 0 0 0 1 0 0 0 0 0 2 2 4 2 4 2 4 5 6 5 1 
0 126 323 36 12 323 322 1 4 0 1 0 1 0 99 61 21 42 2 1 14 0.3889 19 22 0.0588 0.0681 1 1 5 8 0.2632 0.3636 1 0 0 0 0 0 1 0 0 0 0 0 1 1 1 4 1 14 3 5 7 9 1 
0 126 323 36 12 323 322 1 4 1 0 0 1 0 118 145 118 118 1 1 24 0.6667 15 26 0.0464 0.0805 0 1 -9.0000 2 -0.6000 0.0769 1 0 0 0 0 0 1 0 0 0 0 0 2 2 4 7 4 10 3 4 7 10 1 
1 126 324 36 12 323 322 1 4 1 0 0 1 0 122 119 96 96 1 1 23 0.6389 26 13 0.0805 0.0402 1 0 3 -10.0000 0.1154 -0.7692 1 0 0 0 0 0 1 0 0 0 0 0 2 2 4 4 5 7 3 4 6 10 1 

0 127 323 36 19 323 323 0 5 1 0 0 1 0 99 21 42 42 3 2 15 0.4167 20 29 0.0619 0.0898 1 1 5 14 0.2500 0.4828 1 0 2 0 0 0 1 2 0 0 0 0 2 0 7 5 6 3 3 6 9 12 1 
0 127 323 36 19 323 323 0 5 1 0 0 1 0 99 21 0 0 3 2 16 0.4444 20 29 0.0619 0.0898 1 1 4 13 0.2000 0.4483 1 0 1 0 1 0 1 1 1 0 0 0 2 0 4 0 14 7 3 6 10 10 1 
0 127 323 36 19 323 323 0 5 1 0 0 1 0 99 61 21 21 3 1 14 0.3889 20 22 0.0619 0.0681 1 1 6 8 0.3000 0.3636 1 0 1 0 1 0 1 1 1 0 0 0 2 1 6 4 7 9 4 6 9 12 1 
1 127 324 36 19 323 323 0 5 1 0 0 1 0 146 119 119 119 1 1 26 0.7222 28 14 0.0867 0.0433 1 0 2 -12.0000 0.0714 -0.8571 1 0 0 0 0 0 1 0 0 0 0 0 2 2 4 4 5 13 3 4 7 10 1 
0 127 323 36 19 323 323 0 5 0 1 0 0 1 95 79 0 109.5000 1 1 10 0.2778 11 17 0.0341 0.0526 1 1 1 7 0.0909 0.4118 1 0 0 0 0 0 1 0 0 0 0 0 1 0 1 0 1 1 3 3 3 5 1 

0 128 323 36 14 323 321 2 5 1 0 1 0 0 126 95 111.5000 111.5000 1 2 23 0.6389 27 11 0.0836 0.0341 1 0 4 -12.0000 0.1481 -1.0909 1 0 0 0 0 0 2 0 0 0 0 0 2 2 4 3 6 6 3 6 8 9 1 
0 128 323 36 14 323 321 2 5 1 0 0 1 0 21 99 21 21 1 2 3 0.0833 28 19 0.0867 0.0588 1 1 25 16 0.8929 0.8421 1 0 0 0 0 0 1 0 0 0 0 0 2 2 4 2 4 2 4 5 6 5 1 
0 128 323 36 14 323 321 2 5 0 1 0 1 0 99 61 21 42 2 1 14 0.3889 19 22 0.0588 0.0681 1 1 5 8 0.2632 0.3636 1 0 0 0 0 0 1 0 0 0 0 0 1 1 3 4 3 9 3 5 7 9 1 
1 128 324 36 14 323 321 2 5 1 0 0 1 0 148 121 121 121 1 1 25 0.6944 27 15 0.0836 0.0464 1 0 2 -10.0000 0.0741 -0.6667 1 0 0 0 0 0 1 0 0 0 0 0 2 2 4 4 8 9 3 4 7 10 1 
0 128 323 36 14 323 321 2 5 0 1 0 0 1 95 81 0 111.5000 2 1 10 0.2778 11 17 0.0341 0.0526 1 1 1 7 0.0909 0.4118 1 0 0 0 0 0 1 0 0 0 0 0 1 0 1 0 1 1 3 3 3 5 1 

