1 1 279 26 0 278 272 6 13 1 0 1 0 0 0 0 0 0 1 2 11 0.4231 16 6 0.0576 0.0216 1 0 5 -5.0000 0.3125 -0.8333 1 0 0 1 0 0 2 0 0 0 0 2 2 2 4 6 4 7 3 5 8 7 1 
1 1 279 26 0 278 272 6 13 1 0 1 0 0 0 0 0 0 2 2 8 0.3077 18 6 0.0647 0.0216 1 0 10 -2.0000 0.5556 -0.3333 1 0 0 1 0 0 2 0 0 0 0 2 2 2 4 6 3 4 3 5 8 7 1 
0 1 278 26 0 278 272 6 13 1 0 1 0 0 0 0 0 0 7 6 8 0.3077 12 12 0.0432 0.0432 1 1 4 4 0.3333 0.3333 1 0 2 0 1 0 1 2 1 1 2 0 2 2 5 3 5 8 3 6 8 9 1 
0 1 278 26 0 278 272 6 13 1 0 1 0 0 0 0 0 0 7 6 9 0.3462 12 12 0.0432 0.0432 1 1 3 3 0.2500 0.2500 1 0 1 0 1 0 1 1 1 1 1 2 2 1 5 2 5 9 3 6 9 10 1 
0 1 278 26 0 278 272 6 13 1 0 1 0 0 0 0 0 0 2 1 7 0.2692 16 16 0.0576 0.0576 1 1 9 9 0.5625 0.5625 1 0 0 0 0 0 1 0 0 0 2 0 2 0 4 6 8 5 3 6 9 12 1 
0 1 278 26 0 278 272 6 13 1 0 0 1 0 0 0 0 0 1 1 14 0.5385 25 26 0.0899 0.0935 1 1 11 12 0.4400 0.4615 1 0 0 0 0 0 1 0 0 0 1 2 2 0 4 0 4 3 4 6 9 13 1 
1 1 279 26 0 278 272 6 13 0 1 0 1 0 0 0 0 0 1 1 8 0.3077 27 15 0.0971 0.0540 1 1 19 7 0.7037 0.4667 1 0 0 0 0 0 1 0 0 0 0 0 1 0 1 0 1 0 1 2 3 4 1 
0 1 278 26 0 278 272 6 13 1 0 0 1 0 0 0 0 0 7 6 4 0.1538 12 12 0.0432 0.0432 1 1 8 8 0.6667 0.6667 2 0 1 0 1 0 2 1 1 1 1 1 2 2 4 3 4 4 3 5 8 8 1 
0 1 278 26 0 278 272 6 13 1 0 0 1 0 0 0 0 0 7 6 5 0.1923 12 12 0.0432 0.0432 1 1 7 7 0.5833 0.5833 1 0 3 0 1 0 1 3 1 1 1 0 2 0 4 4 4 10 3 6 6 9 1 
0 1 278 26 0 278 272 6 13 1 0 0 1 0 0 0 0 0 7 6 6 0.2308 12 12 0.0432 0.0432 1 1 6 6 0.5000 0.5000 1 0 2 0 3 0 1 2 3 1 0 0 2 0 4 0 4 16 3 4 7 9 1 
0 1 278 26 0 278 272 6 13 1 0 0 1 0 0 0 0 0 7 6 7 0.2692 12 12 0.0432 0.0432 1 1 5 5 0.4167 0.4167 1 0 2 0 2 0 1 2 2 2 0 0 2 0 4 4 5 8 3 5 7 10 1 
0 1 278 26 0 278 272 6 13 1 0 0 1 0 0 0 0 0 2 2 3 0.1154 16 18 0.0576 0.0647 1 1 13 15 0.8125 0.8333 1 0 0 0 0 0 1 0 0 0 1 2 2 0 4 3 6 3 4 7 7 12 1 
0 1 278 26 0 278 272 6 13 0 1 0 0 1 0 0 0 0 7 1 4 0.1538 12 18 0.0432 0.0647 1 1 8 14 0.6667 0.7778 1 0 0 0 0 0 1 0 0 0 0 0 1 0 2 0 3 2 2 4 5 7 1 

0 2 279 26 1 279 273 6 13 1 0 1 0 0 0 1 1 1 2 2 8 0.3077 18 6 0.0645 0.0215 1 0 10 -2.0000 0.5556 -0.3333 1 0 0 0 1 0 2 0 0 0 0 2 2 2 4 5 5 3 3 5 8 7 1 
0 2 279 26 1 279 273 6 13 1 0 1 0 0 0 0 0 0 7 6 8 0.3077 12 12 0.0430 0.0430 1 1 4 4 0.3333 0.3333 1 0 2 0 1 0 1 2 1 1 2 0 2 2 5 3 5 8 3 6 8 9 1 
0 2 279 26 1 279 273 6 13 1 0 1 0 0 0 0 0 0 7 6 9 0.3462 12 12 0.0430 0.0430 1 1 3 3 0.2500 0.2500 1 0 1 0 1 0 1 1 1 1 1 2 2 1 5 2 5 9 3 6 9 10 1 
0 2 279 26 1 279 273 6 13 1 0 1 0 0 0 0 0 0 2 1 7 0.2692 16 16 0.0573 0.0573 1 1 9 9 0.5625 0.5625 1 0 0 0 0 0 1 0 0 0 2 0 2 0 4 6 8 5 3 6 9 12 1 
1 2 280 26 1 279 273 6 13 1 0 1 0 0 1 1 1 1 1 2 12 0.4615 17 6 0.0609 0.0215 1 0 5 -6.0000 0.2941 -1.0000 1 0 0 0 1 0 2 0 0 0 0 2 2 2 4 3 8 3 3 5 8 7 1 
0 2 279 26 1 279 273 6 13 1 0 0 1 0 0 0 0 0 1 1 14 0.5385 25 26 0.0896 0.0932 1 1 11 12 0.4400 0.4615 1 0 0 0 0 0 1 0 0 0 1 2 2 0 4 0 4 3 4 6 9 13 1 
1 2 280 26 1 279 273 6 13 0 1 0 1 0 0 0 0 0 1 1 8 0.3077 27 15 0.0968 0.0538 1 1 19 7 0.7037 0.4667 1 0 0 0 0 0 1 0 0 0 0 0 1 0 1 0 1 0 1 2 3 4 1 
0 2 279 26 1 279 273 6 13 1 0 0 1 0 0 0 0 0 7 6 4 0.1538 12 12 0.0430 0.0430 1 1 8 8 0.6667 0.6667 2 0 1 0 1 0 2 1 1 1 1 1 2 2 4 3 4 4 3 5 8 8 1 
0 2 279 26 1 279 273 6 13 1 0 0 1 0 0 0 0 0 7 6 5 0.1923 12 12 0.0430 0.0430 1 1 7 7 0.5833 0.5833 1 0 3 0 1 0 1 3 1 1 1 0 2 0 4 4 4 10 3 6 6 9 1 
0 2 279 26 1 279 273 6 13 1 0 0 1 0 0 0 0 0 7 6 6 0.2308 12 12 0.0430 0.0430 1 1 6 6 0.5000 0.5000 1 0 2 0 3 0 1 2 3 1 0 0 2 0 4 0 4 16 3 4 7 9 1 
0 2 279 26 1 279 273 6 13 1 0 0 1 0 0 0 0 0 7 6 7 0.2692 12 12 0.0430 0.0430 1 1 5 5 0.4167 0.4167 1 0 2 0 2 0 1 2 2 2 0 0 2 0 4 4 5 8 3 5 7 10 1 
0 2 279 26 1 279 273 6 13 1 0 0 1 0 0 0 0 0 2 2 3 0.1154 16 18 0.0573 0.0645 1 1 13 15 0.8125 0.8333 1 0 0 0 0 0 1 0 0 0 1 2 2 0 4 3 6 3 4 7 7 12 1 
0 2 279 26 1 279 273 6 13 0 1 0 0 1 0 0 0 0 7 1 4 0.1538 12 18 0.0430 0.0645 1 1 8 14 0.6667 0.7778 1 0 0 0 0 0 1 0 0 0 0 0 1 0 2 0 3 2 2 4 5 7 1 

1 3 280 26 2 280 274 6 12 1 0 1 0 0 0 2 2 2 2 1 8 0.3077 18 6 0.0643 0.0214 1 0 10 -2.0000 0.5556 -0.3333 1 0 0 0 0 0 1 0 0 0 0 2 2 2 4 5 3 5 3 5 8 7 1 
1 3 280 26 2 280 274 6 12 1 0 1 0 0 0 0 0 0 7 6 8 0.3077 12 12 0.0429 0.0429 1 1 4 4 0.3333 0.3333 1 0 2 0 1 0 1 2 1 1 2 0 2 2 5 3 5 8 3 6 8 9 1 
1 3 280 26 2 280 274 6 12 1 0 1 0 0 0 0 0 0 7 6 9 0.3462 12 12 0.0429 0.0429 1 1 3 3 0.2500 0.2500 1 0 1 0 1 0 1 1 1 1 1 2 2 1 5 2 5 9 3 6 9 10 1 
1 3 280 26 2 280 274 6 12 1 0 1 0 0 0 0 0 0 2 1 7 0.2692 16 16 0.0571 0.0571 1 1 9 9 0.5625 0.5625 1 0 0 0 0 0 1 0 0 0 2 0 2 0 4 6 8 5 3 6 9 12 1 
1 3 280 26 2 280 274 6 12 1 0 0 1 0 0 0 0 0 1 1 14 0.5385 25 26 0.0893 0.0929 1 1 11 12 0.4400 0.4615 1 0 0 0 0 0 1 0 0 0 1 1 2 0 4 0 4 3 4 6 9 13 1 
1 3 281 26 2 280 274 6 12 0 1 0 1 0 0 0 0 0 1 1 8 0.3077 27 15 0.0964 0.0536 1 1 19 7 0.7037 0.4667 1 0 0 0 0 0 1 0 0 0 0 0 1 0 1 0 1 0 1 2 3 4 1 
1 3 280 26 2 280 274 6 12 1 0 0 1 0 0 0 0 0 7 6 4 0.1538 12 12 0.0429 0.0429 1 1 8 8 0.6667 0.6667 2 0 1 0 1 0 2 1 1 1 1 1 2 2 4 3 4 4 3 5 8 8 1 
1 3 280 26 2 280 274 6 12 1 0 0 1 0 0 0 0 0 7 6 5 0.1923 12 12 0.0429 0.0429 1 1 7 7 0.5833 0.5833 1 0 3 0 1 0 1 3 1 1 1 0 2 0 4 4 4 10 3 6 6 9 1 
1 3 280 26 2 280 274 6 12 1 0 0 1 0 0 0 0 0 7 6 6 0.2308 12 12 0.0429 0.0429 1 1 6 6 0.5000 0.5000 1 0 2 0 3 0 1 2 3 1 0 0 2 0 4 0 4 16 3 4 7 9 1 
1 3 280 26 2 280 274 6 12 1 0 0 1 0 0 0 0 0 7 6 7 0.2692 12 12 0.0429 0.0429 1 1 5 5 0.4167 0.4167 1 0 2 0 2 0 1 2 2 2 0 0 2 0 4 4 5 8 3 5 7 10 1 
1 3 280 26 2 280 274 6 12 1 0 0 1 0 0 0 0 0 2 2 3 0.1154 16 18 0.0571 0.0643 1 1 13 15 0.8125 0.8333 1 0 0 0 0 0 1 0 0 0 1 1 2 0 4 3 6 3 4 7 7 12 1 
1 3 280 26 2 280 274 6 12 0 1 0 0 1 0 0 0 0 7 1 4 0.1538 12 18 0.0429 0.0643 1 1 8 14 0.6667 0.7778 1 0 0 0 0 0 1 0 0 0 0 0 1 0 2 0 3 2 2 4 5 7 1 

0 4 282 27 7 282 278 4 5 1 0 1 0 0 4 6 6 6 1 1 9 0.3333 19 6 0.0674 0.0213 1 0 10 -3.0000 0.5263 -0.5000 1 0 0 0 0 0 1 0 0 0 0 1 2 2 6 2 7 3 3 5 8 7 1 
0 4 282 27 7 282 278 4 5 1 0 1 0 0 3 3 5 5 1 1 9 0.3333 13 10 0.0461 0.0355 1 1 4 1 0.3077 0.1000 1 0 0 0 0 0 1 0 0 0 0 0 2 3 4 3 8 5 3 6 8 9 1 
0 4 282 27 7 282 278 4 5 0 1 1 0 0 6 6 1.5000 4.5000 1 1 8 0.2963 17 16 0.0603 0.0567 1 1 9 8 0.5294 0.5000 1 0 0 0 0 0 1 0 0 1 0 0 1 0 1 2 6 3 3 5 7 9 1 
0 4 282 27 7 282 278 4 5 1 0 0 1 0 3 3 3 3 1 1 14 0.5185 25 26 0.0887 0.0922 1 1 11 12 0.4400 0.4615 1 0 0 0 0 0 1 0 0 1 0 1 2 0 4 0 4 3 4 6 9 13 1 
1 4 283 27 7 282 278 4 5 1 0 0 1 0 8 7 0.5000 0.5000 1 1 8 0.2963 28 15 0.0993 0.0532 1 1 20 7 0.7143 0.4667 1 0 0 0 0 0 1 0 0 0 0 0 2 1 3 1 3 1 2 5 6 8 1 

0 5 282 27 7 282 278 4 6 1 0 1 0 0 4 6 6 6 1 1 9 0.3333 19 6 0.0674 0.0213 1 0 10 -3.0000 0.5263 -0.5000 1 0 0 0 0 0 1 0 0 0 0 1 2 2 6 2 7 3 3 5 8 7 1 
0 5 282 27 7 282 278 4 6 1 0 1 0 0 3 4 6 6 1 1 9 0.3333 13 10 0.0461 0.0355 1 1 4 1 0.3077 0.1000 1 0 0 0 0 0 1 0 0 0 1 0 2 3 4 3 8 4 3 6 8 9 1 
0 5 282 27 7 282 278 4 6 0 1 1 0 0 7 7 1.5000 5.5000 1 1 8 0.2963 17 16 0.0603 0.0567 1 1 9 8 0.5294 0.5000 1 0 0 0 0 0 1 0 0 1 0 0 1 0 1 2 6 3 3 5 7 9 1 
0 5 282 27 7 282 278 4 6 1 0 0 1 0 3 3 3 3 1 1 14 0.5185 25 26 0.0887 0.0922 1 1 11 12 0.4400 0.4615 1 0 0 0 0 0 1 0 0 1 0 1 2 0 4 0 4 3 4 6 9 13 1 
1 5 283 27 7 282 278 4 6 1 0 0 1 0 10 8 1.5000 1.5000 1 1 8 0.2963 28 15 0.0993 0.0532 1 1 20 7 0.7143 0.4667 1 0 0 0 0 0 1 0 0 0 0 0 2 1 3 1 3 1 2 5 6 8 1 
0 5 282 27 7 282 278 4 6 0 1 0 0 1 3 0 0 0 1 1 4 0.1481 12 18 0.0426 0.0638 1 1 8 14 0.6667 0.7778 1 0 0 0 0 0 1 0 0 0 0 0 1 0 3 1 3 3 2 4 5 7 1 

0 6 283 27 12 283 283 0 2 1 0 0 1 0 17 10 10 10 1 1 10 0.3704 20 6 0.0707 0.0212 1 0 10 -4.0000 0.5000 -0.6667 1 0 0 0 0 0 1 0 0 0 0 0 2 3 4 6 4 6 3 5 8 7 1 
1 6 284 27 12 283 283 0 2 0 1 0 1 0 12 9 2.5000 6.5000 1 1 9 0.3333 28 16 0.0989 0.0565 1 1 19 7 0.6786 0.4375 1 0 0 0 0 0 1 0 0 0 0 0 1 0 1 0 1 0 1 2 3 4 1 

0 7 283 27 12 283 283 0 3 1 0 0 1 0 17 10 10 10 1 1 10 0.3704 20 6 0.0707 0.0212 1 0 10 -4.0000 0.5000 -0.6667 1 0 0 0 0 0 1 0 0 0 0 0 2 3 4 6 4 6 3 5 8 7 1 
0 7 283 27 12 283 283 0 3 1 0 0 1 0 6 8 9 9 1 1 10 0.3704 14 10 0.0495 0.0353 1 0 4 0 0.2857 0 1 0 0 0 0 0 1 0 0 0 0 0 2 2 6 4 4 10 3 6 8 9 1 
1 7 284 27 12 283 283 0 3 0 1 0 1 0 18 14 3 11 1 1 9 0.3333 28 16 0.0989 0.0565 1 1 19 7 0.6786 0.4375 1 0 0 0 0 0 1 0 0 0 0 0 1 0 1 0 1 0 1 2 3 4 1 

0 8 283 27 12 283 283 0 3 1 0 0 1 0 18 12 12 12 1 1 10 0.3704 20 6 0.0707 0.0212 1 0 10 -4.0000 0.5000 -0.6667 1 0 0 0 0 0 1 0 0 0 0 0 2 3 4 6 4 6 3 5 8 7 1 
1 8 284 27 12 283 283 0 3 0 1 0 1 0 20 15 3.5000 11.5000 1 1 9 0.3333 28 16 0.0989 0.0565 1 1 19 7 0.6786 0.4375 1 0 0 0 0 0 1 0 0 0 0 0 1 0 1 0 1 0 1 2 3 4 1 
0 8 283 27 12 283 283 0 3 0 1 0 0 1 8 1 0.5000 0.5000 1 1 4 0.1481 12 18 0.0424 0.0636 1 1 8 14 0.6667 0.7778 1 0 0 0 0 0 1 0 0 0 0 0 1 0 3 1 3 3 2 4 5 7 1 

0 9 283 26 10 283 282 1 5 1 0 1 0 0 11 10 1.5000 1.5000 2 3 11 0.4231 19 25 0.0671 0.0883 1 1 8 14 0.4211 0.5600 1 0 1 0 0 0 1 1 0 1 0 0 2 0 4 3 4 9 4 6 9 12 1 
0 9 283 26 10 283 282 1 5 1 0 0 1 0 10 11 6 6 3 1 14 0.5385 25 26 0.0883 0.0919 1 1 11 12 0.4400 0.4615 1 0 0 0 0 0 1 0 0 1 1 1 2 0 4 0 4 3 4 6 9 13 1 
0 9 283 26 10 283 282 1 5 1 0 0 1 0 18 23 15 15 1 1 8 0.3077 16 27 0.0565 0.0954 1 1 8 19 0.5000 0.7037 1 0 0 0 0 0 1 0 0 0 0 0 2 1 3 1 3 7 4 4 6 8 1 
1 9 284 26 10 283 282 1 5 1 0 0 1 0 29 14 14 14 1 1 10 0.3846 20 6 0.0707 0.0212 1 0 10 -4.0000 0.5000 -0.6667 1 0 0 0 0 0 1 0 0 0 0 1 2 3 4 6 4 6 3 5 8 7 1 
0 9 283 26 10 283 282 1 5 1 0 0 1 0 11 10 8 8 2 3 10 0.3846 19 25 0.0671 0.0883 1 1 9 15 0.4737 0.6000 1 0 1 0 0 0 1 1 0 0 1 0 2 0 4 8 7 6 3 6 9 12 1 

0 10 283 27 12 283 282 1 4 1 0 0 1 0 31 17 17 17 1 1 10 0.3704 20 6 0.0707 0.0212 1 0 10 -4.0000 0.5000 -0.6667 1 0 0 0 0 0 1 0 0 0 1 1 2 3 4 6 4 6 3 5 8 7 1 
0 10 283 27 12 283 282 1 4 1 0 0 1 0 19 17 3 3 2 2 16 0.5926 26 25 0.0919 0.0883 1 1 10 9 0.3846 0.3600 1 0 1 0 0 0 1 1 0 0 0 1 2 0 4 0 5 3 3 5 9 11 1 
0 10 283 27 12 283 282 1 4 1 0 0 1 0 19 17 0 0 2 2 17 0.6296 26 25 0.0919 0.0883 1 1 9 8 0.3462 0.3200 1 0 1 0 0 0 1 1 0 0 1 1 2 0 4 0 5 4 3 5 9 12 1 
1 10 284 27 12 283 282 1 4 0 1 0 1 0 38 32 6 27 1 1 9 0.3333 28 16 0.0989 0.0565 1 1 19 7 0.6786 0.4375 1 0 0 0 0 0 1 0 0 0 0 0 1 0 1 0 1 0 1 2 3 4 1 

0 11 283 26 10 283 282 1 6 1 0 1 0 0 18 17 2.5000 2.5000 2 3 11 0.4231 19 25 0.0671 0.0883 1 1 8 14 0.4211 0.5600 1 0 1 0 0 0 1 1 0 1 0 0 2 0 4 3 4 9 4 6 9 12 1 
0 11 283 26 10 283 282 1 6 1 0 0 1 0 17 19 13 13 3 1 14 0.5385 25 26 0.0883 0.0919 1 1 11 12 0.4400 0.4615 1 0 0 0 0 0 1 0 0 1 1 1 2 0 4 0 4 3 4 6 9 13 1 
0 11 283 26 10 283 282 1 6 1 0 0 1 0 33 39 27.5000 27.5000 1 1 8 0.3077 16 27 0.0565 0.0954 1 1 8 19 0.5000 0.7037 1 0 0 0 0 0 1 0 0 0 0 0 2 1 3 1 3 7 4 4 6 8 1 
1 11 284 26 10 283 282 1 6 1 0 0 1 0 31 17 17 17 1 1 10 0.3846 20 6 0.0707 0.0212 1 0 10 -4.0000 0.5000 -0.6667 1 0 0 0 0 0 1 0 0 0 0 1 2 3 4 6 4 6 3 5 8 7 1 
0 11 283 26 10 283 282 1 6 1 0 0 1 0 12 15 14 14 1 1 10 0.3846 14 10 0.0495 0.0353 1 0 4 0 0.2857 0 1 0 0 0 0 0 1 0 0 0 0 0 2 2 6 4 4 10 3 6 8 9 1 
0 11 283 26 10 283 282 1 6 1 0 0 1 0 18 17 12.5000 12.5000 2 3 10 0.3846 19 25 0.0671 0.0883 1 1 9 15 0.4737 0.6000 1 0 1 0 0 0 1 1 0 0 1 0 2 0 4 8 7 6 3 6 9 12 1 

0 12 283 27 7 283 278 5 5 1 0 1 0 0 32 18 18 18 1 1 9 0.3333 19 6 0.0671 0.0212 1 0 10 -3.0000 0.5263 -0.5000 1 0 0 0 0 0 1 0 0 0 0 1 2 2 6 2 7 3 3 5 8 7 1 
0 12 283 27 7 283 278 5 5 1 0 1 0 0 12 16 15 15 1 1 9 0.3333 13 10 0.0459 0.0353 1 1 4 1 0.3077 0.1000 1 0 0 0 0 0 1 0 0 0 0 0 2 3 4 3 8 5 3 6 8 9 1 
0 12 283 27 7 283 278 5 5 0 1 1 0 0 18 36 3 12.5000 1 1 8 0.2963 17 16 0.0601 0.0565 1 1 9 8 0.5294 0.5000 1 0 0 0 0 0 1 0 0 0 0 1 1 0 1 3 7 5 2 4 6 6 1 
0 12 283 27 7 283 278 5 5 1 0 0 1 0 17 19 13 13 1 1 14 0.5185 25 26 0.0883 0.0919 1 1 11 12 0.4400 0.4615 1 0 0 0 0 0 1 0 0 0 1 1 2 0 4 0 4 3 4 6 9 13 1 
1 12 284 27 7 283 278 5 5 1 0 0 1 0 40 33 6.5000 6.5000 1 1 8 0.2963 28 15 0.0989 0.0530 1 1 20 7 0.7143 0.4667 1 0 0 0 0 0 1 0 0 0 0 0 2 1 3 1 3 1 2 5 6 8 1 

0 13 283 27 12 283 282 1 5 1 0 0 1 0 38 18 18 18 1 1 10 0.3704 20 6 0.0707 0.0212 1 0 10 -4.0000 0.5000 -0.6667 1 0 0 0 0 0 1 0 0 0 1 1 2 3 4 6 4 6 3 5 8 7 1 
0 13 283 27 12 283 282 1 5 1 0 0 1 0 14 17 16 16 1 1 10 0.3704 14 10 0.0495 0.0353 1 0 4 0 0.2857 0 1 0 0 0 0 0 1 0 0 0 0 0 2 2 6 4 4 10 3 6 8 9 1 
0 13 283 27 12 283 282 1 5 1 0 0 1 0 20 18 3 3 2 2 16 0.5926 26 25 0.0919 0.0883 1 1 10 9 0.3846 0.3600 1 0 1 0 0 0 1 1 0 0 0 1 2 0 4 0 5 3 3 5 9 11 1 
0 13 283 27 12 283 282 1 5 1 0 0 1 0 20 18 0 0 2 2 17 0.6296 26 25 0.0919 0.0883 1 1 9 8 0.3462 0.3200 1 0 1 0 0 0 1 1 0 0 1 1 2 0 4 0 5 4 3 5 9 12 1 
1 13 284 27 12 283 282 1 5 0 1 0 1 0 42 34 7.5000 28.5000 1 1 9 0.3333 28 16 0.0989 0.0565 1 1 19 7 0.6786 0.4375 1 0 0 0 0 0 1 0 0 0 0 0 1 0 1 0 1 0 1 2 3 4 1 

0 14 283 28 12 283 282 1 3 1 0 0 1 0 19 21 14 14 1 1 14 0.5000 25 26 0.0883 0.0919 1 1 11 12 0.4400 0.4615 1 0 0 0 0 0 1 0 0 0 0 1 2 0 4 0 4 3 4 6 9 13 1 
0 14 283 28 12 283 282 1 3 1 0 0 1 0 40 20 20 20 1 1 10 0.3571 20 6 0.0707 0.0212 1 0 10 -4.0000 0.5000 -0.6667 1 0 0 0 0 0 1 0 0 0 0 1 2 3 4 6 4 6 3 5 8 7 1 
1 14 284 28 12 283 282 1 3 0 1 0 1 0 46 37 0 9 1 1 9 0.3214 29 15 0.1025 0.0530 1 1 20 6 0.6897 0.4000 1 0 0 0 0 0 1 0 0 0 0 0 1 0 1 0 1 0 2 3 4 7 1 

0 15 283 28 12 283 282 1 4 1 0 0 1 0 19 21 14 14 1 1 14 0.5000 25 26 0.0883 0.0919 1 1 11 12 0.4400 0.4615 1 0 0 0 0 0 1 0 0 0 0 1 2 0 4 0 4 3 4 6 9 13 1 
0 15 283 28 12 283 282 1 4 1 0 0 1 0 40 20 20 20 1 1 10 0.3571 20 6 0.0707 0.0212 1 0 10 -4.0000 0.5000 -0.6667 1 0 0 0 0 0 1 0 0 0 0 1 2 3 4 6 4 6 3 5 8 7 1 
0 15 283 28 12 283 282 1 4 1 0 0 1 0 15 21 20 20 1 1 10 0.3571 14 10 0.0495 0.0353 1 0 4 0 0.2857 0 1 0 0 0 0 0 1 0 0 0 0 0 2 2 6 4 4 10 3 6 8 9 1 
1 15 284 28 12 283 282 1 4 0 1 0 1 0 48 38 0.5000 9.5000 1 1 9 0.3214 29 15 0.1025 0.0530 1 1 20 6 0.6897 0.4000 1 0 0 0 0 0 1 0 0 0 0 0 1 0 1 0 1 0 2 3 4 7 1 

0 16 283 26 10 283 282 1 6 1 0 1 0 0 24 20 4 4 2 3 11 0.4231 19 25 0.0671 0.0883 1 1 8 14 0.4211 0.5600 1 0 1 0 0 0 1 1 0 1 0 0 2 0 4 3 4 9 4 6 9 12 1 
0 16 283 26 10 283 282 1 6 1 0 0 1 0 20 22 15 15 3 1 14 0.5385 25 26 0.0883 0.0919 1 1 11 12 0.4400 0.4615 1 0 0 0 0 0 1 0 0 1 1 1 2 0 4 0 4 3 4 6 9 13 1 
0 16 283 26 10 283 282 1 6 1 0 0 1 0 41 51 32 32 1 1 8 0.3077 16 27 0.0565 0.0954 1 1 8 19 0.5000 0.7037 1 0 0 0 0 0 1 0 0 0 0 0 2 1 3 1 3 7 4 4 6 8 1 
1 16 284 26 10 283 282 1 6 1 0 0 1 0 41 21 21 21 1 1 10 0.3846 20 6 0.0707 0.0212 1 0 10 -4.0000 0.5000 -0.6667 1 0 0 0 0 0 1 0 0 0 0 1 2 3 4 6 4 6 3 5 8 7 1 
0 16 283 26 10 283 282 1 6 1 0 0 1 0 24 20 15.5000 15.5000 2 3 10 0.3846 19 25 0.0671 0.0883 1 1 9 15 0.4737 0.6000 1 0 1 0 0 0 1 1 0 0 1 0 2 0 4 8 7 6 3 6 9 12 1 
0 16 283 26 10 283 282 1 6 0 1 0 0 1 15 4 2 2 1 1 4 0.1538 12 18 0.0424 0.0636 1 1 8 14 0.6667 0.7778 1 0 0 0 0 0 1 0 0 0 0 0 1 0 3 1 3 3 2 4 5 7 1 

0 17 283 27 12 283 282 1 5 1 0 0 1 0 42 22 22 22 1 1 10 0.3704 20 6 0.0707 0.0212 1 0 10 -4.0000 0.5000 -0.6667 1 0 0 0 0 0 1 0 0 0 1 1 2 3 4 6 4 6 3 5 8 7 1 
0 17 283 27 12 283 282 1 5 1 0 0 1 0 22 20 3 3 2 2 16 0.5926 26 25 0.0919 0.0883 1 1 10 9 0.3846 0.3600 1 0 1 0 0 0 1 1 0 0 0 1 2 0 4 0 5 3 3 5 9 11 1 
0 17 283 27 12 283 282 1 5 1 0 0 1 0 22 20 0 0 2 2 17 0.6296 26 25 0.0919 0.0883 1 1 9 8 0.3462 0.3200 1 0 1 0 0 0 1 1 0 0 1 1 2 0 4 0 5 4 3 5 9 12 1 
1 17 284 27 12 283 282 1 5 0 1 0 1 0 52 41 10 32 1 1 9 0.3333 28 16 0.0989 0.0565 1 1 19 7 0.6786 0.4375 1 0 0 0 0 0 1 0 0 0 0 0 1 0 1 0 1 0 1 2 3 4 1 
0 17 283 27 12 283 282 1 5 0 1 0 0 1 15 4 2 2 1 1 4 0.1481 12 18 0.0424 0.0636 1 1 8 14 0.6667 0.7778 1 0 0 0 0 0 1 0 0 0 0 0 1 0 3 1 3 3 2 4 5 7 1 

0 18 283 27 7 283 278 5 6 1 0 1 0 0 42 22 22 22 1 1 9 0.3333 19 6 0.0671 0.0212 1 0 10 -3.0000 0.5263 -0.5000 1 0 0 0 0 0 1 0 0 0 0 1 2 2 6 2 7 3 3 5 8 7 1 
0 18 283 27 7 283 278 5 6 1 0 1 0 0 5 24 23 23 1 1 9 0.3333 13 10 0.0459 0.0353 1 1 4 1 0.3077 0.1000 1 0 0 0 0 0 1 0 0 0 1 0 2 3 4 3 8 4 3 6 8 9 1 
0 18 283 27 7 283 278 5 6 0 1 1 0 0 24 48 4.5000 15.5000 1 1 8 0.2963 17 16 0.0601 0.0565 1 1 9 8 0.5294 0.5000 1 0 0 0 0 0 1 0 0 0 0 1 1 0 1 3 7 5 2 4 6 6 1 
0 18 283 27 7 283 278 5 6 1 0 0 1 0 20 22 15 15 1 1 14 0.5185 25 26 0.0883 0.0919 1 1 11 12 0.4400 0.4615 1 0 0 0 0 0 1 0 0 0 1 1 2 0 4 0 4 3 4 6 9 13 1 
1 18 284 27 7 283 278 5 6 1 0 0 1 0 54 42 10.5000 10.5000 1 1 8 0.2963 28 15 0.0989 0.0530 1 1 20 7 0.7143 0.4667 1 0 0 0 0 0 1 0 0 0 0 0 2 1 3 1 3 1 2 5 6 8 1 
0 18 283 27 7 283 278 5 6 0 1 0 0 1 15 4 2 2 1 1 4 0.1481 12 18 0.0424 0.0636 1 1 8 14 0.6667 0.7778 1 0 0 0 0 0 1 0 0 0 0 0 1 0 3 1 3 3 2 4 5 7 1 

0 19 283 28 12 283 282 1 4 1 0 0 1 0 20 22 15 15 1 1 14 0.5000 25 26 0.0883 0.0919 1 1 11 12 0.4400 0.4615 1 0 0 0 0 0 1 0 0 0 0 1 2 0 4 0 4 3 4 6 9 13 1 
0 19 283 28 12 283 282 1 4 1 0 0 1 0 43 23 23 23 1 1 10 0.3571 20 6 0.0707 0.0212 1 0 10 -4.0000 0.5000 -0.6667 1 0 0 0 0 0 1 0 0 0 0 1 2 3 4 6 4 6 3 5 8 7 1 
1 19 284 28 12 283 282 1 4 0 1 0 1 0 56 43 1 11.5000 1 1 9 0.3214 29 15 0.1025 0.0530 1 1 20 6 0.6897 0.4000 1 0 0 0 0 0 1 0 0 0 0 0 1 0 1 0 1 0 2 3 4 7 1 
0 19 283 28 12 283 282 1 4 0 1 0 0 1 15 4 2 2 1 1 4 0.1429 12 18 0.0424 0.0636 1 1 8 14 0.6667 0.7778 1 0 0 0 0 0 1 0 0 0 0 0 1 0 3 1 3 3 2 4 5 7 1 

1 20 283 26 1 283 279 4 11 1 0 1 0 0 15 6 25 25 7 6 8 0.3077 12 12 0.0424 0.0424 1 1 4 4 0.3333 0.3333 1 0 2 0 1 0 1 2 1 1 2 0 2 2 5 3 5 8 3 6 8 9 1 
1 20 283 26 1 283 279 4 11 1 0 1 0 0 15 6 0 0 7 6 9 0.3462 12 12 0.0424 0.0424 1 1 3 3 0.2500 0.2500 1 0 1 0 1 0 1 1 1 1 1 2 2 1 5 2 5 9 3 6 9 10 1 
1 20 283 26 1 283 279 4 11 1 0 1 0 0 49 25 16 16 2 1 7 0.2692 16 16 0.0565 0.0565 1 1 9 9 0.5625 0.5625 1 0 0 0 0 0 1 0 0 0 2 0 2 0 4 6 8 5 3 6 9 12 1 
1 20 283 26 1 283 279 4 11 1 0 0 1 0 20 22 15 15 1 1 14 0.5385 25 26 0.0883 0.0919 1 1 11 12 0.4400 0.4615 1 0 0 0 0 0 1 0 0 0 1 0 2 0 4 0 4 3 4 6 9 13 1 
1 20 284 26 1 283 279 4 11 0 1 0 1 0 57 44 12 32.5000 1 1 8 0.3077 27 15 0.0954 0.0530 1 1 19 7 0.7037 0.4667 1 0 0 0 0 0 1 0 0 0 0 0 1 0 1 0 1 0 1 2 3 4 1 
1 20 283 26 1 283 279 4 11 1 0 0 1 0 15 6 2 2 7 6 4 0.1538 12 12 0.0424 0.0424 1 1 8 8 0.6667 0.6667 2 0 1 0 1 0 2 1 1 1 1 1 2 2 4 3 4 4 3 5 8 8 1 
1 20 283 26 1 283 279 4 11 1 0 0 1 0 15 6 0 0 7 6 5 0.1923 12 12 0.0424 0.0424 1 1 7 7 0.5833 0.5833 1 0 3 0 1 0 1 3 1 1 1 0 2 0 4 4 4 10 3 6 6 9 1 
1 20 283 26 1 283 279 4 11 1 0 0 1 0 15 6 0 0 7 6 6 0.2308 12 12 0.0424 0.0424 1 1 6 6 0.5000 0.5000 1 0 2 0 3 0 1 2 3 1 0 0 2 0 4 0 4 16 3 4 7 9 1 
1 20 283 26 1 283 279 4 11 1 0 0 1 0 15 6 0 0 7 6 7 0.2692 12 12 0.0424 0.0424 1 1 5 5 0.4167 0.4167 1 0 2 0 2 0 1 2 2 2 0 0 2 0 4 4 5 8 3 5 7 10 1 
1 20 283 26 1 283 279 4 11 1 0 0 1 0 49 43 8 8 2 1 3 0.1154 16 18 0.0565 0.0636 1 1 13 15 0.8125 0.8333 1 0 0 0 0 0 1 0 0 0 1 0 2 0 4 3 6 3 4 7 7 12 1 
1 20 283 26 1 283 279 4 11 0 1 0 0 1 15 4 2 2 7 1 4 0.1538 12 18 0.0424 0.0636 1 1 8 14 0.6667 0.7778 1 0 0 0 0 0 1 0 0 0 0 0 1 0 2 0 3 2 2 4 5 7 1 

