0 1 260 29 0 260 252 8 11 1 0 1 0 0 0 0 0 0 1 4 17 0.5862 21 14 0.0808 0.0538 1 0 4 -3.0000 0.1905 -0.2143 1 0 0 0 0 1 2 1 0 2 0 0 2 2 4 3 6 10 3 6 8 9 1 
1 1 261 29 0 260 252 8 11 1 0 1 0 0 0 0 0 0 4 2 10 0.3448 14 4 0.0538 0.0154 1 0 4 -6.0000 0.2857 -1.5000 1 1 0 0 1 0 2 0 1 2 0 0 2 4 4 4 7 4 3 4 6 10 1 
0 1 260 29 0 260 252 8 11 1 0 1 0 0 0 0 0 0 1 2 9 0.3103 19 4 0.0731 0.0154 1 0 10 -5.0000 0.5263 -1.2500 1 1 0 0 0 1 2 0 1 2 0 0 2 4 4 4 4 13 3 4 6 10 1 
0 1 260 29 0 260 252 8 11 1 0 1 0 0 0 0 0 0 2 1 6 0.2069 14 11 0.0538 0.0423 1 1 8 5 0.5714 0.4545 1 0 0 0 0 0 1 0 0 0 1 1 2 0 4 4 4 2 3 4 7 10 1 
1 1 261 29 0 260 252 8 11 1 0 1 0 0 0 0 0 0 4 1 12 0.4138 14 23 0.0538 0.0885 1 1 2 11 0.1429 0.4783 1 0 0 0 1 1 1 2 2 0 0 0 2 0 5 3 6 9 3 6 9 10 1 
0 1 260 29 0 260 252 8 11 1 0 1 0 0 0 0 0 0 2 3 11 0.3793 17 15 0.0654 0.0577 1 1 6 4 0.3529 0.2667 1 0 1 0 0 0 1 1 0 0 0 0 2 0 4 0 4 0 3 6 7 10 1 
0 1 260 29 0 260 252 8 11 1 0 1 0 0 0 0 0 0 2 3 12 0.4138 17 15 0.0654 0.0577 1 1 5 3 0.2941 0.2000 1 0 1 0 0 0 1 1 0 0 0 1 2 0 4 0 4 1 3 5 8 8 1 
0 1 260 29 0 260 252 8 11 1 0 0 1 0 0 0 0 0 2 1 5 0.1724 30 5 0.1154 0.0192 1 0 25 0 0.8333 0 1 0 0 0 0 0 1 0 0 0 0 0 2 2 3 2 6 2 3 6 6 8 1 
0 1 260 29 0 260 252 8 11 1 0 0 1 0 0 0 0 0 2 4 22 0.7586 30 14 0.1154 0.0538 1 0 8 -8.0000 0.2667 -0.5714 1 0 0 0 0 1 2 1 0 2 0 0 2 2 4 4 8 10 3 6 8 9 1 
0 1 260 29 0 260 252 8 11 1 0 0 1 0 0 0 0 0 1 3 5 0.1724 19 15 0.0731 0.0577 1 1 14 10 0.7368 0.6667 1 0 0 0 0 0 1 0 0 0 0 0 2 0 4 2 4 8 4 6 9 13 1 
0 1 260 29 0 260 252 8 11 1 0 0 1 0 0 0 0 0 1 2 10 0.3448 15 14 0.0577 0.0538 1 1 5 4 0.3333 0.2857 1 0 0 0 0 0 1 0 0 0 1 0 2 0 4 0 4 3 4 7 9 8 1 

