0 1 262 29 0 262 255 7 9 1 0 1 0 0 0 0 0 0 1 1 17 0.5862 20 17 0.0763 0.0649 1 0 3 0 0.1500 0 1 0 0 0 0 0 1 0 0 0 0 0 2 2 3 2 6 4 3 4 6 10 1 
1 1 263 29 0 262 255 7 9 1 0 1 0 0 0 0 0 0 1 2 23 0.7931 25 8 0.0954 0.0305 1 0 2 -15.0000 0.0800 -1.8750 1 0 0 0 0 0 2 0 0 0 0 0 2 2 4 3 5 7 3 4 7 10 1 
1 1 263 29 0 262 255 7 9 1 0 1 0 0 0 0 0 0 1 2 11 0.3793 17 8 0.0649 0.0305 1 0 6 -3.0000 0.3529 -0.3750 1 0 0 0 0 0 2 0 0 0 0 0 2 2 4 2 5 9 3 4 7 10 1 
0 1 262 29 0 262 255 7 9 1 0 1 0 0 0 0 0 0 4 4 17 0.5862 23 22 0.0878 0.0840 1 1 6 5 0.2609 0.2273 3 0 2 0 0 0 3 2 0 0 0 0 2 3 6 4 6 4 3 6 9 10 1 
0 1 262 29 0 262 255 7 9 1 0 1 0 0 0 0 0 0 4 4 18 0.6207 23 22 0.0878 0.0840 1 1 5 4 0.2174 0.1818 1 0 3 0 1 0 1 3 1 0 0 0 2 0 5 6 6 5 3 5 8 10 1 
0 1 262 29 0 262 255 7 9 0 1 1 0 0 0 0 0 0 1 1 4 0.1379 12 26 0.0458 0.0992 1 1 8 22 0.6667 0.8462 1 0 0 0 0 0 1 0 0 0 0 0 1 0 1 0 2 3 2 4 5 6 1 
0 1 262 29 0 262 255 7 9 1 0 0 1 0 0 0 0 0 4 4 16 0.5517 23 22 0.0878 0.0840 1 1 7 6 0.3043 0.2727 1 2 1 0 1 0 3 1 1 0 0 0 2 2 5 4 6 6 4 6 8 10 1 
0 1 262 29 0 262 255 7 9 0 1 0 1 0 0 0 0 0 4 2 17 0.5862 23 30 0.0878 0.1145 1 1 6 13 0.2609 0.4333 2 1 0 0 0 0 3 0 0 0 0 0 1 0 2 2 3 2 3 5 6 7 1 
0 1 262 29 0 262 255 7 9 0 1 0 0 1 0 0 0 0 4 2 17 0.5862 22 30 0.0840 0.1145 1 1 5 13 0.2273 0.4333 2 1 0 0 0 0 3 0 0 0 0 0 1 0 2 2 3 2 3 5 6 7 1 

0 2 263 29 1 263 256 7 9 1 0 1 0 0 0 0 0 0 1 1 17 0.5862 20 17 0.0760 0.0646 1 0 3 0 0.1500 0 1 0 0 0 0 0 1 0 0 0 0 0 2 2 3 2 6 4 3 4 6 10 1 
0 2 263 29 1 263 256 7 9 1 0 1 0 0 0 1 1 1 1 2 11 0.3793 17 8 0.0646 0.0304 1 0 6 -3.0000 0.3529 -0.3750 1 0 0 0 0 0 2 0 0 0 0 0 2 2 4 2 5 9 3 4 7 10 1 
0 2 263 29 1 263 256 7 9 1 0 1 0 0 0 0 0 0 4 4 17 0.5862 23 22 0.0875 0.0837 1 1 6 5 0.2609 0.2273 3 0 2 0 0 0 3 2 0 0 0 0 2 3 6 4 6 4 3 6 9 10 1 
0 2 263 29 1 263 256 7 9 1 0 1 0 0 0 0 0 0 4 4 18 0.6207 23 22 0.0875 0.0837 1 1 5 4 0.2174 0.1818 1 0 3 0 1 0 1 3 1 0 0 0 2 0 5 6 6 5 3 5 8 10 1 
0 2 263 29 1 263 256 7 9 0 1 1 0 0 0 0 0 0 1 1 4 0.1379 12 26 0.0456 0.0989 1 1 8 22 0.6667 0.8462 1 0 0 0 0 0 1 0 0 0 0 0 1 0 1 0 2 3 2 4 5 6 1 
1 2 264 29 1 263 256 7 9 1 0 1 0 0 1 1 1 1 1 2 24 0.8276 26 8 0.0989 0.0304 1 0 2 -16.0000 0.0769 -2.0000 1 0 0 0 0 0 2 0 0 0 0 0 2 2 4 4 4 10 3 4 7 10 1 
0 2 263 29 1 263 256 7 9 1 0 0 1 0 0 0 0 0 4 4 16 0.5517 23 22 0.0875 0.0837 1 1 7 6 0.3043 0.2727 1 2 1 0 1 0 3 1 1 0 0 0 2 2 5 4 6 6 4 6 8 10 1 
0 2 263 29 1 263 256 7 9 0 1 0 1 0 0 0 0 0 4 2 17 0.5862 23 30 0.0875 0.1141 1 1 6 13 0.2609 0.4333 2 1 0 0 0 0 3 0 0 0 0 0 1 0 2 2 3 2 3 5 6 7 1 
0 2 263 29 1 263 256 7 9 0 1 0 0 1 0 0 0 0 4 2 17 0.5862 22 30 0.0837 0.1141 1 1 5 13 0.2273 0.4333 2 1 0 0 0 0 3 0 0 0 0 0 1 0 2 2 3 2 3 5 6 7 1 

0 3 264 29 10 264 264 0 2 1 0 0 1 0 2 2 2 2 1 1 19 0.6552 22 17 0.0833 0.0644 1 0 3 -2.0000 0.1364 -0.1176 1 0 0 0 0 0 1 0 0 0 0 0 2 2 4 3 5 5 3 4 6 10 1 
1 3 265 29 10 264 264 0 2 1 0 0 1 0 9 4 4 4 1 1 17 0.5862 30 8 0.1136 0.0303 1 0 13 -9.0000 0.4333 -1.1250 1 0 0 0 0 0 1 0 0 0 0 0 2 3 7 5 5 5 3 6 7 8 1 

0 4 264 29 10 264 264 0 2 1 0 0 1 0 3 3 3 3 1 1 19 0.6552 22 17 0.0833 0.0644 1 0 3 -2.0000 0.1364 -0.1176 1 0 0 0 0 0 1 0 0 0 0 0 2 2 4 3 2 5 3 4 6 10 1 
1 4 265 29 10 264 264 0 2 1 0 0 1 0 11 5 5 5 1 1 17 0.5862 30 8 0.1136 0.0303 1 0 13 -9.0000 0.4333 -1.1250 1 0 0 0 0 0 1 0 0 0 0 0 2 3 7 5 5 5 3 6 7 8 1 

0 5 264 29 10 264 264 0 2 1 0 0 1 0 4 4 4 4 1 1 19 0.6552 22 17 0.0833 0.0644 1 0 3 -2.0000 0.1364 -0.1176 1 0 0 0 0 0 1 0 0 0 0 0 2 2 4 3 5 8 3 4 6 10 1 
1 5 265 29 10 264 264 0 2 1 0 0 1 0 13 6 6 6 1 1 17 0.5862 30 8 0.1136 0.0303 1 0 13 -9.0000 0.4333 -1.1250 1 0 0 0 0 0 1 0 0 0 0 0 2 3 6 5 6 5 3 6 7 8 1 

0 6 264 29 10 264 264 0 2 1 0 0 1 0 5 5 5 5 1 1 19 0.6552 22 17 0.0833 0.0644 1 0 3 -2.0000 0.1364 -0.1176 1 0 0 0 0 0 1 0 0 0 0 0 2 2 4 3 2 8 3 4 6 10 1 
1 6 265 29 10 264 264 0 2 1 0 0 1 0 15 7 7 7 1 1 17 0.5862 30 8 0.1136 0.0303 1 0 13 -9.0000 0.4333 -1.1250 1 0 0 0 0 0 1 0 0 0 0 0 2 3 6 5 6 5 3 6 7 8 1 

0 7 265 30 12 265 265 0 2 1 0 0 1 0 5 5 5 5 1 1 19 0.6333 22 17 0.0830 0.0642 1 0 3 -2.0000 0.1364 -0.1176 1 0 0 0 0 0 1 0 0 0 0 0 2 2 4 3 2 8 3 4 6 10 1 
1 7 266 30 12 265 265 0 2 1 0 0 1 0 29 9 6.5000 6.5000 1 1 3 0.1000 31 11 0.1170 0.0415 1 1 28 8 0.9032 0.7273 1 0 0 0 0 0 1 0 0 0 0 0 2 1 3 1 3 1 3 4 5 7 1 

0 8 265 30 12 265 265 0 2 1 0 0 1 0 5 5 5 5 1 1 19 0.6333 22 17 0.0830 0.0642 1 0 3 -2.0000 0.1364 -0.1176 1 0 0 0 0 0 1 0 0 0 0 0 2 2 4 3 5 8 3 4 6 10 1 
1 8 266 30 12 265 265 0 2 1 0 0 1 0 31 11 8 8 1 1 3 0.1000 31 11 0.1170 0.0415 1 1 28 8 0.9032 0.7273 1 0 0 0 0 0 1 0 0 0 0 0 2 1 3 1 3 1 3 4 5 7 1 

0 9 265 30 12 265 265 0 2 1 0 0 1 0 9 7 7 7 1 1 19 0.6333 22 17 0.0830 0.0642 1 0 3 -2.0000 0.1364 -0.1176 1 0 0 0 0 0 1 0 0 0 0 0 2 2 4 3 2 5 3 4 6 10 1 
1 9 266 30 12 265 265 0 2 1 0 0 1 0 35 13 9.5000 9.5000 1 1 3 0.1000 31 11 0.1170 0.0415 1 1 28 8 0.9032 0.7273 1 0 0 0 0 0 1 0 0 0 0 0 2 1 3 1 3 1 3 4 5 7 1 

0 10 265 30 12 265 265 0 2 1 0 0 1 0 9 7 7 7 1 1 19 0.6333 22 17 0.0830 0.0642 1 0 3 -2.0000 0.1364 -0.1176 1 0 0 0 0 0 1 0 0 0 0 0 2 2 4 3 5 5 3 4 6 10 1 
1 10 266 30 12 265 265 0 2 1 0 0 1 0 37 15 11 11 1 1 3 0.1000 31 11 0.1170 0.0415 1 1 28 8 0.9032 0.7273 1 0 0 0 0 0 1 0 0 0 0 0 2 1 3 1 3 1 3 4 5 7 1 

