1 1 286 25 0 286 281 5 13 1 0 1 0 0 0 0 0 0 5 4 21 0.8400 23 16 0.0804 0.0559 1 0 2 -5.0000 0.0870 -0.3125 3 0 1 0 1 0 3 1 1 1 1 0 3 2 6 3 7 7 3 4 7 10 1 
1 1 286 25 0 286 281 5 13 1 0 1 0 0 0 0 0 0 2 1 8 0.3200 16 15 0.0559 0.0524 1 1 8 7 0.5000 0.4667 2 0 0 0 0 0 2 0 0 0 1 0 2 2 4 2 6 8 3 5 7 10 1 
1 1 286 25 0 286 281 5 13 1 0 0 1 0 0 0 0 0 5 5 17 0.6800 23 14 0.0804 0.0490 1 0 6 -3.0000 0.2609 -0.2143 1 0 0 0 1 0 1 1 1 1 3 0 2 2 8 2 9 3 3 4 7 8 1 
1 1 286 25 0 286 281 5 13 1 0 0 1 0 0 0 0 0 5 4 21 0.8400 26 16 0.0909 0.0559 1 0 5 -5.0000 0.1923 -0.3125 3 0 1 0 1 0 3 1 1 1 1 0 3 2 6 3 7 7 3 4 7 10 1 
1 1 287 25 0 286 281 5 13 0 1 0 1 0 0 0 0 0 1 1 11 0.4400 26 15 0.0909 0.0524 1 1 15 4 0.5769 0.2667 1 0 0 0 0 0 1 0 0 1 1 0 1 2 4 1 3 5 2 3 4 4 1 
1 1 286 25 0 286 281 5 13 0 1 0 1 0 0 0 0 0 5 2 8 0.3200 26 16 0.0909 0.0559 1 1 18 8 0.6923 0.5000 2 0 0 0 0 0 2 0 0 0 1 0 2 0 3 0 5 4 2 4 5 6 1 
1 1 286 25 0 286 281 5 13 1 0 0 1 0 0 0 0 0 5 5 19 0.7600 26 23 0.0909 0.0804 1 1 7 4 0.2692 0.1739 1 0 1 0 4 0 1 2 4 0 0 0 2 0 6 4 12 4 4 4 6 8 1 
1 1 286 25 0 286 281 5 13 1 0 0 1 0 0 0 0 0 5 5 20 0.8000 26 23 0.0909 0.0804 1 1 6 3 0.2308 0.1304 1 0 4 0 0 0 1 4 1 1 0 0 2 1 6 3 8 5 2 5 6 8 1 
1 1 286 25 0 286 281 5 13 1 0 0 1 0 0 0 0 0 5 5 21 0.8400 26 23 0.0909 0.0804 1 1 5 2 0.1923 0.0870 3 0 1 0 1 0 3 1 1 1 1 0 3 2 6 3 7 7 3 4 7 10 1 
1 1 286 25 0 286 281 5 13 1 0 0 0 1 0 0 0 0 4 5 3 0.1200 16 14 0.0559 0.0490 1 1 13 11 0.8125 0.7857 1 0 0 0 0 0 1 0 0 2 1 0 2 0 4 2 11 9 4 6 9 9 1 
1 1 286 25 0 286 281 5 13 1 0 0 0 1 0 0 0 0 4 5 12 0.4800 16 14 0.0559 0.0490 1 1 4 2 0.2500 0.1429 1 0 0 0 0 0 1 2 1 3 0 2 2 0 4 1 9 1 4 7 6 8 1 
1 1 286 25 0 286 281 5 13 1 0 0 0 1 0 0 0 0 1 5 7 0.2800 12 14 0.0420 0.0490 1 1 5 7 0.4167 0.5000 2 0 0 0 0 0 2 0 0 0 1 1 2 2 4 2 10 2 3 5 9 11 1 
1 1 286 25 0 286 281 5 13 0 1 0 0 1 0 0 0 0 1 5 7 0.2800 13 14 0.0455 0.0490 1 1 6 7 0.4615 0.5000 2 0 0 0 0 0 2 0 0 0 1 1 2 0 2 0 6 1 2 4 7 11 1 

0 2 287 26 4 287 284 3 8 1 0 1 0 0 1 1 1 1 1 4 22 0.8462 24 16 0.0836 0.0557 1 0 2 -6.0000 0.0833 -0.3750 1 1 0 0 0 0 2 0 0 1 0 0 2 4 4 5 5 9 3 4 7 10 1 
0 2 287 26 4 287 284 3 8 1 0 0 1 0 0 1 1 1 2 4 21 0.8077 26 16 0.0906 0.0557 1 0 5 -5.0000 0.1923 -0.3125 1 1 0 0 0 0 2 0 0 1 0 0 2 4 4 4 6 8 3 4 7 10 1 
0 2 287 26 4 287 284 3 8 1 0 0 1 0 1 0 0 0 1 2 8 0.3077 17 26 0.0592 0.0906 1 1 9 18 0.5294 0.6923 1 0 0 0 0 0 1 0 0 0 0 0 2 2 3 3 8 7 3 6 8 9 1 
1 2 288 26 4 287 284 3 8 0 1 0 1 0 2 1 0 1 1 1 11 0.4231 27 22 0.0941 0.0767 1 1 16 11 0.5926 0.5000 1 0 0 0 0 0 1 0 0 0 0 0 1 1 3 2 4 3 2 4 4 5 1 
0 2 287 26 4 287 284 3 8 1 0 0 0 1 1 0 0 0 4 4 3 0.1154 16 14 0.0557 0.0488 1 1 13 11 0.8125 0.7857 1 0 0 0 0 0 1 0 0 1 1 0 2 0 4 2 11 9 4 6 9 9 1 
0 2 287 26 4 287 284 3 8 1 0 0 0 1 1 0 0 0 4 4 12 0.4615 16 14 0.0557 0.0488 1 1 4 2 0.2500 0.1429 1 0 0 0 0 0 1 0 0 2 0 2 2 0 4 1 9 1 4 7 6 8 1 
0 2 287 26 4 287 284 3 8 1 0 0 0 1 0 0 0 0 1 4 7 0.2692 12 14 0.0418 0.0488 1 1 5 7 0.4167 0.5000 2 0 0 0 0 0 2 0 0 0 1 1 2 2 4 2 10 2 3 5 9 11 1 
0 2 287 26 4 287 284 3 8 0 1 0 0 1 0 0 0 0 1 4 7 0.2692 13 14 0.0453 0.0488 1 1 6 7 0.4615 0.5000 2 0 0 0 0 0 2 0 0 0 1 1 2 0 2 0 6 1 2 4 7 11 1 

0 3 288 26 8 288 288 0 8 1 0 0 1 0 0 5 5 5 2 4 21 0.8077 26 16 0.0903 0.0556 1 0 5 -5.0000 0.1923 -0.3125 1 0 0 0 1 0 2 0 0 1 0 0 2 2 4 5 7 7 3 4 7 10 1 
0 3 288 26 8 288 288 0 8 1 0 0 1 0 2 0 0 0 1 2 8 0.3077 17 26 0.0590 0.0903 1 1 9 18 0.5294 0.6923 1 0 0 0 0 0 1 0 0 0 0 0 2 2 3 3 8 7 3 6 8 9 1 
0 3 288 26 8 288 288 0 8 1 0 0 1 0 2 3 1.5000 1.5000 1 1 11 0.4231 23 27 0.0799 0.0938 1 1 12 16 0.5217 0.5926 1 0 0 0 0 0 1 0 0 0 0 0 2 1 4 4 4 5 3 5 7 7 1 
1 3 289 26 8 288 288 0 8 1 0 0 1 0 5 5 5 5 1 4 25 0.9615 27 16 0.0938 0.0556 1 0 2 -9.0000 0.0741 -0.5625 1 0 0 0 1 0 2 0 0 1 0 0 2 2 4 4 9 9 3 4 7 10 1 
0 3 288 26 8 288 288 0 8 1 0 0 0 1 5 0 0 0 4 4 3 0.1154 16 14 0.0556 0.0486 1 1 13 11 0.8125 0.7857 1 0 0 0 0 0 1 0 0 1 1 0 2 0 4 2 11 9 4 6 9 9 1 
0 3 288 26 8 288 288 0 8 1 0 0 0 1 5 0 0 0 4 4 12 0.4615 16 14 0.0556 0.0486 1 1 4 2 0.2500 0.1429 1 0 0 0 0 0 1 0 0 2 0 2 2 0 4 1 9 1 4 7 6 8 1 
0 3 288 26 8 288 288 0 8 1 0 0 0 1 0 0 0 0 1 4 7 0.2692 12 14 0.0417 0.0486 1 1 5 7 0.4167 0.5000 2 0 0 0 0 0 2 0 0 0 1 1 2 2 4 2 10 2 3 5 9 11 1 
0 3 288 26 8 288 288 0 8 0 1 0 0 1 0 0 0 0 1 4 7 0.2692 13 14 0.0451 0.0486 1 1 6 7 0.4615 0.5000 2 0 0 0 0 0 2 0 0 0 1 1 2 0 2 0 6 1 2 4 7 11 1 

0 4 288 27 7 288 286 2 8 1 0 1 0 0 7 7 7 7 1 4 23 0.8519 25 16 0.0868 0.0556 1 0 2 -7.0000 0.0800 -0.4375 1 0 1 0 0 0 2 0 0 1 0 0 2 2 7 4 6 8 3 4 7 10 1 
0 4 288 27 7 288 286 2 8 1 0 0 1 0 0 7 7 7 2 4 21 0.7778 26 16 0.0903 0.0556 1 0 5 -5.0000 0.1923 -0.3125 1 0 1 0 0 0 2 0 0 1 0 0 2 3 6 3 6 8 3 4 7 10 1 
0 4 288 27 7 288 286 2 8 1 0 0 1 0 2 0 0 0 1 2 8 0.2963 17 26 0.0590 0.0903 1 1 9 18 0.5294 0.6923 1 0 0 0 0 0 1 0 0 0 0 0 2 2 3 3 8 7 3 6 8 9 1 
1 4 289 27 7 288 286 2 8 1 0 0 1 0 4 2 0.5000 0.5000 1 1 11 0.4074 28 22 0.0972 0.0764 1 1 17 11 0.6071 0.5000 1 0 0 0 0 0 1 0 0 0 0 0 2 2 5 3 6 4 3 6 7 8 1 
0 4 288 27 7 288 286 2 8 1 0 0 0 1 7 0 0 0 4 4 3 0.1111 16 14 0.0556 0.0486 1 1 13 11 0.8125 0.7857 1 0 0 0 0 0 1 0 0 1 1 0 2 0 4 2 11 9 4 6 9 9 1 
0 4 288 27 7 288 286 2 8 1 0 0 0 1 7 0 0 0 4 4 12 0.4444 16 14 0.0556 0.0486 1 1 4 2 0.2500 0.1429 1 0 0 0 0 0 1 0 0 2 0 2 2 0 4 1 9 1 4 7 6 8 1 
0 4 288 27 7 288 286 2 8 1 0 0 0 1 0 0 0 0 1 4 7 0.2593 12 14 0.0417 0.0486 1 1 5 7 0.4167 0.5000 2 0 0 0 0 0 2 0 0 0 1 1 2 2 4 2 10 2 3 5 9 11 1 
0 4 288 27 7 288 286 2 8 0 1 0 0 1 0 0 0 0 1 4 7 0.2593 13 14 0.0451 0.0486 1 1 6 7 0.4615 0.5000 2 0 0 0 0 0 2 0 0 0 1 1 2 0 2 0 6 1 2 4 7 11 1 

0 5 288 26 8 288 288 0 7 1 0 0 1 0 0 10 10 10 2 4 21 0.8077 26 16 0.0903 0.0556 1 0 5 -5.0000 0.1923 -0.3125 1 0 0 0 1 0 2 0 0 1 0 0 2 2 4 5 7 7 3 4 7 10 1 
0 5 288 26 8 288 288 0 7 1 0 0 1 0 2 0 0 0 1 2 8 0.3077 17 26 0.0590 0.0903 1 1 9 18 0.5294 0.6923 1 0 0 0 0 0 1 0 0 0 0 0 2 2 3 3 8 7 3 6 8 9 1 
1 5 289 26 8 288 288 0 7 1 0 0 1 0 10 10 10 10 1 4 25 0.9615 27 16 0.0938 0.0556 1 0 2 -9.0000 0.0741 -0.5625 1 0 0 0 1 0 2 0 0 1 0 0 2 2 4 4 9 9 3 4 7 10 1 
0 5 288 26 8 288 288 0 7 1 0 0 0 1 10 0 0 0 4 4 3 0.1154 16 14 0.0556 0.0486 1 1 13 11 0.8125 0.7857 1 0 0 0 0 0 1 0 0 1 1 0 2 0 4 2 11 9 4 6 9 9 1 
0 5 288 26 8 288 288 0 7 1 0 0 0 1 10 0 0 0 4 4 12 0.4615 16 14 0.0556 0.0486 1 1 4 2 0.2500 0.1429 1 0 0 0 0 0 1 0 0 2 0 2 2 0 4 1 9 1 4 7 6 8 1 
0 5 288 26 8 288 288 0 7 1 0 0 0 1 0 0 0 0 1 4 7 0.2692 12 14 0.0417 0.0486 1 1 5 7 0.4167 0.5000 2 0 0 0 0 0 2 0 0 0 1 1 2 2 4 2 10 2 3 5 9 11 1 
0 5 288 26 8 288 288 0 7 0 1 0 0 1 0 0 0 0 1 4 7 0.2692 13 14 0.0451 0.0486 1 1 6 7 0.4615 0.5000 2 0 0 0 0 0 2 0 0 0 1 1 2 0 2 0 6 1 2 4 7 11 1 

0 6 288 26 6 288 286 2 8 1 0 1 0 0 11 11 11 11 1 4 23 0.8846 25 16 0.0868 0.0556 1 0 2 -7.0000 0.0800 -0.4375 1 0 1 0 0 0 2 0 0 1 0 0 2 2 7 4 6 8 3 4 7 10 1 
0 6 288 26 6 288 286 2 8 1 0 0 1 0 0 11 11 11 2 4 21 0.8077 26 16 0.0903 0.0556 1 0 5 -5.0000 0.1923 -0.3125 1 0 1 0 0 0 2 0 0 1 0 0 2 3 6 3 6 8 3 4 7 10 1 
0 6 288 26 6 288 286 2 8 1 0 0 1 0 2 0 0 0 1 2 8 0.3077 17 26 0.0590 0.0903 1 1 9 18 0.5294 0.6923 1 0 0 0 0 0 1 0 0 0 0 0 2 2 3 3 8 7 3 6 8 9 1 
1 6 289 26 6 288 286 2 8 1 0 0 1 0 6 4 2 2 1 1 11 0.4231 27 23 0.0938 0.0799 1 1 16 12 0.5926 0.5217 1 0 0 0 0 0 1 0 0 0 0 0 2 1 4 4 4 5 3 5 7 7 1 
0 6 288 26 6 288 286 2 8 1 0 0 0 1 11 0 0 0 4 4 3 0.1154 16 14 0.0556 0.0486 1 1 13 11 0.8125 0.7857 1 0 0 0 0 0 1 0 0 1 1 0 2 0 4 2 11 9 4 6 9 9 1 
0 6 288 26 6 288 286 2 8 1 0 0 0 1 11 0 0 0 4 4 12 0.4615 16 14 0.0556 0.0486 1 1 4 2 0.2500 0.1429 1 0 0 0 0 0 1 0 0 2 0 2 2 0 4 1 9 1 4 7 6 8 1 
0 6 288 26 6 288 286 2 8 1 0 0 0 1 0 0 0 0 1 4 7 0.2692 12 14 0.0417 0.0486 1 1 5 7 0.4167 0.5000 2 0 0 0 0 0 2 0 0 0 1 1 2 2 4 2 10 2 3 5 9 11 1 
0 6 288 26 6 288 286 2 8 0 1 0 0 1 0 0 0 0 1 4 7 0.2692 13 14 0.0451 0.0486 1 1 6 7 0.4615 0.5000 2 0 0 0 0 0 2 0 0 0 1 1 2 0 2 0 6 1 2 4 7 11 1 

0 7 288 26 7 288 288 0 8 1 0 0 1 0 0 14 14 14 2 4 21 0.8077 26 16 0.0903 0.0556 1 0 5 -5.0000 0.1923 -0.3125 1 0 0 0 1 0 2 0 0 1 0 0 2 2 4 5 7 7 3 4 7 10 1 
0 7 288 26 7 288 288 0 8 1 0 0 1 0 3 7 0.5000 0.5000 1 1 11 0.4231 16 26 0.0556 0.0903 1 1 5 15 0.3125 0.5769 1 0 0 0 0 0 1 0 0 1 1 0 2 1 4 8 4 7 3 6 9 10 1 
0 7 288 26 7 288 288 0 8 1 0 0 1 0 2 0 0 0 1 2 8 0.3077 17 26 0.0590 0.0903 1 1 9 18 0.5294 0.6923 1 0 0 0 0 0 1 0 0 0 1 0 2 2 3 3 8 10 3 6 8 9 1 
1 7 289 26 7 288 288 0 8 1 0 0 1 0 14 14 14 14 1 4 25 0.9615 27 16 0.0938 0.0556 1 0 2 -9.0000 0.0741 -0.5625 1 0 0 0 1 0 2 0 0 1 0 0 2 2 4 4 9 9 3 4 7 10 1 
0 7 288 26 7 288 288 0 8 1 0 0 0 1 14 0 0 0 4 4 3 0.1154 16 14 0.0556 0.0486 1 1 13 11 0.8125 0.7857 1 0 0 0 0 0 1 0 0 2 1 0 2 0 4 2 11 9 4 6 9 9 1 
0 7 288 26 7 288 288 0 8 1 0 0 0 1 14 0 0 0 4 4 12 0.4615 16 14 0.0556 0.0486 1 1 4 2 0.2500 0.1429 1 0 0 0 0 0 1 0 0 2 0 2 2 0 4 1 9 1 4 7 6 8 1 
0 7 288 26 7 288 288 0 8 1 0 0 0 1 0 0 0 0 1 4 7 0.2692 12 14 0.0417 0.0486 1 1 5 7 0.4167 0.5000 2 0 0 0 0 0 2 0 0 0 1 1 2 2 4 2 10 2 3 5 9 11 1 
0 7 288 26 7 288 288 0 8 0 1 0 0 1 0 0 0 0 1 4 7 0.2692 13 14 0.0451 0.0486 1 1 6 7 0.4615 0.5000 2 0 0 0 0 0 2 0 0 0 1 1 2 0 2 0 6 1 2 4 7 11 1 

0 8 288 25 4 288 285 3 8 1 0 1 0 0 15 15 15 15 1 4 22 0.8800 24 16 0.0833 0.0556 1 0 2 -6.0000 0.0833 -0.3750 1 1 0 0 0 0 2 0 0 1 0 0 2 4 4 5 5 9 3 4 7 10 1 
0 8 288 25 4 288 285 3 8 1 0 0 1 0 0 15 15 15 2 4 21 0.8400 26 16 0.0903 0.0556 1 0 5 -5.0000 0.1923 -0.3125 1 1 0 0 0 0 2 0 0 1 0 0 2 4 4 4 6 8 3 4 7 10 1 
0 8 288 25 4 288 285 3 8 1 0 0 1 0 2 0 0 0 1 2 8 0.3200 17 26 0.0590 0.0903 1 1 9 18 0.5294 0.6923 1 0 0 0 0 0 1 0 0 1 0 0 2 2 3 3 8 10 3 6 8 9 1 
1 8 289 25 4 288 285 3 8 0 1 0 1 0 3 3 0.5000 2.5000 1 1 13 0.5200 17 15 0.0590 0.0521 1 1 4 2 0.2353 0.1333 1 0 0 0 0 0 1 0 0 1 0 0 1 0 4 1 2 3 2 4 6 6 1 
0 8 288 25 4 288 285 3 8 1 0 0 0 1 15 0 0 0 4 4 3 0.1200 16 14 0.0556 0.0486 1 1 13 11 0.8125 0.7857 1 0 0 0 0 0 1 0 0 2 1 0 2 0 4 2 11 9 4 6 9 9 1 
0 8 288 25 4 288 285 3 8 1 0 0 0 1 15 0 0 0 4 4 12 0.4800 16 14 0.0556 0.0486 1 1 4 2 0.2500 0.1429 1 0 0 0 0 0 1 0 0 2 0 2 2 0 4 1 9 1 4 7 6 8 1 
0 8 288 25 4 288 285 3 8 1 0 0 0 1 0 0 0 0 1 4 7 0.2800 12 14 0.0417 0.0486 1 1 5 7 0.4167 0.5000 2 0 0 0 0 0 2 0 0 0 1 1 2 2 4 2 8 2 3 5 9 11 1 
0 8 288 25 4 288 285 3 8 0 1 0 0 1 0 0 0 0 1 4 7 0.2800 13 14 0.0451 0.0486 1 1 6 7 0.4615 0.5000 2 0 0 0 0 0 2 0 0 0 1 1 2 0 2 0 4 1 2 4 7 11 1 

0 9 288 26 4 288 284 4 9 1 0 1 0 0 15 15 15 15 1 4 22 0.8462 24 16 0.0833 0.0556 1 0 2 -6.0000 0.0833 -0.3750 1 1 0 0 0 0 2 0 0 1 0 0 2 4 4 5 5 9 3 4 7 10 1 
0 9 288 26 4 288 284 4 9 0 1 1 0 0 4 2 0 2 1 2 9 0.3462 16 16 0.0556 0.0556 1 1 7 7 0.4375 0.4375 1 0 0 0 0 0 1 0 0 0 0 0 1 0 1 0 1 0 2 2 4 4 1 
0 9 288 26 4 288 284 4 9 1 0 0 1 0 0 15 15 15 2 4 21 0.8077 26 16 0.0903 0.0556 1 0 5 -5.0000 0.1923 -0.3125 1 1 0 0 0 0 2 0 0 1 0 0 2 4 4 4 6 8 3 4 7 10 1 
0 9 288 26 4 288 284 4 9 0 1 0 1 0 0 2 2 0 2 2 8 0.3077 26 16 0.0903 0.0556 1 1 18 8 0.6923 0.5000 1 1 0 0 0 0 2 0 0 0 0 0 1 2 2 1 2 5 2 4 5 6 1 
1 9 289 26 4 288 284 4 9 0 1 0 1 0 8 6 1.5000 4 1 1 11 0.4231 27 22 0.0938 0.0764 1 1 16 11 0.5926 0.5000 1 0 0 0 0 0 1 0 0 0 0 0 1 1 3 2 3 5 2 4 4 5 1 
0 9 288 26 4 288 284 4 9 1 0 0 0 1 15 0 0 0 4 4 3 0.1154 16 14 0.0556 0.0486 1 1 13 11 0.8125 0.7857 1 0 0 0 0 0 1 0 0 1 1 0 2 0 4 2 11 9 4 6 9 9 1 
0 9 288 26 4 288 284 4 9 1 0 0 0 1 15 0 0 0 4 4 12 0.4615 16 14 0.0556 0.0486 1 1 4 2 0.2500 0.1429 1 0 0 0 0 0 1 0 0 2 0 2 2 0 4 1 9 1 4 7 6 8 1 
0 9 288 26 4 288 284 4 9 1 0 0 0 1 0 0 0 0 1 4 7 0.2692 12 14 0.0417 0.0486 1 1 5 7 0.4167 0.5000 2 0 0 0 0 0 2 0 0 0 1 1 2 2 4 2 10 2 3 5 9 11 1 
0 9 288 26 4 288 284 4 9 0 1 0 0 1 0 0 0 0 1 4 7 0.2692 13 14 0.0451 0.0486 1 1 6 7 0.4615 0.5000 2 0 0 0 0 0 2 0 0 0 1 1 2 0 2 0 6 1 2 4 7 11 1 

0 10 288 26 7 288 288 0 8 1 0 0 1 0 0 18 18 18 2 4 21 0.8077 26 16 0.0903 0.0556 1 0 5 -5.0000 0.1923 -0.3125 1 0 0 0 1 0 2 0 0 1 0 0 2 2 4 5 7 7 3 4 7 10 1 
0 10 288 26 7 288 288 0 8 0 1 0 1 0 0 3 2.5000 0 2 1 8 0.3077 26 16 0.0903 0.0556 1 1 18 8 0.6923 0.5000 1 0 0 0 0 0 1 0 0 0 0 1 1 0 1 0 6 4 2 4 5 6 1 
0 10 288 26 7 288 288 0 8 1 0 0 1 0 4 9 1 1 1 1 11 0.4231 16 26 0.0556 0.0903 1 1 5 15 0.3125 0.5769 1 0 0 0 0 0 1 0 0 1 1 0 2 1 3 5 8 6 3 6 9 10 1 
1 10 289 26 7 288 288 0 8 1 0 0 1 0 18 18 18 18 1 4 25 0.9615 27 16 0.0938 0.0556 1 0 2 -9.0000 0.0741 -0.5625 1 0 0 0 1 0 2 0 0 1 0 0 2 2 4 4 9 9 3 4 7 10 1 
0 10 288 26 7 288 288 0 8 1 0 0 0 1 18 0 0 0 4 4 3 0.1154 16 14 0.0556 0.0486 1 1 13 11 0.8125 0.7857 1 0 0 0 0 0 1 0 0 2 1 0 2 0 4 2 11 9 4 6 9 9 1 
0 10 288 26 7 288 288 0 8 1 0 0 0 1 18 0 0 0 4 4 12 0.4615 16 14 0.0556 0.0486 1 1 4 2 0.2500 0.1429 1 0 0 0 0 0 1 0 0 2 0 2 2 0 4 1 9 1 4 7 6 8 1 
0 10 288 26 7 288 288 0 8 1 0 0 0 1 0 0 0 0 1 4 7 0.2692 12 14 0.0417 0.0486 1 1 5 7 0.4167 0.5000 2 0 0 0 0 0 2 0 0 0 1 1 2 2 4 2 10 2 3 5 9 11 1 
0 10 288 26 7 288 288 0 8 0 1 0 0 1 0 0 0 0 1 4 7 0.2692 13 14 0.0451 0.0486 1 1 6 7 0.4615 0.5000 2 0 0 0 0 0 2 0 0 0 1 1 2 0 2 0 6 1 2 4 7 11 1 

0 11 289 26 9 289 289 0 7 1 0 0 1 0 0 21 21 21 2 4 21 0.8077 26 16 0.0900 0.0554 1 0 5 -5.0000 0.1923 -0.3125 1 0 0 0 1 0 2 0 0 1 0 0 2 2 4 5 7 7 3 4 7 10 1 
0 11 289 26 9 289 289 0 7 1 0 0 1 0 3 0 0 0 1 2 8 0.3077 17 26 0.0588 0.0900 1 1 9 18 0.5294 0.6923 1 0 0 0 0 0 1 0 0 0 0 0 2 2 3 3 8 7 3 6 8 9 1 
1 11 290 26 9 289 289 0 7 1 0 0 1 0 21 21 21 21 1 4 25 0.9615 27 16 0.0934 0.0554 1 0 2 -9.0000 0.0741 -0.5625 1 0 0 0 1 0 2 0 0 1 0 0 2 2 4 4 9 9 3 4 7 10 1 
0 11 289 26 9 289 289 0 7 1 0 0 0 1 21 0 0 0 4 4 3 0.1154 16 14 0.0554 0.0484 1 1 13 11 0.8125 0.7857 1 0 0 0 0 0 1 0 0 1 1 0 2 0 4 2 11 9 4 6 9 9 1 
0 11 289 26 9 289 289 0 7 1 0 0 0 1 21 0 0 0 4 4 12 0.4615 16 14 0.0554 0.0484 1 1 4 2 0.2500 0.1429 1 0 0 0 0 0 1 0 0 2 0 2 2 0 4 1 9 1 4 7 6 8 1 
0 11 289 26 9 289 289 0 7 1 0 0 0 1 0 0 0 0 1 4 7 0.2692 12 14 0.0415 0.0484 1 1 5 7 0.4167 0.5000 2 0 0 0 0 0 2 0 0 0 1 1 2 2 4 2 10 2 3 5 9 11 1 
0 11 289 26 9 289 289 0 7 0 1 0 0 1 0 0 0 0 1 4 7 0.2692 13 14 0.0450 0.0484 1 1 6 7 0.4615 0.5000 2 0 0 0 0 0 2 0 0 0 1 1 2 0 2 0 6 1 2 4 7 11 1 

0 12 289 27 10 289 289 0 8 1 0 0 1 0 0 24 24 24 2 4 21 0.7778 26 16 0.0900 0.0554 1 0 5 -5.0000 0.1923 -0.3125 1 0 0 0 1 0 2 0 0 1 0 0 2 2 4 5 7 7 3 4 7 10 1 
0 12 289 27 10 289 289 0 8 1 0 0 1 0 3 0 0 0 1 2 8 0.2963 17 26 0.0588 0.0900 1 1 9 18 0.5294 0.6923 1 0 0 0 0 0 1 0 0 0 0 0 2 2 3 3 8 7 3 6 8 9 1 
0 12 289 27 10 289 289 0 8 0 1 0 1 0 7 9 4.5000 2 1 1 12 0.4444 23 28 0.0796 0.0969 1 1 11 16 0.4783 0.5714 1 0 0 0 0 0 1 0 0 0 0 0 1 0 1 0 1 0 2 3 3 3 1 
1 12 290 27 10 289 289 0 8 1 0 0 1 0 24 24 24 24 1 4 25 0.9259 27 16 0.0934 0.0554 1 0 2 -9.0000 0.0741 -0.5625 1 0 0 0 1 0 2 0 0 1 0 0 2 2 4 4 9 9 3 4 7 10 1 
0 12 289 27 10 289 289 0 8 1 0 0 0 1 24 0 0 0 4 4 3 0.1111 16 14 0.0554 0.0484 1 1 13 11 0.8125 0.7857 1 0 0 0 0 0 1 0 0 1 1 0 2 0 4 2 11 9 4 6 9 9 1 
0 12 289 27 10 289 289 0 8 1 0 0 0 1 24 0 0 0 4 4 12 0.4444 16 14 0.0554 0.0484 1 1 4 2 0.2500 0.1429 1 0 0 0 0 0 1 0 0 2 0 2 2 0 4 1 9 1 4 7 6 8 1 
0 12 289 27 10 289 289 0 8 1 0 0 0 1 0 0 0 0 1 4 7 0.2593 12 14 0.0415 0.0484 1 1 5 7 0.4167 0.5000 2 0 0 0 0 0 2 0 0 0 1 1 2 2 4 2 10 2 3 5 9 11 1 
0 12 289 27 10 289 289 0 8 0 1 0 0 1 0 0 0 0 1 4 7 0.2593 13 14 0.0450 0.0484 1 1 6 7 0.4615 0.5000 2 0 0 0 0 0 2 0 0 0 1 1 2 0 2 0 6 1 2 4 7 11 1 

0 13 289 27 10 289 289 0 7 1 0 0 1 0 0 27 27 27 2 4 21 0.7778 26 16 0.0900 0.0554 1 0 5 -5.0000 0.1923 -0.3125 1 0 0 0 1 0 2 0 0 1 0 0 2 2 4 5 7 7 3 4 7 10 1 
0 13 289 27 10 289 289 0 7 1 0 0 1 0 3 0 0 0 1 2 8 0.2963 17 26 0.0588 0.0900 1 1 9 18 0.5294 0.6923 1 0 0 0 0 0 1 0 0 0 0 0 2 2 3 3 8 7 3 6 8 9 1 
1 13 290 27 10 289 289 0 7 1 0 0 1 0 27 27 27 27 1 4 25 0.9259 27 16 0.0934 0.0554 1 0 2 -9.0000 0.0741 -0.5625 1 0 0 0 1 0 2 0 0 1 0 0 2 2 4 4 9 9 3 4 7 10 1 
0 13 289 27 10 289 289 0 7 1 0 0 0 1 27 0 0 0 4 4 3 0.1111 16 14 0.0554 0.0484 1 1 13 11 0.8125 0.7857 1 0 0 0 0 0 1 0 0 1 1 0 2 0 4 2 11 9 4 6 9 9 1 
0 13 289 27 10 289 289 0 7 1 0 0 0 1 27 0 0 0 4 4 12 0.4444 16 14 0.0554 0.0484 1 1 4 2 0.2500 0.1429 1 0 0 0 0 0 1 0 0 2 0 2 2 0 4 1 9 1 4 7 6 8 1 
0 13 289 27 10 289 289 0 7 1 0 0 0 1 0 0 0 0 1 4 7 0.2593 12 14 0.0415 0.0484 1 1 5 7 0.4167 0.5000 2 0 0 0 0 0 2 0 0 0 1 1 2 2 4 2 10 2 3 5 9 11 1 
0 13 289 27 10 289 289 0 7 0 1 0 0 1 0 0 0 0 1 4 7 0.2593 13 14 0.0450 0.0484 1 1 6 7 0.4615 0.5000 2 0 0 0 0 0 2 0 0 0 1 1 2 0 2 0 6 1 2 4 7 11 1 

0 14 289 27 10 289 289 0 7 1 0 0 1 0 0 28 28 28 2 4 21 0.7778 26 16 0.0900 0.0554 1 0 5 -5.0000 0.1923 -0.3125 1 0 0 0 0 1 2 0 0 1 0 0 2 2 4 2 9 8 3 4 7 10 1 
0 14 289 27 10 289 289 0 7 1 0 0 1 0 3 0 0 0 1 2 8 0.2963 17 26 0.0588 0.0900 1 1 9 18 0.5294 0.6923 1 0 0 0 0 0 1 0 0 0 0 0 2 2 3 3 8 7 3 6 8 9 1 
1 14 290 27 10 289 289 0 7 1 0 0 1 0 29 28 28 28 1 4 26 0.9630 28 16 0.0969 0.0554 1 0 2 -10.0000 0.0714 -0.6250 1 0 0 0 0 1 2 0 0 1 0 0 2 2 4 4 5 14 3 4 7 10 1 
0 14 289 27 10 289 289 0 7 1 0 0 0 1 28 0 0 0 4 4 3 0.1111 16 14 0.0554 0.0484 1 1 13 11 0.8125 0.7857 1 0 0 0 0 0 1 0 0 1 1 0 2 0 4 2 11 9 4 6 9 9 1 
0 14 289 27 10 289 289 0 7 1 0 0 0 1 28 0 0 0 4 4 12 0.4444 16 14 0.0554 0.0484 1 1 4 2 0.2500 0.1429 1 0 0 0 0 0 1 0 0 2 0 2 2 0 4 1 9 1 4 7 6 8 1 
0 14 289 27 10 289 289 0 7 1 0 0 0 1 1 0 0 0 1 4 7 0.2593 12 14 0.0415 0.0484 1 1 5 7 0.4167 0.5000 2 0 0 0 0 0 2 0 0 0 1 1 2 2 4 2 10 2 3 5 9 11 1 
0 14 289 27 10 289 289 0 7 0 1 0 0 1 0 0 0 0 1 4 7 0.2593 13 14 0.0450 0.0484 1 1 6 7 0.4615 0.5000 2 0 0 0 0 0 2 0 0 0 1 1 2 0 2 0 6 1 2 4 7 11 1 

0 15 289 26 8 289 289 0 8 1 0 0 1 0 0 32 32 32 2 4 21 0.8077 26 16 0.0900 0.0554 1 0 5 -5.0000 0.1923 -0.3125 1 0 0 0 1 0 2 0 0 1 0 0 2 2 4 5 7 7 3 4 7 10 1 
0 15 289 26 8 289 289 0 8 1 0 0 1 0 3 0 0 0 1 2 8 0.3077 17 26 0.0588 0.0900 1 1 9 18 0.5294 0.6923 1 0 0 0 0 0 1 0 0 1 0 0 2 2 3 3 8 11 3 6 8 9 1 
0 15 289 26 8 289 289 0 8 1 0 0 1 0 5 5 4 4 1 1 13 0.5000 16 17 0.0554 0.0588 1 1 3 4 0.1875 0.2353 1 0 0 0 0 0 1 0 0 1 1 0 2 1 3 5 9 7 3 5 8 10 1 
1 15 290 26 8 289 289 0 8 1 0 0 1 0 33 32 32 32 1 4 25 0.9615 27 16 0.0934 0.0554 1 0 2 -9.0000 0.0741 -0.5625 1 0 0 0 1 0 2 0 0 1 0 0 2 2 4 4 9 9 3 4 7 10 1 
0 15 289 26 8 289 289 0 8 1 0 0 0 1 32 0 0 0 4 4 3 0.1154 16 14 0.0554 0.0484 1 1 13 11 0.8125 0.7857 1 0 0 0 0 0 1 0 0 1 2 0 2 0 4 2 11 9 4 6 9 9 1 
0 15 289 26 8 289 289 0 8 1 0 0 0 1 32 0 0 0 4 4 12 0.4615 16 14 0.0554 0.0484 1 1 4 2 0.2500 0.1429 1 0 0 0 0 0 1 0 0 2 0 2 2 0 4 1 9 1 4 7 6 8 1 
0 15 289 26 8 289 289 0 8 1 0 0 0 1 1 0 0 0 1 4 7 0.2692 12 14 0.0415 0.0484 1 1 5 7 0.4167 0.5000 2 0 0 0 0 0 2 0 0 0 1 1 2 2 4 2 8 2 3 5 9 11 1 
0 15 289 26 8 289 289 0 8 0 1 0 0 1 0 0 0 0 1 4 7 0.2692 13 14 0.0450 0.0484 1 1 6 7 0.4615 0.5000 2 0 0 0 0 0 2 0 0 0 1 1 2 0 2 0 4 1 2 4 7 11 1 

0 16 289 25 7 289 287 2 8 1 0 1 0 0 35 34 34 34 1 4 23 0.9200 25 16 0.0865 0.0554 1 0 2 -7.0000 0.0800 -0.4375 1 0 1 0 0 0 2 0 0 1 0 0 2 2 7 4 6 8 3 4 7 10 1 
0 16 289 25 7 289 287 2 8 1 0 0 1 0 0 34 34 34 2 4 21 0.8400 26 16 0.0900 0.0554 1 0 5 -5.0000 0.1923 -0.3125 1 0 1 0 0 0 2 0 0 1 0 0 2 3 6 3 6 8 3 4 7 10 1 
0 16 289 25 7 289 287 2 8 1 0 0 1 0 3 0 0 0 1 2 8 0.3200 17 26 0.0588 0.0900 1 1 9 18 0.5294 0.6923 1 0 0 0 0 0 1 0 0 1 0 0 2 2 3 3 8 10 3 6 8 9 1 
1 16 290 25 7 289 287 2 8 1 0 0 1 0 6 2 2 2 1 2 14 0.5600 18 12 0.0623 0.0415 1 0 4 -2.0000 0.2222 -0.1667 1 0 0 0 0 0 1 0 0 2 2 0 2 2 5 5 6 11 3 4 6 10 1 
0 16 289 25 7 289 287 2 8 1 0 0 0 1 34 0 0 0 4 4 3 0.1200 16 14 0.0554 0.0484 1 1 13 11 0.8125 0.7857 1 0 0 0 0 0 1 0 0 1 2 0 2 0 4 2 11 9 4 6 9 9 1 
0 16 289 25 7 289 287 2 8 1 0 0 0 1 34 0 0 0 4 4 12 0.4800 16 14 0.0554 0.0484 1 1 4 2 0.2500 0.1429 1 0 0 0 0 0 1 0 0 2 0 2 2 0 4 1 9 1 4 7 6 8 1 
0 16 289 25 7 289 287 2 8 1 0 0 0 1 2 0 0 0 2 4 7 0.2800 12 14 0.0415 0.0484 1 1 5 7 0.4167 0.5000 2 0 0 0 0 0 2 0 0 0 2 1 2 2 7 2 10 2 3 5 9 11 1 
0 16 289 25 7 289 287 2 8 0 1 0 0 1 0 0 0 0 1 4 7 0.2800 13 14 0.0450 0.0484 1 1 6 7 0.4615 0.5000 2 0 0 0 0 0 2 0 0 0 1 1 2 0 5 0 5 1 2 4 7 11 1 

0 17 289 26 9 289 289 0 7 1 0 0 1 0 0 37 37 37 2 4 21 0.8077 26 16 0.0900 0.0554 1 0 5 -5.0000 0.1923 -0.3125 1 0 0 0 1 0 2 0 0 1 0 0 2 2 4 5 7 7 3 4 7 10 1 
0 17 289 26 9 289 289 0 7 0 1 0 1 0 0 4 3 0 2 1 8 0.3077 26 16 0.0900 0.0554 1 1 18 8 0.6923 0.5000 1 0 0 0 0 0 1 0 0 0 0 0 1 0 1 0 4 4 2 4 5 6 1 
1 17 290 26 9 289 289 0 7 1 0 0 1 0 38 37 37 37 1 4 25 0.9615 27 16 0.0934 0.0554 1 0 2 -9.0000 0.0741 -0.5625 1 0 0 0 1 0 2 0 0 1 0 0 2 2 4 4 9 9 3 4 7 10 1 
0 17 289 26 9 289 289 0 7 1 0 0 0 1 37 0 0 0 4 4 3 0.1154 16 14 0.0554 0.0484 1 1 13 11 0.8125 0.7857 1 0 0 0 0 0 1 0 0 1 1 0 2 0 4 2 11 9 4 6 9 9 1 
0 17 289 26 9 289 289 0 7 1 0 0 0 1 37 0 0 0 4 4 12 0.4615 16 14 0.0554 0.0484 1 1 4 2 0.2500 0.1429 1 0 0 0 0 0 1 0 0 2 0 2 2 0 4 1 9 1 4 7 6 8 1 
0 17 289 26 9 289 289 0 7 1 0 0 0 1 3 0 0 0 1 4 7 0.2692 12 14 0.0415 0.0484 1 1 5 7 0.4167 0.5000 2 0 0 0 0 0 2 0 0 0 1 1 2 2 4 2 10 2 3 5 9 11 1 
0 17 289 26 9 289 289 0 7 0 1 0 0 1 0 0 0 0 1 4 7 0.2692 13 14 0.0450 0.0484 1 1 6 7 0.4615 0.5000 2 0 0 0 0 0 2 0 0 0 1 1 2 0 2 0 6 1 2 4 7 11 1 

0 18 289 26 7 289 287 2 8 1 0 1 0 0 39 38 38 38 1 4 23 0.8846 25 16 0.0865 0.0554 1 0 2 -7.0000 0.0800 -0.4375 1 0 1 0 0 0 2 0 0 1 0 0 2 2 7 4 6 8 3 4 7 10 1 
0 18 289 26 7 289 287 2 8 1 0 0 1 0 0 38 38 38 2 4 21 0.8077 26 16 0.0900 0.0554 1 0 5 -5.0000 0.1923 -0.3125 1 0 1 0 0 0 2 0 0 1 0 0 2 3 6 3 6 8 3 4 7 10 1 
0 18 289 26 7 289 287 2 8 0 1 0 1 0 0 4 3 0 2 1 8 0.3077 26 16 0.0900 0.0554 1 1 18 8 0.6923 0.5000 1 0 0 0 0 0 1 0 0 0 0 0 1 0 1 0 4 4 2 4 5 6 1 
1 18 290 26 7 289 287 2 8 1 0 0 1 0 11 8 5 5 1 1 11 0.4231 27 23 0.0934 0.0796 1 1 16 12 0.5926 0.5217 1 0 0 0 0 0 1 0 0 0 0 0 2 1 4 5 4 6 3 5 7 7 1 
0 18 289 26 7 289 287 2 8 1 0 0 0 1 38 0 0 0 4 4 3 0.1154 16 14 0.0554 0.0484 1 1 13 11 0.8125 0.7857 1 0 0 0 0 0 1 0 0 1 1 0 2 0 4 2 11 9 4 6 9 9 1 
0 18 289 26 7 289 287 2 8 1 0 0 0 1 38 0 0 0 4 4 12 0.4615 16 14 0.0554 0.0484 1 1 4 2 0.2500 0.1429 1 0 0 0 0 0 1 0 0 2 0 2 2 0 4 1 9 1 4 7 6 8 1 
0 18 289 26 7 289 287 2 8 1 0 0 0 1 3 0 0 0 1 4 7 0.2692 12 14 0.0415 0.0484 1 1 5 7 0.4167 0.5000 2 0 0 0 0 0 2 0 0 0 1 1 2 2 4 2 10 2 3 5 9 11 1 
0 18 289 26 7 289 287 2 8 0 1 0 0 1 0 0 0 0 1 4 7 0.2692 13 14 0.0450 0.0484 1 1 6 7 0.4615 0.5000 2 0 0 0 0 0 2 0 0 0 1 1 2 0 2 0 6 1 2 4 7 11 1 

0 19 289 27 10 289 289 0 8 1 0 0 1 0 0 38 38 38 2 4 21 0.7778 26 16 0.0900 0.0554 1 0 5 -5.0000 0.1923 -0.3125 1 0 0 0 0 1 2 0 0 1 0 0 2 2 4 2 9 8 3 4 7 10 1 
0 19 289 27 10 289 289 0 8 1 0 0 1 0 4 0 0 0 1 2 8 0.2963 17 26 0.0588 0.0900 1 1 9 18 0.5294 0.6923 1 0 0 0 0 0 1 0 0 0 0 0 2 2 3 3 8 7 3 6 8 9 1 
0 19 289 27 10 289 289 0 8 1 0 0 1 0 9 12 6 6 1 1 11 0.4074 23 27 0.0796 0.0934 1 1 12 16 0.5217 0.5926 1 0 0 0 0 0 1 0 0 0 0 0 2 1 4 4 4 5 3 5 7 7 1 
1 19 290 27 10 289 289 0 8 1 0 0 1 0 40 38 38 38 1 4 26 0.9630 28 16 0.0969 0.0554 1 0 2 -10.0000 0.0714 -0.6250 1 0 0 0 0 1 2 0 0 1 0 0 2 2 4 4 5 14 3 4 7 10 1 
0 19 289 27 10 289 289 0 8 1 0 0 0 1 38 0 0 0 4 4 3 0.1111 16 14 0.0554 0.0484 1 1 13 11 0.8125 0.7857 1 0 0 0 0 0 1 0 0 1 1 0 2 0 4 2 11 9 4 6 9 9 1 
0 19 289 27 10 289 289 0 8 1 0 0 0 1 38 0 0 0 4 4 12 0.4444 16 14 0.0554 0.0484 1 1 4 2 0.2500 0.1429 1 0 0 0 0 0 1 0 0 2 0 2 2 0 4 1 9 1 4 7 6 8 1 
0 19 289 27 10 289 289 0 8 1 0 0 0 1 4 0 0 0 1 4 7 0.2593 12 14 0.0415 0.0484 1 1 5 7 0.4167 0.5000 2 0 0 0 0 0 2 0 0 0 1 1 2 2 4 2 10 2 3 5 9 11 1 
0 19 289 27 10 289 289 0 8 0 1 0 0 1 0 0 0 0 1 4 7 0.2593 13 14 0.0450 0.0484 1 1 6 7 0.4615 0.5000 2 0 0 0 0 0 2 0 0 0 1 1 2 0 2 0 6 1 2 4 7 11 1 

0 20 289 27 10 289 289 0 7 1 0 0 1 0 0 42 42 42 2 4 21 0.7778 26 16 0.0900 0.0554 1 0 5 -5.0000 0.1923 -0.3125 1 0 0 0 1 0 2 0 0 1 0 0 2 2 4 5 7 7 3 4 7 10 1 
0 20 289 27 10 289 289 0 7 0 1 0 1 0 0 5 3.5000 0 2 1 8 0.2963 26 16 0.0900 0.0554 1 1 18 8 0.6923 0.5000 1 0 0 0 0 0 1 0 0 0 0 0 1 0 1 0 4 7 2 4 5 6 1 
1 20 290 27 10 289 289 0 7 1 0 0 1 0 44 42 42 42 1 4 25 0.9259 27 16 0.0934 0.0554 1 0 2 -9.0000 0.0741 -0.5625 1 0 0 0 1 0 2 0 0 1 0 0 2 2 4 4 9 9 3 4 7 10 1 
0 20 289 27 10 289 289 0 7 1 0 0 0 1 42 0 0 0 4 4 3 0.1111 16 14 0.0554 0.0484 1 1 13 11 0.8125 0.7857 1 0 0 0 0 0 1 0 0 1 1 0 2 0 4 2 11 9 4 6 9 9 1 
0 20 289 27 10 289 289 0 7 1 0 0 0 1 42 0 0 0 4 4 12 0.4444 16 14 0.0554 0.0484 1 1 4 2 0.2500 0.1429 1 0 0 0 0 0 1 0 0 2 0 2 2 0 4 1 9 1 4 7 6 8 1 
0 20 289 27 10 289 289 0 7 1 0 0 0 1 4 0 0 0 1 4 7 0.2593 12 14 0.0415 0.0484 1 1 5 7 0.4167 0.5000 2 0 0 0 0 0 2 0 0 0 1 1 2 2 4 2 10 2 3 5 9 11 1 
0 20 289 27 10 289 289 0 7 0 1 0 0 1 0 0 0 0 1 4 7 0.2593 13 14 0.0450 0.0484 1 1 6 7 0.4615 0.5000 2 0 0 0 0 0 2 0 0 0 1 1 2 0 2 0 6 1 2 4 7 11 1 

0 21 289 27 9 289 289 0 8 1 0 0 1 0 0 43 43 43 2 4 21 0.7778 26 16 0.0900 0.0554 1 0 5 -5.0000 0.1923 -0.3125 1 0 0 0 0 1 2 0 0 1 0 0 2 2 4 2 9 8 3 4 7 10 1 
0 21 289 27 9 289 289 0 8 0 1 0 1 0 0 5 3.5000 0 2 1 8 0.2963 26 16 0.0900 0.0554 1 1 18 8 0.6923 0.5000 1 0 0 0 0 0 1 0 0 0 0 1 1 0 1 0 6 4 2 4 5 6 1 
0 21 289 27 9 289 289 0 8 1 0 0 1 0 8 13 1 1 1 1 11 0.4074 16 26 0.0554 0.0900 1 1 5 15 0.3125 0.5769 1 0 0 0 0 0 1 0 0 1 1 0 2 1 3 5 8 6 3 6 9 10 1 
1 21 290 27 9 289 289 0 8 1 0 0 1 0 46 43 43 43 1 4 26 0.9630 28 16 0.0969 0.0554 1 0 2 -10.0000 0.0714 -0.6250 1 0 0 0 0 1 2 0 0 1 0 0 2 2 4 4 5 14 3 4 7 10 1 
0 21 289 27 9 289 289 0 8 1 0 0 0 1 43 0 0 0 4 4 3 0.1111 16 14 0.0554 0.0484 1 1 13 11 0.8125 0.7857 1 0 0 0 0 0 1 0 0 2 1 0 2 0 4 2 11 9 4 6 9 9 1 
0 21 289 27 9 289 289 0 8 1 0 0 0 1 43 0 0 0 4 4 12 0.4444 16 14 0.0554 0.0484 1 1 4 2 0.2500 0.1429 1 0 0 0 0 0 1 0 0 2 0 2 2 0 4 1 9 1 4 7 6 8 1 
0 21 289 27 9 289 289 0 8 1 0 0 0 1 5 0 0 0 1 4 7 0.2593 12 14 0.0415 0.0484 1 1 5 7 0.4167 0.5000 2 0 0 0 0 0 2 0 0 0 1 1 2 2 4 2 10 2 3 5 9 11 1 
0 21 289 27 9 289 289 0 8 0 1 0 0 1 0 0 0 0 1 4 7 0.2593 13 14 0.0450 0.0484 1 1 6 7 0.4615 0.5000 2 0 0 0 0 0 2 0 0 0 1 1 2 0 2 0 6 1 2 4 7 11 1 

0 22 289 27 9 289 289 0 8 1 0 0 1 0 0 44 44 44 2 4 21 0.7778 26 16 0.0900 0.0554 1 0 5 -5.0000 0.1923 -0.3125 1 0 0 0 0 1 2 0 0 1 0 0 2 2 4 2 9 8 3 4 7 10 1 
0 22 289 27 9 289 289 0 8 1 0 0 1 0 8 13 1 1 1 1 11 0.4074 16 26 0.0554 0.0900 1 1 5 15 0.3125 0.5769 1 0 0 0 0 0 1 0 0 1 1 0 2 1 4 8 4 7 3 6 9 10 1 
0 22 289 27 9 289 289 0 8 1 0 0 1 0 5 0 0 0 1 2 8 0.2963 17 26 0.0588 0.0900 1 1 9 18 0.5294 0.6923 1 0 0 0 0 0 1 0 0 0 1 0 2 2 3 3 8 10 3 6 8 9 1 
1 22 290 27 9 289 289 0 8 1 0 0 1 0 48 44 44 44 1 4 26 0.9630 28 16 0.0969 0.0554 1 0 2 -10.0000 0.0714 -0.6250 1 0 0 0 0 1 2 0 0 1 0 0 2 2 4 4 5 14 3 4 7 10 1 
0 22 289 27 9 289 289 0 8 1 0 0 0 1 44 0 0 0 4 4 3 0.1111 16 14 0.0554 0.0484 1 1 13 11 0.8125 0.7857 1 0 0 0 0 0 1 0 0 2 1 0 2 0 4 2 11 9 4 6 9 9 1 
0 22 289 27 9 289 289 0 8 1 0 0 0 1 44 0 0 0 4 4 12 0.4444 16 14 0.0554 0.0484 1 1 4 2 0.2500 0.1429 1 0 0 0 0 0 1 0 0 2 0 2 2 0 4 1 9 1 4 7 6 8 1 
0 22 289 27 9 289 289 0 8 1 0 0 0 1 6 0 0 0 1 4 7 0.2593 12 14 0.0415 0.0484 1 1 5 7 0.4167 0.5000 2 0 0 0 0 0 2 0 0 0 1 1 2 2 4 2 10 2 3 5 9 11 1 
0 22 289 27 9 289 289 0 8 0 1 0 0 1 0 0 0 0 1 4 7 0.2593 13 14 0.0450 0.0484 1 1 6 7 0.4615 0.5000 2 0 0 0 0 0 2 0 0 0 1 1 2 0 2 0 6 1 2 4 7 11 1 

0 23 289 26 8 289 289 0 7 1 0 0 1 0 0 47 47 47 1 4 21 0.8077 26 16 0.0900 0.0554 1 0 5 -5.0000 0.1923 -0.3125 1 0 0 0 1 0 2 0 0 1 0 0 2 2 4 5 7 7 3 4 7 10 1 
0 23 289 26 8 289 289 0 7 1 0 0 1 0 8 13 1 1 1 1 11 0.4231 16 26 0.0554 0.0900 1 1 5 15 0.3125 0.5769 1 0 0 0 0 0 1 0 0 1 0 0 2 1 3 9 3 8 3 6 9 10 1 
1 23 290 26 8 289 289 0 7 1 0 0 1 0 51 47 47 47 1 4 25 0.9615 27 16 0.0934 0.0554 1 0 2 -9.0000 0.0741 -0.5625 1 0 0 0 1 0 2 0 0 1 0 0 2 2 4 4 9 9 3 4 7 10 1 
0 23 289 26 8 289 289 0 7 1 0 0 0 1 47 0 0 0 4 4 3 0.1154 16 14 0.0554 0.0484 1 1 13 11 0.8125 0.7857 1 0 0 0 0 0 1 0 0 2 1 0 2 0 4 2 11 9 4 6 9 9 1 
0 23 289 26 8 289 289 0 7 1 0 0 0 1 47 0 0 0 4 4 12 0.4615 16 14 0.0554 0.0484 1 1 4 2 0.2500 0.1429 1 0 0 0 0 0 1 0 0 2 0 2 2 0 4 1 9 1 4 7 6 8 1 
0 23 289 26 8 289 289 0 7 1 0 0 0 1 6 0 0 0 1 4 7 0.2692 12 14 0.0415 0.0484 1 1 5 7 0.4167 0.5000 2 0 0 0 0 0 2 0 0 0 1 1 2 2 4 2 10 2 3 5 9 11 1 
0 23 289 26 8 289 289 0 7 0 1 0 0 1 0 0 0 0 1 4 7 0.2692 13 14 0.0450 0.0484 1 1 6 7 0.4615 0.5000 2 0 0 0 0 0 2 0 0 0 1 1 2 0 2 0 6 1 2 4 7 11 1 

0 24 289 26 8 289 289 0 8 1 0 0 1 0 0 49 49 49 2 4 21 0.8077 26 16 0.0900 0.0554 1 0 5 -5.0000 0.1923 -0.3125 1 0 0 0 1 0 2 0 0 1 0 0 2 2 4 5 7 7 3 4 7 10 1 
0 24 289 26 8 289 289 0 8 1 0 0 1 0 8 13 1 1 1 1 11 0.4231 16 26 0.0554 0.0900 1 1 5 15 0.3125 0.5769 1 0 0 0 0 0 1 0 0 1 1 0 2 1 3 5 8 6 3 6 9 10 1 
1 24 290 26 8 289 289 0 8 1 0 0 1 0 53 49 49 49 1 4 25 0.9615 27 16 0.0934 0.0554 1 0 2 -9.0000 0.0741 -0.5625 1 0 0 0 1 0 2 0 0 1 0 0 2 2 4 4 9 9 3 4 7 10 1 
0 24 289 26 8 289 289 0 8 1 0 0 0 1 49 0 0 0 4 4 3 0.1154 16 14 0.0554 0.0484 1 1 13 11 0.8125 0.7857 1 0 0 0 0 0 1 0 0 2 1 0 2 0 4 2 11 9 4 6 9 9 1 
0 24 289 26 8 289 289 0 8 1 0 0 0 1 49 0 0 0 4 4 12 0.4615 16 14 0.0554 0.0484 1 1 4 2 0.2500 0.1429 1 0 0 0 0 0 1 0 0 2 0 2 2 0 4 1 9 1 4 7 6 8 1 
0 24 289 26 8 289 289 0 8 1 0 0 0 1 6 0 0 0 1 4 7 0.2692 12 14 0.0415 0.0484 1 1 5 7 0.4167 0.5000 2 0 0 0 0 0 2 0 0 0 1 1 2 2 4 2 10 2 3 5 9 11 1 
0 24 289 26 8 289 289 0 8 0 1 0 0 1 0 0 0 0 1 4 7 0.2692 13 14 0.0450 0.0484 1 1 6 7 0.4615 0.5000 2 0 0 0 0 0 2 0 0 0 1 1 2 0 2 0 6 1 2 4 7 11 1 
0 24 289 26 8 289 289 0 8 0 1 0 0 1 6 0 0 4.5000 1 2 8 0.3077 17 26 0.0588 0.0900 1 1 9 18 0.5294 0.6923 1 0 0 0 0 0 1 0 0 0 1 0 1 0 1 0 6 7 2 5 6 7 1 

0 25 289 26 9 289 288 1 8 1 0 1 0 0 55 51 51 51 1 4 24 0.9231 26 16 0.0900 0.0554 1 0 2 -8.0000 0.0769 -0.5000 1 0 0 1 0 0 2 0 0 1 0 0 2 2 4 8 4 10 3 4 7 10 1 
0 25 289 26 9 289 288 1 8 1 0 0 1 0 0 51 51 51 2 4 21 0.8077 26 16 0.0900 0.0554 1 0 5 -5.0000 0.1923 -0.3125 1 0 0 1 0 0 2 0 0 1 0 0 2 2 6 4 6 7 3 4 7 10 1 
0 25 289 26 9 289 288 1 8 1 0 0 1 0 6 0 0 0 1 2 8 0.3077 17 26 0.0588 0.0900 1 1 9 18 0.5294 0.6923 1 0 0 0 0 0 1 0 0 1 0 0 2 2 3 3 8 7 3 6 8 9 1 
1 25 290 26 9 289 288 1 8 1 0 0 1 0 9 6 6 6 1 2 13 0.5000 17 12 0.0588 0.0415 1 0 4 -1.0000 0.2353 -0.0833 1 0 0 0 0 0 1 0 0 2 2 0 2 2 5 5 9 3 3 4 6 10 1 
0 25 289 26 9 289 288 1 8 1 0 0 0 1 51 0 0 0 4 4 3 0.1154 16 14 0.0554 0.0484 1 1 13 11 0.8125 0.7857 1 0 0 0 0 0 1 0 0 1 2 0 2 0 4 2 11 9 4 6 9 9 1 
0 25 289 26 9 289 288 1 8 1 0 0 0 1 51 0 0 0 4 4 12 0.4615 16 14 0.0554 0.0484 1 1 4 2 0.2500 0.1429 1 0 0 0 0 0 1 0 0 2 0 2 2 0 4 1 9 1 4 7 6 8 1 
0 25 289 26 9 289 288 1 8 1 0 0 0 1 6 0 0 0 2 4 7 0.2692 12 14 0.0415 0.0484 1 1 5 7 0.4167 0.5000 2 0 0 0 0 0 2 0 0 0 2 1 2 2 4 2 10 2 3 5 9 11 1 
0 25 289 26 9 289 288 1 8 0 1 0 0 1 0 0 0 0 1 4 7 0.2692 13 14 0.0450 0.0484 1 1 6 7 0.4615 0.5000 2 0 0 0 0 0 2 0 0 0 1 1 2 0 2 0 6 1 2 4 7 11 1 

0 26 290 27 9 290 288 2 9 1 0 1 0 0 10 8 5.5000 5.5000 1 1 12 0.4444 16 15 0.0552 0.0517 1 1 4 3 0.2500 0.2000 1 0 0 0 0 0 1 0 0 1 1 1 2 0 4 5 4 7 3 5 8 10 1 
0 26 290 27 9 290 288 2 9 1 0 1 0 0 55 51 51 51 1 4 24 0.8889 26 16 0.0897 0.0552 1 0 2 -8.0000 0.0769 -0.5000 1 0 0 1 0 0 2 0 0 1 0 0 2 2 4 8 4 10 3 4 7 10 1 
0 26 290 27 9 290 288 2 9 1 0 0 1 0 0 51 51 51 2 4 21 0.7778 26 16 0.0897 0.0552 1 0 5 -5.0000 0.1923 -0.3125 1 0 0 1 0 0 2 0 0 1 0 0 2 2 6 4 6 7 3 4 7 10 1 
0 26 290 27 9 290 288 2 9 1 0 0 1 0 6 0 0 0 1 2 8 0.2963 17 26 0.0586 0.0897 1 1 9 18 0.5294 0.6923 1 0 0 0 0 0 1 0 0 1 0 0 2 2 3 3 8 7 3 6 8 9 1 
1 26 291 27 9 290 288 2 9 1 0 0 1 0 14 9 2 2 1 1 11 0.4074 28 22 0.0966 0.0759 1 1 17 11 0.6071 0.5000 1 0 0 0 0 0 1 0 0 0 0 1 2 2 5 3 6 3 3 6 7 8 1 
0 26 290 27 9 290 288 2 9 1 0 0 0 1 51 0 0 0 4 4 3 0.1111 16 14 0.0552 0.0483 1 1 13 11 0.8125 0.7857 1 0 0 0 0 0 1 0 0 1 2 0 2 0 4 2 11 9 4 6 9 9 1 
0 26 290 27 9 290 288 2 9 1 0 0 0 1 51 0 0 0 4 4 12 0.4444 16 14 0.0552 0.0483 1 1 4 2 0.2500 0.1429 1 0 0 0 0 0 1 0 0 2 0 2 2 0 4 1 9 1 4 7 6 8 1 
0 26 290 27 9 290 288 2 9 1 0 0 0 1 7 0 0 0 1 4 7 0.2593 12 14 0.0414 0.0483 1 1 5 7 0.4167 0.5000 2 0 0 0 0 0 2 0 0 0 1 1 2 2 4 2 10 2 3 5 9 11 1 
0 26 290 27 9 290 288 2 9 0 1 0 0 1 0 0 0 0 1 4 7 0.2593 13 14 0.0448 0.0483 1 1 6 7 0.4615 0.5000 2 0 0 0 0 0 2 0 0 0 1 1 2 0 2 0 6 1 2 4 7 11 1 

0 27 289 26 9 289 289 0 8 1 0 0 1 0 0 54 54 54 2 4 21 0.8077 26 16 0.0900 0.0554 1 0 5 -5.0000 0.1923 -0.3125 1 0 0 0 1 0 2 0 0 1 0 0 2 2 4 5 7 7 3 4 7 10 1 
0 27 289 26 9 289 289 0 8 0 1 0 1 0 0 7 5 0 2 1 8 0.3077 26 16 0.0900 0.0554 1 1 18 8 0.6923 0.5000 1 0 0 0 0 0 1 0 0 0 0 0 1 0 1 0 4 4 2 4 5 6 1 
0 27 289 26 9 289 289 0 8 1 0 0 1 0 9 14 6 6 1 1 11 0.4231 23 27 0.0796 0.0934 1 1 12 16 0.5217 0.5926 1 0 0 0 0 0 1 0 0 0 0 0 2 1 4 5 4 6 3 5 7 7 1 
1 27 290 26 9 289 289 0 8 1 0 0 1 0 58 54 54 54 1 4 25 0.9615 27 16 0.0934 0.0554 1 0 2 -9.0000 0.0741 -0.5625 1 0 0 0 1 0 2 0 0 1 0 0 2 2 4 4 9 9 3 4 7 10 1 
0 27 289 26 9 289 289 0 8 1 0 0 0 1 54 0 0 0 4 4 3 0.1154 16 14 0.0554 0.0484 1 1 13 11 0.8125 0.7857 1 0 0 0 0 0 1 0 0 1 1 0 2 0 4 2 11 9 4 6 9 9 1 
0 27 289 26 9 289 289 0 8 1 0 0 0 1 54 0 0 0 4 4 12 0.4615 16 14 0.0554 0.0484 1 1 4 2 0.2500 0.1429 1 0 0 0 0 0 1 0 0 2 0 2 2 0 4 1 9 1 4 7 6 8 1 
0 27 289 26 9 289 289 0 8 1 0 0 0 1 7 0 0 0 1 4 7 0.2692 12 14 0.0415 0.0484 1 1 5 7 0.4167 0.5000 2 0 0 0 0 0 2 0 0 0 1 1 2 2 4 2 10 2 3 5 9 11 1 
0 27 289 26 9 289 289 0 8 0 1 0 0 1 0 0 0 0 1 4 7 0.2692 13 14 0.0450 0.0484 1 1 6 7 0.4615 0.5000 2 0 0 0 0 0 2 0 0 0 1 1 2 0 2 0 6 1 2 4 7 11 1 

0 28 289 28 11 289 289 0 7 1 0 0 1 0 0 57 57 57 2 4 21 0.7500 26 16 0.0900 0.0554 1 0 5 -5.0000 0.1923 -0.3125 1 0 0 0 1 0 2 0 0 1 0 0 2 2 4 5 7 7 3 4 7 10 1 
0 28 289 28 11 289 289 0 7 1 0 0 1 0 7 0 0 0 1 2 8 0.2857 17 26 0.0588 0.0900 1 1 9 18 0.5294 0.6923 1 0 0 0 0 0 1 0 0 0 0 0 2 2 3 3 8 7 3 6 8 9 1 
1 28 290 28 11 289 289 0 7 1 0 0 1 0 61 57 57 57 1 4 25 0.8929 27 16 0.0934 0.0554 1 0 2 -9.0000 0.0741 -0.5625 1 0 0 0 1 0 2 0 0 1 0 0 2 2 4 4 9 9 3 4 7 10 1 
0 28 289 28 11 289 289 0 7 1 0 0 0 1 57 0 0 0 4 4 3 0.1071 16 14 0.0554 0.0484 1 1 13 11 0.8125 0.7857 1 0 0 0 0 0 1 0 0 1 1 0 2 0 4 2 11 9 4 6 9 9 1 
0 28 289 28 11 289 289 0 7 1 0 0 0 1 57 0 0 0 4 4 12 0.4286 16 14 0.0554 0.0484 1 1 4 2 0.2500 0.1429 1 0 0 0 0 0 1 0 0 2 0 2 2 0 4 1 9 1 4 7 6 8 1 
0 28 289 28 11 289 289 0 7 1 0 0 0 1 7 0 0 0 1 4 7 0.2500 12 14 0.0415 0.0484 1 1 5 7 0.4167 0.5000 2 0 0 0 0 0 2 0 0 0 1 1 2 2 4 2 10 2 3 5 9 11 1 
0 28 289 28 11 289 289 0 7 0 1 0 0 1 0 0 0 0 1 4 7 0.2500 13 14 0.0450 0.0484 1 1 6 7 0.4615 0.5000 2 0 0 0 0 0 2 0 0 0 1 1 2 0 2 0 6 1 2 4 7 11 1 

0 29 289 27 11 289 289 0 8 1 0 0 1 0 0 59 59 59 2 4 21 0.7778 26 16 0.0900 0.0554 1 0 5 -5.0000 0.1923 -0.3125 1 0 0 0 1 0 2 0 0 1 0 0 2 2 4 5 7 7 3 4 7 10 1 
0 29 289 27 11 289 289 0 8 1 0 0 1 0 7 0 0 0 1 2 8 0.2963 17 26 0.0588 0.0900 1 1 9 18 0.5294 0.6923 1 0 0 0 0 0 1 0 1 0 0 0 2 2 3 3 8 11 3 6 8 9 1 
0 29 289 27 11 289 289 0 8 0 1 0 1 0 15 10 0 6.5000 1 1 12 0.4444 28 15 0.0969 0.0519 1 1 16 3 0.5714 0.2000 1 0 0 0 0 0 1 0 1 0 0 0 1 0 5 2 2 6 2 4 3 4 1 
1 29 290 27 11 289 289 0 8 1 0 0 1 0 63 59 59 59 1 4 25 0.9259 27 16 0.0934 0.0554 1 0 2 -9.0000 0.0741 -0.5625 1 0 0 0 1 0 2 0 0 1 0 0 2 2 4 4 9 9 3 4 7 10 1 
0 29 289 27 11 289 289 0 8 1 0 0 0 1 59 0 0 0 4 4 3 0.1111 16 14 0.0554 0.0484 1 1 13 11 0.8125 0.7857 1 0 0 0 0 0 1 0 0 1 2 0 2 0 4 2 11 9 4 6 9 9 1 
0 29 289 27 11 289 289 0 8 1 0 0 0 1 59 0 0 0 4 4 12 0.4444 16 14 0.0554 0.0484 1 1 4 2 0.2500 0.1429 1 0 0 0 0 0 1 0 0 2 0 2 2 0 4 1 9 1 4 7 6 8 1 
0 29 289 27 11 289 289 0 8 1 0 0 0 1 7 0 0 0 1 4 7 0.2593 12 14 0.0415 0.0484 1 1 5 7 0.4167 0.5000 2 0 0 0 0 0 2 0 0 0 1 1 2 2 4 2 10 2 3 5 9 11 1 
0 29 289 27 11 289 289 0 8 0 1 0 0 1 0 0 0 0 1 4 7 0.2593 13 14 0.0450 0.0484 1 1 6 7 0.4615 0.5000 2 0 0 0 0 0 2 0 0 0 1 1 2 0 2 0 6 1 2 4 7 11 1 

0 30 290 26 10 290 290 0 7 1 0 0 1 0 0 62 62 62 2 4 21 0.8077 26 16 0.0897 0.0552 1 0 5 -5.0000 0.1923 -0.3125 1 0 0 0 1 0 2 0 0 1 0 0 2 2 4 5 7 7 3 4 7 10 1 
0 30 290 26 10 290 290 0 7 0 1 0 1 0 0 7 5 0 2 1 8 0.3077 26 16 0.0897 0.0552 1 1 18 8 0.6923 0.5000 1 0 0 0 0 0 1 0 0 0 0 0 1 0 1 0 4 4 2 4 5 6 1 
1 30 291 26 10 290 290 0 7 1 0 0 1 0 66 62 62 62 1 4 25 0.9615 27 16 0.0931 0.0552 1 0 2 -9.0000 0.0741 -0.5625 1 0 0 0 1 0 2 0 0 1 0 0 2 2 4 4 9 9 3 4 7 10 1 
0 30 290 26 10 290 290 0 7 1 0 0 0 1 62 0 0 0 4 4 3 0.1154 16 14 0.0552 0.0483 1 1 13 11 0.8125 0.7857 1 0 0 0 0 0 1 0 0 1 1 0 2 0 4 2 11 9 4 6 9 9 1 
0 30 290 26 10 290 290 0 7 1 0 0 0 1 62 0 0 0 4 4 12 0.4615 16 14 0.0552 0.0483 1 1 4 2 0.2500 0.1429 1 0 0 0 0 0 1 0 0 2 0 2 2 0 4 1 9 1 4 7 6 8 1 
0 30 290 26 10 290 290 0 7 1 0 0 0 1 7 0 0 0 1 4 7 0.2692 12 14 0.0414 0.0483 1 1 5 7 0.4167 0.5000 2 0 0 0 0 0 2 0 0 0 1 1 2 2 4 2 10 2 3 5 9 11 1 
0 30 290 26 10 290 290 0 7 0 1 0 0 1 0 0 0 0 1 4 7 0.2692 13 14 0.0448 0.0483 1 1 6 7 0.4615 0.5000 2 0 0 0 0 0 2 0 0 0 1 1 2 0 2 0 6 1 2 4 7 11 1 

0 31 290 27 12 290 290 0 7 1 0 0 1 0 0 63 63 63 2 4 21 0.7778 26 16 0.0897 0.0552 1 0 5 -5.0000 0.1923 -0.3125 1 0 0 0 0 1 2 0 0 1 0 0 2 2 4 2 9 8 3 4 7 10 1 
0 31 290 27 12 290 290 0 7 1 0 0 1 0 7 0 0 0 1 2 8 0.2963 17 26 0.0586 0.0897 1 1 9 18 0.5294 0.6923 1 0 0 0 0 0 1 0 0 0 0 0 2 2 3 3 8 7 3 6 8 9 1 
1 31 291 27 12 290 290 0 7 1 0 0 1 0 68 63 63 63 1 4 26 0.9630 28 16 0.0966 0.0552 1 0 2 -10.0000 0.0714 -0.6250 1 0 0 0 0 1 2 0 0 1 0 0 2 2 4 4 5 14 3 4 7 10 1 
0 31 290 27 12 290 290 0 7 1 0 0 0 1 63 0 0 0 4 4 3 0.1111 16 14 0.0552 0.0483 1 1 13 11 0.8125 0.7857 1 0 0 0 0 0 1 0 0 1 1 0 2 0 4 2 11 9 4 6 9 9 1 
0 31 290 27 12 290 290 0 7 1 0 0 0 1 63 0 0 0 4 4 12 0.4444 16 14 0.0552 0.0483 1 1 4 2 0.2500 0.1429 1 0 0 0 0 0 1 0 0 2 0 2 2 0 4 1 9 1 4 7 6 8 1 
0 31 290 27 12 290 290 0 7 1 0 0 0 1 8 0 0 0 1 4 7 0.2593 12 14 0.0414 0.0483 1 1 5 7 0.4167 0.5000 2 0 0 0 0 0 2 0 0 0 1 1 2 2 4 2 10 2 3 5 9 11 1 
0 31 290 27 12 290 290 0 7 0 1 0 0 1 0 0 0 0 1 4 7 0.2593 13 14 0.0448 0.0483 1 1 6 7 0.4615 0.5000 2 0 0 0 0 0 2 0 0 0 1 1 2 0 2 0 6 1 2 4 7 11 1 

0 32 290 27 11 290 290 0 7 1 0 0 1 0 0 64 64 64 2 4 21 0.7778 26 16 0.0897 0.0552 1 0 5 -5.0000 0.1923 -0.3125 1 0 0 0 0 1 2 0 0 1 0 0 2 2 4 2 9 8 3 4 7 10 1 
0 32 290 27 11 290 290 0 7 0 1 0 1 0 0 7 5 0 2 1 8 0.2963 26 16 0.0897 0.0552 1 1 18 8 0.6923 0.5000 1 0 0 0 0 0 1 0 0 0 0 0 1 0 1 0 4 4 2 4 5 6 1 
1 32 291 27 11 290 290 0 7 1 0 0 1 0 70 64 64 64 1 4 26 0.9630 28 16 0.0966 0.0552 1 0 2 -10.0000 0.0714 -0.6250 1 0 0 0 0 1 2 0 0 1 0 0 2 2 4 4 5 14 3 4 7 10 1 
0 32 290 27 11 290 290 0 7 1 0 0 0 1 64 0 0 0 4 4 3 0.1111 16 14 0.0552 0.0483 1 1 13 11 0.8125 0.7857 1 0 0 0 0 0 1 0 0 1 1 0 2 0 4 2 11 9 4 6 9 9 1 
0 32 290 27 11 290 290 0 7 1 0 0 0 1 64 0 0 0 4 4 12 0.4444 16 14 0.0552 0.0483 1 1 4 2 0.2500 0.1429 1 0 0 0 0 0 1 0 0 2 0 2 2 0 4 1 9 1 4 7 6 8 1 
0 32 290 27 11 290 290 0 7 1 0 0 0 1 9 0 0 0 1 4 7 0.2593 12 14 0.0414 0.0483 1 1 5 7 0.4167 0.5000 2 0 0 0 0 0 2 0 0 0 1 1 2 2 4 2 10 2 3 5 9 11 1 
0 32 290 27 11 290 290 0 7 0 1 0 0 1 0 0 0 0 1 4 7 0.2593 13 14 0.0448 0.0483 1 1 6 7 0.4615 0.5000 2 0 0 0 0 0 2 0 0 0 1 1 2 0 2 0 6 1 2 4 7 11 1 

0 33 290 27 11 290 290 0 7 1 0 0 1 0 0 67 67 67 2 4 21 0.7778 26 16 0.0897 0.0552 1 0 5 -5.0000 0.1923 -0.3125 1 0 0 0 1 0 2 0 0 1 0 0 2 2 4 5 7 7 3 4 7 10 1 
0 33 290 27 11 290 290 0 7 0 1 0 1 0 0 7 5 0 2 1 8 0.2963 26 16 0.0897 0.0552 1 1 18 8 0.6923 0.5000 1 0 0 0 0 0 1 0 0 0 0 0 1 0 1 0 4 4 2 4 5 6 1 
1 33 291 27 11 290 290 0 7 1 0 0 1 0 73 67 67 67 1 4 25 0.9259 27 16 0.0931 0.0552 1 0 2 -9.0000 0.0741 -0.5625 1 0 0 0 1 0 2 0 0 1 0 0 2 2 4 4 9 9 3 4 7 10 1 
0 33 290 27 11 290 290 0 7 1 0 0 0 1 67 0 0 0 4 4 3 0.1111 16 14 0.0552 0.0483 1 1 13 11 0.8125 0.7857 1 0 0 0 0 0 1 0 0 1 1 0 2 0 4 2 11 9 4 6 9 9 1 
0 33 290 27 11 290 290 0 7 1 0 0 0 1 67 0 0 0 4 4 12 0.4444 16 14 0.0552 0.0483 1 1 4 2 0.2500 0.1429 1 0 0 0 0 0 1 0 0 2 0 2 2 0 4 1 9 1 4 7 6 8 1 
0 33 290 27 11 290 290 0 7 1 0 0 0 1 9 0 0 0 1 4 7 0.2593 12 14 0.0414 0.0483 1 1 5 7 0.4167 0.5000 2 0 0 0 0 0 2 0 0 0 1 1 2 2 4 2 10 2 3 5 9 11 1 
0 33 290 27 11 290 290 0 7 0 1 0 0 1 0 0 0 0 1 4 7 0.2593 13 14 0.0448 0.0483 1 1 6 7 0.4615 0.5000 2 0 0 0 0 0 2 0 0 0 1 1 2 0 2 0 6 1 2 4 7 11 1 

0 34 290 28 13 290 290 0 7 1 0 0 1 0 0 68 68 68 2 4 21 0.7500 26 16 0.0897 0.0552 1 0 5 -5.0000 0.1923 -0.3125 1 0 0 0 0 1 2 0 0 1 0 0 2 2 4 2 9 8 3 4 7 10 1 
0 34 290 28 13 290 290 0 7 1 0 0 1 0 7 0 0 0 1 2 8 0.2857 17 26 0.0586 0.0897 1 1 9 18 0.5294 0.6923 1 0 0 0 0 0 1 0 0 0 0 0 2 2 3 3 8 7 3 6 8 9 1 
1 34 291 28 13 290 290 0 7 1 0 0 1 0 75 68 68 68 1 4 26 0.9286 28 16 0.0966 0.0552 1 0 2 -10.0000 0.0714 -0.6250 1 0 0 0 0 1 2 0 0 1 0 0 2 2 4 4 5 14 3 4 7 10 1 
0 34 290 28 13 290 290 0 7 1 0 0 0 1 68 0 0 0 4 4 3 0.1071 16 14 0.0552 0.0483 1 1 13 11 0.8125 0.7857 1 0 0 0 0 0 1 0 0 1 1 0 2 0 4 2 11 9 4 6 9 9 1 
0 34 290 28 13 290 290 0 7 1 0 0 0 1 68 0 0 0 4 4 12 0.4286 16 14 0.0552 0.0483 1 1 4 2 0.2500 0.1429 1 0 0 0 0 0 1 0 0 2 0 2 2 0 4 1 9 1 4 7 6 8 1 
0 34 290 28 13 290 290 0 7 1 0 0 0 1 10 0 0 0 1 4 7 0.2500 12 14 0.0414 0.0483 1 1 5 7 0.4167 0.5000 2 0 0 0 0 0 2 0 0 0 1 1 2 2 4 2 10 2 3 5 9 11 1 
0 34 290 28 13 290 290 0 7 0 1 0 0 1 0 0 0 0 1 4 7 0.2500 13 14 0.0448 0.0483 1 1 6 7 0.4615 0.5000 2 0 0 0 0 0 2 0 0 0 1 1 2 0 2 0 6 1 2 4 7 11 1 

0 35 290 27 12 290 290 0 7 1 0 0 1 0 0 69 69 69 2 4 21 0.7778 26 16 0.0897 0.0552 1 0 5 -5.0000 0.1923 -0.3125 1 0 0 0 0 1 2 0 0 1 0 0 2 2 4 2 9 8 3 4 7 10 1 
0 35 290 27 12 290 290 0 7 0 1 0 1 0 0 7 5 0 2 1 8 0.2963 26 16 0.0897 0.0552 1 1 18 8 0.6923 0.5000 1 0 0 0 0 0 1 0 0 0 0 0 1 0 1 0 4 7 2 4 5 6 1 
1 35 291 27 12 290 290 0 7 1 0 0 1 0 77 69 69 69 1 4 26 0.9630 28 16 0.0966 0.0552 1 0 2 -10.0000 0.0714 -0.6250 1 0 0 0 0 1 2 0 0 1 0 0 2 2 4 4 5 14 3 4 7 10 1 
0 35 290 27 12 290 290 0 7 1 0 0 0 1 69 0 0 0 4 4 3 0.1111 16 14 0.0552 0.0483 1 1 13 11 0.8125 0.7857 1 0 0 0 0 0 1 0 0 1 1 0 2 0 4 2 11 9 4 6 9 9 1 
0 35 290 27 12 290 290 0 7 1 0 0 0 1 69 0 0 0 4 4 12 0.4444 16 14 0.0552 0.0483 1 1 4 2 0.2500 0.1429 1 0 0 0 0 0 1 0 0 2 0 2 2 0 4 1 9 1 4 7 6 8 1 
0 35 290 27 12 290 290 0 7 1 0 0 0 1 11 0 0 0 1 4 7 0.2593 12 14 0.0414 0.0483 1 1 5 7 0.4167 0.5000 2 0 0 0 0 0 2 0 0 0 1 1 2 2 4 2 10 2 3 5 9 11 1 
0 35 290 27 12 290 290 0 7 0 1 0 0 1 0 0 0 0 1 4 7 0.2593 13 14 0.0448 0.0483 1 1 6 7 0.4615 0.5000 2 0 0 0 0 0 2 0 0 0 1 1 2 0 2 0 6 1 2 4 7 11 1 

0 36 290 28 12 290 290 0 7 1 0 0 1 0 0 70 70 70 2 4 21 0.7500 26 16 0.0897 0.0552 1 0 5 -5.0000 0.1923 -0.3125 1 0 0 0 0 0 2 0 0 1 0 0 2 2 4 2 5 11 3 4 7 10 1 
0 36 290 28 12 290 290 0 7 1 0 0 1 0 7 0 0 0 1 2 8 0.2857 17 26 0.0586 0.0897 1 1 9 18 0.5294 0.6923 1 0 0 0 0 0 1 0 0 0 0 0 2 2 3 3 8 7 3 6 8 9 1 
1 36 291 28 12 290 290 0 7 1 0 0 1 0 79 70 70 70 1 4 27 0.9643 29 16 0.1000 0.0552 1 0 2 -11.0000 0.0690 -0.6875 1 0 0 0 0 0 2 0 0 1 0 0 2 2 4 4 5 10 3 4 7 10 1 
0 36 290 28 12 290 290 0 7 1 0 0 0 1 70 0 0 0 4 4 3 0.1071 16 14 0.0552 0.0483 1 1 13 11 0.8125 0.7857 1 0 0 0 0 0 1 0 0 1 1 0 2 0 4 2 11 9 4 6 9 9 1 
0 36 290 28 12 290 290 0 7 1 0 0 0 1 70 0 0 0 4 4 12 0.4286 16 14 0.0552 0.0483 1 1 4 2 0.2500 0.1429 1 0 0 0 0 0 1 0 0 2 0 2 2 0 4 1 9 1 4 7 6 8 1 
0 36 290 28 12 290 290 0 7 1 0 0 0 1 12 0 0 0 1 4 7 0.2500 12 14 0.0414 0.0483 1 1 5 7 0.4167 0.5000 2 0 0 0 0 0 2 0 0 0 1 1 2 2 4 2 10 2 3 5 9 11 1 
0 36 290 28 12 290 290 0 7 0 1 0 0 1 0 0 0 0 1 4 7 0.2500 13 14 0.0448 0.0483 1 1 6 7 0.4615 0.5000 2 0 0 0 0 0 2 0 0 0 1 1 2 0 2 0 6 1 2 4 7 11 1 

0 37 290 27 11 290 290 0 7 1 0 0 1 0 0 71 71 71 2 4 21 0.7778 26 16 0.0897 0.0552 1 0 5 -5.0000 0.1923 -0.3125 1 0 0 0 0 1 2 0 0 1 0 0 2 2 4 2 9 8 3 4 7 10 1 
0 37 290 27 11 290 290 0 7 1 0 0 1 0 7 0 0 0 1 2 8 0.2963 17 26 0.0586 0.0897 1 1 9 18 0.5294 0.6923 1 0 0 0 0 0 1 0 0 0 0 0 2 2 3 3 8 7 3 6 8 9 1 
1 37 291 27 11 290 290 0 7 1 0 0 1 0 81 71 71 71 1 4 26 0.9630 28 16 0.0966 0.0552 1 0 2 -10.0000 0.0714 -0.6250 1 0 0 0 0 1 2 0 0 1 0 0 2 2 4 4 5 14 3 4 7 10 1 
0 37 290 27 11 290 290 0 7 1 0 0 0 1 71 0 0 0 4 4 3 0.1111 16 14 0.0552 0.0483 1 1 13 11 0.8125 0.7857 1 0 0 0 0 0 1 0 0 1 1 0 2 0 4 2 11 9 4 6 9 9 1 
0 37 290 27 11 290 290 0 7 1 0 0 0 1 71 0 0 0 4 4 12 0.4444 16 14 0.0552 0.0483 1 1 4 2 0.2500 0.1429 1 0 0 0 0 0 1 0 0 2 0 2 2 0 4 1 9 1 4 7 6 8 1 
0 37 290 27 11 290 290 0 7 1 0 0 0 1 13 0 0 0 1 4 7 0.2593 12 14 0.0414 0.0483 1 1 5 7 0.4167 0.5000 2 0 0 0 0 0 2 0 0 0 1 1 2 2 4 2 10 2 3 5 9 11 1 
0 37 290 27 11 290 290 0 7 0 1 0 0 1 0 0 0 0 1 4 7 0.2593 13 14 0.0448 0.0483 1 1 6 7 0.4615 0.5000 2 0 0 0 0 0 2 0 0 0 1 1 2 0 2 0 6 1 2 4 7 11 1 

0 38 290 26 11 290 290 0 7 1 0 0 1 0 0 74 74 74 2 4 21 0.8077 26 16 0.0897 0.0552 1 0 5 -5.0000 0.1923 -0.3125 1 0 0 0 1 0 2 0 0 1 0 0 2 2 4 5 7 7 3 4 7 10 1 
0 38 290 26 11 290 290 0 7 1 0 0 1 0 7 0 0 0 1 2 8 0.3077 17 26 0.0586 0.0897 1 1 9 18 0.5294 0.6923 1 0 0 0 0 0 1 0 0 0 0 0 2 2 3 3 8 10 3 6 8 9 1 
1 38 291 26 11 290 290 0 7 1 0 0 1 0 84 74 74 74 1 4 25 0.9615 27 16 0.0931 0.0552 1 0 2 -9.0000 0.0741 -0.5625 1 0 0 0 1 0 2 0 0 1 0 0 2 2 4 4 9 9 3 4 7 10 1 
0 38 290 26 11 290 290 0 7 1 0 0 0 1 74 0 0 0 4 4 3 0.1154 16 14 0.0552 0.0483 1 1 13 11 0.8125 0.7857 1 0 0 0 0 0 1 0 0 1 1 0 2 0 4 2 11 9 4 6 9 9 1 
0 38 290 26 11 290 290 0 7 1 0 0 0 1 74 0 0 0 4 4 12 0.4615 16 14 0.0552 0.0483 1 1 4 2 0.2500 0.1429 1 0 0 0 0 0 1 0 0 2 0 2 2 0 4 1 9 1 4 7 6 8 1 
0 38 290 26 11 290 290 0 7 1 0 0 0 1 13 0 0 0 1 4 7 0.2692 12 14 0.0414 0.0483 1 1 5 7 0.4167 0.5000 2 0 0 0 0 0 2 0 0 0 1 1 2 2 4 2 8 2 3 5 9 11 1 
0 38 290 26 11 290 290 0 7 0 1 0 0 1 0 0 0 0 1 4 7 0.2692 13 14 0.0448 0.0483 1 1 6 7 0.4615 0.5000 2 0 0 0 0 0 2 0 0 0 1 1 2 0 2 0 4 1 2 4 7 11 1 

0 39 290 27 10 290 289 1 8 1 0 1 0 0 86 76 76 76 1 4 24 0.8889 26 16 0.0897 0.0552 1 0 2 -8.0000 0.0769 -0.5000 1 0 0 1 0 0 2 0 0 1 0 0 2 2 4 8 4 10 3 4 7 10 1 
0 39 290 27 10 290 289 1 8 1 0 0 1 0 0 76 76 76 2 4 21 0.7778 26 16 0.0897 0.0552 1 0 5 -5.0000 0.1923 -0.3125 1 0 0 1 0 0 2 0 0 1 0 0 2 2 6 4 6 7 3 4 7 10 1 
0 39 290 27 10 290 289 1 8 0 1 0 1 0 0 7 5 0 2 1 8 0.2963 26 16 0.0897 0.0552 1 1 18 8 0.6923 0.5000 1 0 0 0 0 0 1 0 0 0 1 0 1 0 1 0 4 7 2 4 5 6 1 
1 39 291 27 10 290 289 1 8 1 0 0 1 0 17 13 8 8 1 1 12 0.4444 28 16 0.0966 0.0552 1 1 16 4 0.5714 0.2500 1 0 0 0 0 0 1 0 0 1 1 0 2 1 6 6 5 7 3 5 8 10 1 
0 39 290 27 10 290 289 1 8 1 0 0 0 1 76 0 0 0 4 4 3 0.1111 16 14 0.0552 0.0483 1 1 13 11 0.8125 0.7857 1 0 0 0 0 0 1 0 0 1 2 0 2 0 4 2 11 9 4 6 9 9 1 
0 39 290 27 10 290 289 1 8 1 0 0 0 1 76 0 0 0 4 4 12 0.4444 16 14 0.0552 0.0483 1 1 4 2 0.2500 0.1429 1 0 0 0 0 0 1 0 0 2 0 2 2 0 4 1 9 1 4 7 6 8 1 
0 39 290 27 10 290 289 1 8 1 0 0 0 1 13 0 0 0 1 4 7 0.2593 12 14 0.0414 0.0483 1 1 5 7 0.4167 0.5000 2 0 0 0 0 0 2 0 0 0 1 1 2 2 4 2 10 2 3 5 9 11 1 
0 39 290 27 10 290 289 1 8 0 1 0 0 1 0 0 0 0 1 4 7 0.2593 13 14 0.0448 0.0483 1 1 6 7 0.4615 0.5000 2 0 0 0 0 0 2 0 0 0 1 1 2 0 2 0 6 1 2 4 7 11 1 

0 40 290 26 10 290 289 1 8 1 0 1 0 0 86 76 76 76 1 4 24 0.9231 26 16 0.0897 0.0552 1 0 2 -8.0000 0.0769 -0.5000 1 0 0 1 0 0 2 0 0 1 0 0 2 2 4 8 4 10 3 4 7 10 1 
0 40 290 26 10 290 289 1 8 1 0 0 1 0 0 76 76 76 2 4 21 0.8077 26 16 0.0897 0.0552 1 0 5 -5.0000 0.1923 -0.3125 1 0 0 1 0 0 2 0 0 1 0 0 2 2 6 4 6 7 3 4 7 10 1 
0 40 290 26 10 290 289 1 8 0 1 0 1 0 0 7 5 0 2 1 8 0.3077 26 16 0.0897 0.0552 1 1 18 8 0.6923 0.5000 1 0 0 0 0 0 1 0 0 0 0 0 1 0 1 0 4 7 2 4 5 6 1 
1 40 291 26 10 290 289 1 8 1 0 0 1 0 14 13 13 13 1 2 13 0.5000 17 12 0.0586 0.0414 1 0 4 -1.0000 0.2353 -0.0833 1 0 0 0 0 0 1 0 0 2 2 0 2 2 5 5 9 3 3 4 6 10 1 
0 40 290 26 10 290 289 1 8 1 0 0 0 1 76 0 0 0 4 4 3 0.1154 16 14 0.0552 0.0483 1 1 13 11 0.8125 0.7857 1 0 0 0 0 0 1 0 0 1 2 0 2 0 4 2 11 9 4 6 9 9 1 
0 40 290 26 10 290 289 1 8 1 0 0 0 1 76 0 0 0 4 4 12 0.4615 16 14 0.0552 0.0483 1 1 4 2 0.2500 0.1429 1 0 0 0 0 0 1 0 0 2 0 2 2 0 4 1 9 1 4 7 6 8 1 
0 40 290 26 10 290 289 1 8 1 0 0 0 1 13 0 0 0 2 4 7 0.2692 12 14 0.0414 0.0483 1 1 5 7 0.4167 0.5000 2 0 0 0 0 0 2 0 0 0 2 1 2 2 4 2 10 2 3 5 9 11 1 
0 40 290 26 10 290 289 1 8 0 1 0 0 1 0 0 0 0 1 4 7 0.2692 13 14 0.0448 0.0483 1 1 6 7 0.4615 0.5000 2 0 0 0 0 0 2 0 0 0 1 1 2 0 2 0 6 1 2 4 7 11 1 

0 41 290 27 11 290 290 0 8 1 0 0 1 0 0 76 76 76 2 4 21 0.7778 26 16 0.0897 0.0552 1 0 5 -5.0000 0.1923 -0.3125 1 0 0 0 0 1 2 0 0 1 0 0 2 2 4 2 9 8 3 4 7 10 1 
0 41 290 27 11 290 290 0 8 0 1 0 1 0 0 7 5 0 2 1 8 0.2963 26 16 0.0897 0.0552 1 1 18 8 0.6923 0.5000 1 0 0 0 0 0 1 0 0 0 0 0 1 0 1 0 4 4 2 4 5 6 1 
0 41 290 27 11 290 290 0 8 1 0 0 1 0 9 18 6 6 1 1 11 0.4074 23 27 0.0793 0.0931 1 1 12 16 0.5217 0.5926 1 0 0 0 0 0 1 0 0 0 0 0 2 1 4 5 4 6 3 5 7 7 1 
1 41 291 27 11 290 290 0 8 1 0 0 1 0 87 76 76 76 1 4 26 0.9630 28 16 0.0966 0.0552 1 0 2 -10.0000 0.0714 -0.6250 1 0 0 0 0 1 2 0 0 1 0 0 2 2 4 4 5 14 3 4 7 10 1 
0 41 290 27 11 290 290 0 8 1 0 0 0 1 76 0 0 0 4 4 3 0.1111 16 14 0.0552 0.0483 1 1 13 11 0.8125 0.7857 1 0 0 0 0 0 1 0 0 1 1 0 2 0 4 2 11 9 4 6 9 9 1 
0 41 290 27 11 290 290 0 8 1 0 0 0 1 76 0 0 0 4 4 12 0.4444 16 14 0.0552 0.0483 1 1 4 2 0.2500 0.1429 1 0 0 0 0 0 1 0 0 2 0 2 2 0 4 1 9 1 4 7 6 8 1 
0 41 290 27 11 290 290 0 8 1 0 0 0 1 15 0 0 0 1 4 7 0.2593 12 14 0.0414 0.0483 1 1 5 7 0.4167 0.5000 2 0 0 0 0 0 2 0 0 0 1 1 2 2 4 2 10 2 3 5 9 11 1 
0 41 290 27 11 290 290 0 8 0 1 0 0 1 0 0 0 0 1 4 7 0.2593 13 14 0.0448 0.0483 1 1 6 7 0.4615 0.5000 2 0 0 0 0 0 2 0 0 0 1 1 2 0 2 0 6 1 2 4 7 11 1 

0 42 290 27 11 290 290 0 6 1 0 0 1 0 0 79 79 79 1 4 21 0.7778 26 16 0.0897 0.0552 1 0 5 -5.0000 0.1923 -0.3125 1 0 0 0 1 0 2 0 0 1 0 0 2 2 4 5 7 7 3 4 7 10 1 
1 42 291 27 11 290 290 0 6 1 0 0 1 0 90 79 79 79 1 4 25 0.9259 27 16 0.0931 0.0552 1 0 2 -9.0000 0.0741 -0.5625 1 0 0 0 1 0 2 0 0 1 0 0 2 2 4 4 9 9 3 4 7 10 1 
0 42 290 27 11 290 290 0 6 1 0 0 0 1 79 0 0 0 4 4 3 0.1111 16 14 0.0552 0.0483 1 1 13 11 0.8125 0.7857 1 0 0 0 0 0 1 0 0 1 1 0 2 0 4 2 11 9 4 6 9 9 1 
0 42 290 27 11 290 290 0 6 1 0 0 0 1 79 0 0 0 4 4 12 0.4444 16 14 0.0552 0.0483 1 1 4 2 0.2500 0.1429 1 0 0 0 0 0 1 0 0 2 0 2 2 0 4 1 9 1 4 7 6 8 1 
0 42 290 27 11 290 290 0 6 1 0 0 0 1 15 0 0 0 1 4 7 0.2593 12 14 0.0414 0.0483 1 1 5 7 0.4167 0.5000 2 0 0 0 0 0 2 0 0 0 1 1 2 2 4 2 10 2 3 5 9 11 1 
0 42 290 27 11 290 290 0 6 0 1 0 0 1 0 0 0 0 1 4 7 0.2593 13 14 0.0448 0.0483 1 1 6 7 0.4615 0.5000 2 0 0 0 0 0 2 0 0 0 1 1 2 0 2 0 6 1 2 4 7 11 1 

0 43 290 27 11 290 290 0 7 1 0 0 1 0 0 81 81 81 2 4 21 0.7778 26 16 0.0897 0.0552 1 0 5 -5.0000 0.1923 -0.3125 1 0 0 0 1 0 2 0 0 1 0 0 2 2 4 5 7 7 3 4 7 10 1 
1 43 291 27 11 290 290 0 7 1 0 0 1 0 92 81 81 81 1 4 25 0.9259 27 16 0.0931 0.0552 1 0 2 -9.0000 0.0741 -0.5625 1 0 0 0 1 0 2 0 0 1 0 0 2 2 4 4 9 9 3 4 7 10 1 
0 43 290 27 11 290 290 0 7 1 0 0 0 1 81 0 0 0 4 4 3 0.1111 16 14 0.0552 0.0483 1 1 13 11 0.8125 0.7857 1 0 0 0 0 0 1 0 0 1 1 0 2 0 4 2 11 9 4 6 9 9 1 
0 43 290 27 11 290 290 0 7 1 0 0 0 1 81 0 0 0 4 4 12 0.4444 16 14 0.0552 0.0483 1 1 4 2 0.2500 0.1429 1 0 0 0 0 0 1 0 0 2 0 2 2 0 4 1 9 1 4 7 6 8 1 
0 43 290 27 11 290 290 0 7 1 0 0 0 1 15 0 0 0 1 4 7 0.2593 12 14 0.0414 0.0483 1 1 5 7 0.4167 0.5000 2 0 0 0 0 0 2 0 0 0 1 1 2 2 4 2 10 2 3 5 9 11 1 
0 43 290 27 11 290 290 0 7 0 1 0 0 1 0 0 0 0 1 4 7 0.2593 13 14 0.0448 0.0483 1 1 6 7 0.4615 0.5000 2 0 0 0 0 0 2 0 0 0 1 1 2 0 2 0 6 1 2 4 7 11 1 
0 43 290 27 11 290 290 0 7 0 1 0 0 1 8 0 0 6 1 2 8 0.2963 17 26 0.0586 0.0897 1 1 9 18 0.5294 0.6923 1 0 0 0 0 0 1 0 0 0 0 0 1 0 1 0 6 4 2 5 6 7 1 

0 44 290 28 11 290 290 0 8 1 0 0 1 0 0 82 82 82 2 4 21 0.7500 26 16 0.0897 0.0552 1 0 5 -5.0000 0.1923 -0.3125 1 0 0 0 0 0 2 0 0 1 0 0 2 2 4 2 5 11 3 4 7 10 1 
0 44 290 28 11 290 290 0 8 0 1 0 1 0 0 8 6 0 2 1 8 0.2857 26 16 0.0897 0.0552 1 1 18 8 0.6923 0.5000 1 0 0 0 0 0 1 0 0 0 0 1 1 0 1 0 6 4 2 4 5 6 1 
0 44 290 28 11 290 290 0 8 1 0 0 1 0 16 19 3 3 1 1 11 0.3929 16 26 0.0552 0.0897 1 1 5 15 0.3125 0.5769 1 0 0 0 0 0 1 0 0 1 1 0 2 1 3 5 8 6 3 6 9 10 1 
1 44 291 28 11 290 290 0 8 1 0 0 1 0 94 82 82 82 1 4 27 0.9643 29 16 0.1000 0.0552 1 0 2 -11.0000 0.0690 -0.6875 1 0 0 0 0 0 2 0 0 1 0 0 2 2 4 4 5 10 3 4 7 10 1 
0 44 290 28 11 290 290 0 8 1 0 0 0 1 82 0 0 0 4 4 3 0.1071 16 14 0.0552 0.0483 1 1 13 11 0.8125 0.7857 1 0 0 0 0 0 1 0 0 2 1 0 2 0 4 2 11 9 4 6 9 9 1 
0 44 290 28 11 290 290 0 8 1 0 0 0 1 82 0 0 0 4 4 12 0.4286 16 14 0.0552 0.0483 1 1 4 2 0.2500 0.1429 1 0 0 0 0 0 1 0 0 2 0 2 2 0 4 1 9 1 4 7 6 8 1 
0 44 290 28 11 290 290 0 8 1 0 0 0 1 16 0 0 0 1 4 7 0.2500 12 14 0.0414 0.0483 1 1 5 7 0.4167 0.5000 2 0 0 0 0 0 2 0 0 0 1 1 2 2 4 2 10 2 3 5 9 11 1 
0 44 290 28 11 290 290 0 8 0 1 0 0 1 0 0 0 0 1 4 7 0.2500 13 14 0.0448 0.0483 1 1 6 7 0.4615 0.5000 2 0 0 0 0 0 2 0 0 0 1 1 2 0 2 0 6 1 2 4 7 11 1 

0 45 290 26 10 290 290 0 7 1 0 0 1 0 0 85 85 85 1 4 21 0.8077 26 16 0.0897 0.0552 1 0 5 -5.0000 0.1923 -0.3125 1 0 0 0 1 0 2 0 0 1 0 0 2 2 4 5 7 7 3 4 7 10 1 
0 45 290 26 10 290 290 0 7 1 0 0 1 0 9 19 6 6 1 1 11 0.4231 23 27 0.0793 0.0931 1 1 12 16 0.5217 0.5926 1 0 0 0 0 0 1 0 0 0 0 0 2 1 4 4 4 4 3 5 7 7 1 
1 45 291 26 10 290 290 0 7 1 0 0 1 0 97 85 85 85 1 4 25 0.9615 27 16 0.0931 0.0552 1 0 2 -9.0000 0.0741 -0.5625 1 0 0 0 1 0 2 0 0 1 0 0 2 2 4 4 9 9 3 4 7 10 1 
0 45 290 26 10 290 290 0 7 1 0 0 0 1 85 0 0 0 4 4 3 0.1154 16 14 0.0552 0.0483 1 1 13 11 0.8125 0.7857 1 0 0 0 0 0 1 0 0 1 1 0 2 0 4 2 11 9 4 6 9 9 1 
0 45 290 26 10 290 290 0 7 1 0 0 0 1 85 0 0 0 4 4 12 0.4615 16 14 0.0552 0.0483 1 1 4 2 0.2500 0.1429 1 0 0 0 0 0 1 0 0 2 0 2 2 0 4 1 9 1 4 7 6 8 1 
0 45 290 26 10 290 290 0 7 1 0 0 0 1 16 0 0 0 1 4 7 0.2692 12 14 0.0414 0.0483 1 1 5 7 0.4167 0.5000 2 0 0 0 0 0 2 0 0 0 1 1 2 2 4 2 10 2 3 5 9 11 1 
0 45 290 26 10 290 290 0 7 0 1 0 0 1 0 0 0 0 1 4 7 0.2692 13 14 0.0448 0.0483 1 1 6 7 0.4615 0.5000 2 0 0 0 0 0 2 0 0 0 1 1 2 0 2 0 6 1 2 4 7 11 1 

0 46 290 26 10 290 290 0 8 1 0 0 1 0 0 87 87 87 2 4 21 0.8077 26 16 0.0897 0.0552 1 0 5 -5.0000 0.1923 -0.3125 1 0 0 0 1 0 2 0 0 1 0 0 2 2 4 5 7 7 3 4 7 10 1 
0 46 290 26 10 290 290 0 8 1 0 0 1 0 9 19 6 6 1 1 11 0.4231 23 27 0.0793 0.0931 1 1 12 16 0.5217 0.5926 1 0 0 0 0 0 1 0 0 0 0 0 2 1 4 5 4 6 3 5 7 7 1 
1 46 291 26 10 290 290 0 8 1 0 0 1 0 99 87 87 87 1 4 25 0.9615 27 16 0.0931 0.0552 1 0 2 -9.0000 0.0741 -0.5625 1 0 0 0 1 0 2 0 0 1 0 0 2 2 4 4 9 9 3 4 7 10 1 
0 46 290 26 10 290 290 0 8 1 0 0 0 1 87 0 0 0 4 4 3 0.1154 16 14 0.0552 0.0483 1 1 13 11 0.8125 0.7857 1 0 0 0 0 0 1 0 0 1 1 0 2 0 4 2 11 9 4 6 9 9 1 
0 46 290 26 10 290 290 0 8 1 0 0 0 1 87 0 0 0 4 4 12 0.4615 16 14 0.0552 0.0483 1 1 4 2 0.2500 0.1429 1 0 0 0 0 0 1 0 0 2 0 2 2 0 4 1 9 1 4 7 6 8 1 
0 46 290 26 10 290 290 0 8 1 0 0 0 1 16 0 0 0 1 4 7 0.2692 12 14 0.0414 0.0483 1 1 5 7 0.4167 0.5000 2 0 0 0 0 0 2 0 0 0 1 1 2 2 4 2 10 2 3 5 9 11 1 
0 46 290 26 10 290 290 0 8 0 1 0 0 1 0 0 0 0 1 4 7 0.2692 13 14 0.0448 0.0483 1 1 6 7 0.4615 0.5000 2 0 0 0 0 0 2 0 0 0 1 1 2 0 2 0 6 1 2 4 7 11 1 
0 46 290 26 10 290 290 0 8 0 1 0 0 1 9 0 0 7 1 2 8 0.3077 17 26 0.0586 0.0897 1 1 9 18 0.5294 0.6923 1 0 0 0 0 0 1 0 0 0 0 0 1 0 1 0 6 4 2 5 6 7 1 

0 47 290 26 10 290 289 1 9 0 1 1 0 0 16 20 3 10 2 1 12 0.4615 16 27 0.0552 0.0931 1 1 4 15 0.2500 0.5556 1 0 0 0 0 0 1 0 0 1 0 0 1 1 1 1 3 1 2 4 6 6 1 
0 47 290 26 10 290 289 1 9 1 0 1 0 0 16 13 10 10 2 1 12 0.4615 16 15 0.0552 0.0517 1 1 4 3 0.2500 0.2000 2 0 0 0 0 0 2 0 0 1 1 0 2 2 4 7 4 10 3 5 8 10 1 
0 47 290 26 10 290 289 1 9 1 0 0 1 0 0 89 89 89 2 4 21 0.8077 26 16 0.0897 0.0552 1 0 5 -5.0000 0.1923 -0.3125 1 0 0 0 1 0 2 0 0 1 0 0 2 2 4 5 7 7 3 4 7 10 1 
0 47 290 26 10 290 289 1 9 1 0 0 1 0 9 0 0 0 1 2 8 0.3077 17 26 0.0586 0.0897 1 1 9 18 0.5294 0.6923 1 0 0 0 0 0 1 0 0 2 0 0 2 2 3 3 8 7 3 6 8 9 1 
1 47 291 26 10 290 289 1 9 1 0 0 1 0 101 89 89 89 1 4 25 0.9615 27 16 0.0931 0.0552 1 0 2 -9.0000 0.0741 -0.5625 1 0 0 0 1 0 2 0 0 1 0 0 2 2 4 4 9 9 3 4 7 10 1 
0 47 290 26 10 290 289 1 9 1 0 0 0 1 89 0 0 0 4 4 3 0.1154 16 14 0.0552 0.0483 1 1 13 11 0.8125 0.7857 1 0 0 0 0 0 1 0 0 2 2 0 2 0 4 2 11 9 4 6 9 9 1 
0 47 290 26 10 290 289 1 9 1 0 0 0 1 89 0 0 0 4 4 12 0.4615 16 14 0.0552 0.0483 1 1 4 2 0.2500 0.1429 1 0 0 0 0 0 1 0 0 2 0 2 2 0 4 1 9 1 4 7 6 8 1 
0 47 290 26 10 290 289 1 9 1 0 0 0 1 16 0 0 0 1 4 7 0.2692 12 14 0.0414 0.0483 1 1 5 7 0.4167 0.5000 2 0 0 0 0 0 2 0 0 0 1 1 2 2 4 2 10 2 3 5 9 11 1 
0 47 290 26 10 290 289 1 9 0 1 0 0 1 0 0 0 0 1 4 7 0.2692 13 14 0.0448 0.0483 1 1 6 7 0.4615 0.5000 2 0 0 0 0 0 2 0 0 0 1 1 2 0 2 0 6 1 2 4 7 11 1 

0 48 290 27 10 290 290 0 8 1 0 0 1 0 0 90 90 90 2 4 21 0.7778 26 16 0.0897 0.0552 1 0 5 -5.0000 0.1923 -0.3125 1 0 0 0 0 1 2 0 0 1 0 0 2 2 4 2 9 8 3 4 7 10 1 
0 48 290 27 10 290 290 0 8 1 0 0 1 0 9 0 0 0 1 2 8 0.2963 17 26 0.0586 0.0897 1 1 9 18 0.5294 0.6923 1 0 0 0 0 0 1 0 0 1 0 0 2 2 3 3 8 11 3 6 8 9 1 
0 48 290 27 10 290 290 0 8 1 0 0 1 0 13 16 10 10 1 1 13 0.4815 16 17 0.0552 0.0586 1 1 3 4 0.1875 0.2353 1 0 0 0 0 0 1 0 0 1 1 0 2 1 3 5 9 7 3 5 8 10 1 
1 48 291 27 10 290 290 0 8 1 0 0 1 0 103 90 90 90 1 4 26 0.9630 28 16 0.0966 0.0552 1 0 2 -10.0000 0.0714 -0.6250 1 0 0 0 0 1 2 0 0 1 0 0 2 2 4 4 5 14 3 4 7 10 1 
0 48 290 27 10 290 290 0 8 1 0 0 0 1 90 0 0 0 4 4 3 0.1111 16 14 0.0552 0.0483 1 1 13 11 0.8125 0.7857 1 0 0 0 0 0 1 0 0 1 2 0 2 0 4 2 11 9 4 6 9 9 1 
0 48 290 27 10 290 290 0 8 1 0 0 0 1 90 0 0 0 4 4 12 0.4444 16 14 0.0552 0.0483 1 1 4 2 0.2500 0.1429 1 0 0 0 0 0 1 0 0 2 0 2 2 0 4 1 9 1 4 7 6 8 1 
0 48 290 27 10 290 290 0 8 1 0 0 0 1 17 0 0 0 1 4 7 0.2593 12 14 0.0414 0.0483 1 1 5 7 0.4167 0.5000 2 0 0 0 0 0 2 0 0 0 1 1 2 2 4 2 8 2 3 5 9 11 1 
0 48 290 27 10 290 290 0 8 0 1 0 0 1 0 0 0 0 1 4 7 0.2593 13 14 0.0448 0.0483 1 1 6 7 0.4615 0.5000 2 0 0 0 0 0 2 0 0 0 1 1 2 0 2 0 4 1 2 4 7 11 1 

0 49 290 26 4 290 290 0 8 1 0 0 1 0 104 0 0 0 4 3 17 0.6538 23 14 0.0793 0.0483 1 0 6 -3.0000 0.2609 -0.2143 1 0 0 0 1 0 1 0 1 1 1 0 2 2 8 5 8 3 3 4 7 8 1 
0 49 290 26 4 290 290 0 8 1 0 0 1 0 0 104 0 0 4 4 19 0.7308 26 23 0.0897 0.0793 1 1 7 4 0.2692 0.1739 1 0 1 0 2 0 1 1 2 0 0 0 2 2 5 4 10 4 4 4 6 8 1 
0 49 290 26 4 290 290 0 8 1 0 0 1 0 0 104 0 0 4 4 20 0.7692 26 23 0.0897 0.0793 1 1 6 3 0.2308 0.1304 1 0 2 0 0 0 1 2 0 1 0 0 2 2 4 3 7 5 2 5 6 8 1 
0 49 290 26 4 290 290 0 8 1 0 0 1 0 0 104 91 91 4 4 21 0.8077 26 23 0.0897 0.0793 1 1 5 2 0.1923 0.0870 1 0 1 0 1 0 1 1 1 0 1 0 2 2 5 3 6 7 3 4 7 10 1 
0 49 290 26 4 290 290 0 8 1 0 0 1 0 10 0 0 0 1 4 8 0.3077 17 26 0.0586 0.0897 1 1 9 18 0.5294 0.6923 1 0 0 0 0 0 1 0 0 0 0 0 2 2 3 3 8 7 3 6 8 9 1 
1 49 291 26 4 290 290 0 8 0 1 0 1 0 21 11 3 7 1 1 11 0.4231 27 22 0.0931 0.0759 1 1 16 11 0.5926 0.5000 1 0 0 0 0 0 1 0 0 0 0 0 1 1 3 2 4 3 2 4 4 5 1 
0 49 290 26 4 290 290 0 8 1 0 0 0 1 17 0 0 0 1 3 7 0.2692 12 14 0.0414 0.0483 1 1 5 7 0.4167 0.5000 2 0 0 0 0 0 2 0 0 0 0 0 2 2 4 2 7 4 3 5 9 11 1 
0 49 290 26 4 290 290 0 8 0 1 0 0 1 0 0 0 0 1 3 7 0.2692 13 14 0.0448 0.0483 1 1 6 7 0.4615 0.5000 2 0 0 0 0 0 2 0 0 0 0 0 2 0 2 0 5 3 2 4 7 11 1 

0 50 290 26 11 290 289 1 9 1 0 1 0 0 16 22 3 3 2 1 12 0.4615 17 27 0.0586 0.0931 1 1 5 15 0.2941 0.5556 1 1 0 0 0 0 2 0 0 1 1 0 2 2 4 2 11 3 3 6 9 10 1 
0 50 290 26 11 290 289 1 9 0 1 1 0 0 16 14 3 10 2 1 13 0.5000 17 15 0.0586 0.0517 1 1 4 2 0.2353 0.1333 1 1 0 0 0 0 2 0 0 1 0 0 1 2 1 2 1 4 2 4 6 6 1 
0 50 290 26 11 290 289 1 9 1 0 0 1 0 0 92 92 92 2 4 21 0.8077 26 16 0.0897 0.0552 1 0 5 -5.0000 0.1923 -0.3125 1 0 0 0 1 0 2 0 0 1 0 0 2 2 4 5 7 7 3 4 7 10 1 
0 50 290 26 11 290 289 1 9 1 0 0 1 0 10 0 0 0 1 2 8 0.3077 17 26 0.0586 0.0897 1 1 9 18 0.5294 0.6923 1 0 0 0 0 0 1 0 0 1 1 0 2 2 3 3 8 7 3 6 8 9 1 
1 50 291 26 11 290 289 1 9 1 0 0 1 0 105 92 92 92 1 4 25 0.9615 27 16 0.0931 0.0552 1 0 2 -9.0000 0.0741 -0.5625 1 0 0 0 1 0 2 0 0 1 0 0 2 2 4 4 9 9 3 4 7 10 1 
0 50 290 26 11 290 289 1 9 1 0 0 0 1 92 0 0 0 4 4 3 0.1154 16 14 0.0552 0.0483 1 1 13 11 0.8125 0.7857 1 0 0 0 0 0 1 0 0 3 1 0 2 0 4 2 11 9 4 6 9 9 1 
0 50 290 26 11 290 289 1 9 1 0 0 0 1 92 0 0 0 4 4 12 0.4615 16 14 0.0552 0.0483 1 1 4 2 0.2500 0.1429 1 0 0 0 0 0 1 0 0 2 0 2 2 0 4 1 9 1 4 7 6 8 1 
0 50 290 26 11 290 289 1 9 1 0 0 0 1 17 0 0 0 1 4 7 0.2692 12 14 0.0414 0.0483 1 1 5 7 0.4167 0.5000 2 0 0 0 0 0 2 0 0 0 1 1 2 2 4 2 10 2 3 5 9 11 1 
0 50 290 26 11 290 289 1 9 0 1 0 0 1 0 0 0 0 1 4 7 0.2692 13 14 0.0448 0.0483 1 1 6 7 0.4615 0.5000 2 0 0 0 0 0 2 0 0 0 1 1 2 0 2 0 6 1 2 4 7 11 1 

0 51 290 27 10 290 290 0 8 1 0 0 1 0 0 93 93 93 2 4 21 0.7778 26 16 0.0897 0.0552 1 0 5 -5.0000 0.1923 -0.3125 1 0 0 0 0 1 2 0 0 1 0 0 2 2 4 2 9 8 3 4 7 10 1 
0 51 290 27 10 290 290 0 8 1 0 0 1 0 16 22 3 3 1 1 11 0.4074 16 26 0.0552 0.0897 1 1 5 15 0.3125 0.5769 1 0 0 0 0 0 1 0 0 1 1 0 2 1 3 5 8 6 3 6 9 10 1 
1 51 291 27 10 290 290 0 8 1 0 0 1 0 107 93 93 93 1 4 26 0.9630 28 16 0.0966 0.0552 1 0 2 -10.0000 0.0714 -0.6250 1 0 0 0 0 1 2 0 0 1 0 0 2 2 4 4 5 14 3 4 7 10 1 
0 51 290 27 10 290 290 0 8 1 0 0 0 1 93 0 0 0 4 4 3 0.1111 16 14 0.0552 0.0483 1 1 13 11 0.8125 0.7857 1 0 0 0 0 0 1 0 0 2 1 0 2 0 4 2 11 9 4 6 9 9 1 
0 51 290 27 10 290 290 0 8 1 0 0 0 1 93 0 0 0 4 4 12 0.4444 16 14 0.0552 0.0483 1 1 4 2 0.2500 0.1429 1 0 0 0 0 0 1 0 0 2 0 2 2 0 4 1 9 1 4 7 6 8 1 
0 51 290 27 10 290 290 0 8 1 0 0 0 1 18 0 0 0 1 4 7 0.2593 12 14 0.0414 0.0483 1 1 5 7 0.4167 0.5000 2 0 0 0 0 0 2 0 0 0 1 1 2 2 4 2 10 2 3 5 9 11 1 
0 51 290 27 10 290 290 0 8 0 1 0 0 1 0 0 0 0 1 4 7 0.2593 13 14 0.0448 0.0483 1 1 6 7 0.4615 0.5000 2 0 0 0 0 0 2 0 0 0 1 1 2 0 2 0 6 1 2 4 7 11 1 
0 51 290 27 10 290 290 0 8 0 1 0 0 1 10 0 0 8 1 2 8 0.2963 17 26 0.0586 0.0897 1 1 9 18 0.5294 0.6923 1 0 0 0 0 0 1 0 0 0 1 0 1 0 1 0 6 7 2 5 6 7 1 

0 52 290 27 12 290 290 0 8 1 0 0 1 0 0 94 94 94 2 4 21 0.7778 26 16 0.0897 0.0552 1 0 5 -5.0000 0.1923 -0.3125 1 0 0 0 0 1 2 0 0 1 0 0 2 2 4 2 9 8 3 4 7 10 1 
0 52 290 27 12 290 290 0 8 1 0 0 1 0 10 0 0 0 1 2 8 0.2963 17 26 0.0586 0.0897 1 1 9 18 0.5294 0.6923 1 0 0 0 0 0 1 0 0 0 0 0 2 2 3 3 8 7 3 6 8 9 1 
0 52 290 27 12 290 290 0 8 0 1 0 1 0 12 22 7.5000 3.5000 1 1 12 0.4444 23 28 0.0793 0.0966 1 1 11 16 0.4783 0.5714 1 0 0 0 0 0 1 0 0 0 0 0 1 0 1 0 1 0 2 3 3 3 1 
1 52 291 27 12 290 290 0 8 1 0 0 1 0 109 94 94 94 1 4 26 0.9630 28 16 0.0966 0.0552 1 0 2 -10.0000 0.0714 -0.6250 1 0 0 0 0 1 2 0 0 1 0 0 2 2 4 4 5 14 3 4 7 10 1 
0 52 290 27 12 290 290 0 8 1 0 0 0 1 94 0 0 0 4 4 3 0.1111 16 14 0.0552 0.0483 1 1 13 11 0.8125 0.7857 1 0 0 0 0 0 1 0 0 1 1 0 2 0 4 2 11 9 4 6 9 9 1 
0 52 290 27 12 290 290 0 8 1 0 0 0 1 94 0 0 0 4 4 12 0.4444 16 14 0.0552 0.0483 1 1 4 2 0.2500 0.1429 1 0 0 0 0 0 1 0 0 2 0 2 2 0 4 1 9 1 4 7 6 8 1 
0 52 290 27 12 290 290 0 8 1 0 0 0 1 19 0 0 0 1 4 7 0.2593 12 14 0.0414 0.0483 1 1 5 7 0.4167 0.5000 2 0 0 0 0 0 2 0 0 0 1 1 2 2 4 2 10 2 3 5 9 11 1 
0 52 290 27 12 290 290 0 8 0 1 0 0 1 0 0 0 0 1 4 7 0.2593 13 14 0.0448 0.0483 1 1 6 7 0.4615 0.5000 2 0 0 0 0 0 2 0 0 0 1 1 2 0 2 0 6 1 2 4 7 11 1 

0 53 290 26 10 290 290 0 6 1 0 0 1 0 0 97 97 97 1 4 21 0.8077 26 16 0.0897 0.0552 1 0 5 -5.0000 0.1923 -0.3125 1 0 0 0 1 0 2 0 0 1 0 0 2 2 4 5 7 7 3 4 7 10 1 
1 53 291 26 10 290 290 0 6 1 0 0 1 0 112 97 97 97 1 4 25 0.9615 27 16 0.0931 0.0552 1 0 2 -9.0000 0.0741 -0.5625 1 0 0 0 1 0 2 0 0 1 0 0 2 2 4 4 9 9 3 4 7 10 1 
0 53 290 26 10 290 290 0 6 1 0 0 0 1 97 0 0 0 4 4 3 0.1154 16 14 0.0552 0.0483 1 1 13 11 0.8125 0.7857 1 0 0 0 0 0 1 0 0 1 1 0 2 0 4 2 11 9 4 6 9 9 1 
0 53 290 26 10 290 290 0 6 1 0 0 0 1 97 0 0 0 4 4 12 0.4615 16 14 0.0552 0.0483 1 1 4 2 0.2500 0.1429 1 0 0 0 0 0 1 0 0 2 0 2 2 0 4 1 9 1 4 7 6 8 1 
0 53 290 26 10 290 290 0 6 1 0 0 0 1 19 0 0 0 1 4 7 0.2692 12 14 0.0414 0.0483 1 1 5 7 0.4167 0.5000 2 0 0 0 0 0 2 0 0 0 1 1 2 2 4 2 10 2 3 5 9 11 1 
0 53 290 26 10 290 290 0 6 0 1 0 0 1 0 0 0 0 1 4 7 0.2692 13 14 0.0448 0.0483 1 1 6 7 0.4615 0.5000 2 0 0 0 0 0 2 0 0 0 1 1 2 0 2 0 6 1 2 4 7 11 1 

0 54 290 26 10 290 290 0 7 1 0 0 1 0 0 99 99 99 2 4 21 0.8077 26 16 0.0897 0.0552 1 0 5 -5.0000 0.1923 -0.3125 1 0 0 0 1 0 2 0 0 1 0 0 2 2 4 5 7 7 3 4 7 10 1 
1 54 291 26 10 290 290 0 7 1 0 0 1 0 114 99 99 99 1 4 25 0.9615 27 16 0.0931 0.0552 1 0 2 -9.0000 0.0741 -0.5625 1 0 0 0 1 0 2 0 0 1 0 0 2 2 4 4 9 9 3 4 7 10 1 
0 54 290 26 10 290 290 0 7 1 0 0 0 1 99 0 0 0 4 4 3 0.1154 16 14 0.0552 0.0483 1 1 13 11 0.8125 0.7857 1 0 0 0 0 0 1 0 0 1 1 0 2 0 4 2 11 9 4 6 9 9 1 
0 54 290 26 10 290 290 0 7 1 0 0 0 1 99 0 0 0 4 4 12 0.4615 16 14 0.0552 0.0483 1 1 4 2 0.2500 0.1429 1 0 0 0 0 0 1 0 0 2 0 2 2 0 4 1 9 1 4 7 6 8 1 
0 54 290 26 10 290 290 0 7 1 0 0 0 1 19 0 0 0 1 4 7 0.2692 12 14 0.0414 0.0483 1 1 5 7 0.4167 0.5000 2 0 0 0 0 0 2 0 0 0 1 1 2 2 4 2 10 2 3 5 9 11 1 
0 54 290 26 10 290 290 0 7 0 1 0 0 1 0 0 0 0 1 4 7 0.2692 13 14 0.0448 0.0483 1 1 6 7 0.4615 0.5000 2 0 0 0 0 0 2 0 0 0 1 1 2 0 2 0 6 1 2 4 7 11 1 
0 54 290 26 10 290 290 0 7 0 1 0 0 1 11 0 0 9 1 2 8 0.3077 17 26 0.0586 0.0897 1 1 9 18 0.5294 0.6923 1 0 0 0 0 0 1 0 0 0 0 0 1 0 1 0 6 4 2 5 6 7 1 

0 55 290 26 7 290 287 3 9 1 0 1 0 0 115 100 100 100 1 4 23 0.8846 25 16 0.0862 0.0552 1 0 2 -7.0000 0.0800 -0.4375 1 0 1 0 0 0 2 0 0 1 0 0 2 2 7 4 6 8 3 4 7 10 1 
0 55 290 26 7 290 287 3 9 1 0 1 0 0 11 15 9 9 2 1 9 0.3462 17 16 0.0586 0.0552 1 1 8 7 0.4706 0.4375 1 1 0 0 0 0 2 0 0 0 0 0 2 1 6 2 9 5 3 5 7 10 1 
0 55 290 26 7 290 287 3 9 1 0 0 1 0 0 100 100 100 2 4 21 0.8077 26 16 0.0897 0.0552 1 0 5 -5.0000 0.1923 -0.3125 1 0 1 0 0 0 2 0 0 1 0 0 2 3 6 3 6 8 3 4 7 10 1 
1 55 291 26 7 290 287 3 9 1 0 0 1 0 23 13 8 8 1 1 11 0.4231 27 23 0.0931 0.0793 1 1 16 12 0.5926 0.5217 1 0 0 0 0 0 1 0 0 0 0 0 2 1 4 4 4 4 3 5 7 7 1 
0 55 290 26 7 290 287 3 9 1 0 0 0 1 100 0 0 0 4 4 3 0.1154 16 14 0.0552 0.0483 1 1 13 11 0.8125 0.7857 1 0 0 0 0 0 1 0 0 1 1 0 2 0 4 2 11 9 4 6 9 9 1 
0 55 290 26 7 290 287 3 9 1 0 0 0 1 100 0 0 0 4 4 12 0.4615 16 14 0.0552 0.0483 1 1 4 2 0.2500 0.1429 1 0 0 0 0 0 1 0 0 2 0 2 2 0 4 1 9 1 4 7 6 8 1 
0 55 290 26 7 290 287 3 9 1 0 0 0 1 19 0 0 0 1 4 7 0.2692 12 14 0.0414 0.0483 1 1 5 7 0.4167 0.5000 2 0 0 0 0 0 2 0 0 0 1 1 2 2 4 2 10 2 3 5 9 11 1 
0 55 290 26 7 290 287 3 9 0 1 0 0 1 0 0 0 0 1 4 7 0.2692 13 14 0.0448 0.0483 1 1 6 7 0.4615 0.5000 2 0 0 0 0 0 2 0 0 0 1 1 2 0 2 0 6 1 2 4 7 11 1 
0 55 290 26 7 290 287 3 9 0 1 0 0 1 11 0 0 9 2 2 8 0.3077 17 26 0.0586 0.0897 1 1 9 18 0.5294 0.6923 1 0 0 0 0 0 1 0 0 0 0 0 1 0 1 0 6 4 2 5 6 7 1 

0 56 290 28 12 290 290 0 8 1 0 0 1 0 0 100 100 100 2 4 21 0.7500 26 16 0.0897 0.0552 1 0 5 -5.0000 0.1923 -0.3125 1 0 0 0 0 0 2 0 0 1 0 0 2 2 4 2 5 11 3 4 7 10 1 
0 56 290 28 12 290 290 0 8 1 0 0 1 0 11 0 0 0 1 2 8 0.2857 17 26 0.0586 0.0897 1 1 9 18 0.5294 0.6923 1 0 0 0 0 0 1 0 0 0 0 0 2 2 3 3 8 7 3 6 8 9 1 
0 56 290 28 12 290 290 0 8 1 0 0 1 0 14 24 9 9 1 1 11 0.3929 23 27 0.0793 0.0931 1 1 12 16 0.5217 0.5926 1 0 0 0 0 0 1 0 0 0 0 0 2 1 4 4 4 5 3 5 7 7 1 
1 56 291 28 12 290 290 0 8 1 0 0 1 0 116 100 100 100 1 4 27 0.9643 29 16 0.1000 0.0552 1 0 2 -11.0000 0.0690 -0.6875 1 0 0 0 0 0 2 0 0 1 0 0 2 2 4 4 5 10 3 4 7 10 1 
0 56 290 28 12 290 290 0 8 1 0 0 0 1 100 0 0 0 4 4 3 0.1071 16 14 0.0552 0.0483 1 1 13 11 0.8125 0.7857 1 0 0 0 0 0 1 0 0 1 1 0 2 0 4 2 11 9 4 6 9 9 1 
0 56 290 28 12 290 290 0 8 1 0 0 0 1 100 0 0 0 4 4 12 0.4286 16 14 0.0552 0.0483 1 1 4 2 0.2500 0.1429 1 0 0 0 0 0 1 0 0 2 0 2 2 0 4 1 9 1 4 7 6 8 1 
0 56 290 28 12 290 290 0 8 1 0 0 0 1 20 0 0 0 1 4 7 0.2500 12 14 0.0414 0.0483 1 1 5 7 0.4167 0.5000 2 0 0 0 0 0 2 0 0 0 1 1 2 2 4 2 10 2 3 5 9 11 1 
0 56 290 28 12 290 290 0 8 0 1 0 0 1 0 0 0 0 1 4 7 0.2500 13 14 0.0448 0.0483 1 1 6 7 0.4615 0.5000 2 0 0 0 0 0 2 0 0 0 1 1 2 0 2 0 6 1 2 4 7 11 1 

0 57 290 28 11 290 290 0 8 1 0 0 1 0 0 101 101 101 2 4 21 0.7500 26 16 0.0897 0.0552 1 0 5 -5.0000 0.1923 -0.3125 1 0 0 0 0 0 2 0 0 1 0 0 2 2 4 2 5 11 3 4 7 10 1 
0 57 290 28 11 290 290 0 8 1 0 0 1 0 16 24 3 3 1 1 11 0.3929 16 26 0.0552 0.0897 1 1 5 15 0.3125 0.5769 1 0 0 0 0 0 1 0 0 1 1 0 2 1 4 8 4 7 3 6 9 10 1 
0 57 290 28 11 290 290 0 8 1 0 0 1 0 11 0 0 0 1 2 8 0.2857 17 26 0.0586 0.0897 1 1 9 18 0.5294 0.6923 1 0 0 0 0 0 1 0 0 0 1 0 2 2 3 3 8 10 3 6 8 9 1 
1 57 291 28 11 290 290 0 8 1 0 0 1 0 118 101 101 101 1 4 27 0.9643 29 16 0.1000 0.0552 1 0 2 -11.0000 0.0690 -0.6875 1 0 0 0 0 0 2 0 0 1 0 0 2 2 4 4 5 10 3 4 7 10 1 
0 57 290 28 11 290 290 0 8 1 0 0 0 1 101 0 0 0 4 4 3 0.1071 16 14 0.0552 0.0483 1 1 13 11 0.8125 0.7857 1 0 0 0 0 0 1 0 0 2 1 0 2 0 4 2 11 9 4 6 9 9 1 
0 57 290 28 11 290 290 0 8 1 0 0 0 1 101 0 0 0 4 4 12 0.4286 16 14 0.0552 0.0483 1 1 4 2 0.2500 0.1429 1 0 0 0 0 0 1 0 0 2 0 2 2 0 4 1 9 1 4 7 6 8 1 
0 57 290 28 11 290 290 0 8 1 0 0 0 1 21 0 0 0 1 4 7 0.2500 12 14 0.0414 0.0483 1 1 5 7 0.4167 0.5000 2 0 0 0 0 0 2 0 0 0 1 1 2 2 4 2 10 2 3 5 9 11 1 
0 57 290 28 11 290 290 0 8 0 1 0 0 1 0 0 0 0 1 4 7 0.2500 13 14 0.0448 0.0483 1 1 6 7 0.4615 0.5000 2 0 0 0 0 0 2 0 0 0 1 1 2 0 2 0 6 1 2 4 7 11 1 

0 58 290 27 13 290 290 0 8 1 0 0 1 0 0 102 102 102 2 4 21 0.7778 26 16 0.0897 0.0552 1 0 5 -5.0000 0.1923 -0.3125 1 0 0 0 0 1 2 0 0 1 0 0 2 2 4 2 9 8 3 4 7 10 1 
0 58 290 27 13 290 290 0 8 1 0 0 1 0 11 0 0 0 1 2 8 0.2963 17 26 0.0586 0.0897 1 1 9 18 0.5294 0.6923 1 0 0 0 0 0 1 0 1 0 0 0 2 2 3 3 8 11 3 6 8 9 1 
0 58 290 27 13 290 290 0 8 0 1 0 1 0 24 16 0 10 1 1 12 0.4444 28 15 0.0966 0.0517 1 1 16 3 0.5714 0.2000 1 0 0 0 0 0 1 0 1 0 0 0 1 0 5 2 2 6 2 4 3 4 1 
1 58 291 27 13 290 290 0 8 1 0 0 1 0 120 102 102 102 1 4 26 0.9630 28 16 0.0966 0.0552 1 0 2 -10.0000 0.0714 -0.6250 1 0 0 0 0 1 2 0 0 1 0 0 2 2 4 4 5 14 3 4 7 10 1 
0 58 290 27 13 290 290 0 8 1 0 0 0 1 102 0 0 0 4 4 3 0.1111 16 14 0.0552 0.0483 1 1 13 11 0.8125 0.7857 1 0 0 0 0 0 1 0 0 1 2 0 2 0 4 2 11 9 4 6 9 9 1 
0 58 290 27 13 290 290 0 8 1 0 0 0 1 102 0 0 0 4 4 12 0.4444 16 14 0.0552 0.0483 1 1 4 2 0.2500 0.1429 1 0 0 0 0 0 1 0 0 2 0 2 2 0 4 1 9 1 4 7 6 8 1 
0 58 290 27 13 290 290 0 8 1 0 0 0 1 22 0 0 0 1 4 7 0.2593 12 14 0.0414 0.0483 1 1 5 7 0.4167 0.5000 2 0 0 0 0 0 2 0 0 0 1 1 2 2 4 2 10 2 3 5 9 11 1 
0 58 290 27 13 290 290 0 8 0 1 0 0 1 0 0 0 0 1 4 7 0.2593 13 14 0.0448 0.0483 1 1 6 7 0.4615 0.5000 2 0 0 0 0 0 2 0 0 0 1 1 2 0 2 0 6 1 2 4 7 11 1 

0 59 290 27 10 290 290 0 7 1 0 0 1 0 0 103 103 103 1 4 21 0.7778 26 16 0.0897 0.0552 1 0 5 -5.0000 0.1923 -0.3125 1 0 0 0 0 1 2 0 0 1 0 0 2 2 4 2 9 8 3 4 7 10 1 
0 59 290 27 10 290 290 0 7 1 0 0 1 0 16 24 3 3 1 1 11 0.4074 16 26 0.0552 0.0897 1 1 5 15 0.3125 0.5769 1 0 0 0 0 0 1 0 0 1 0 0 2 1 3 9 3 8 3 6 9 10 1 
1 59 291 27 10 290 290 0 7 1 0 0 1 0 122 103 103 103 1 4 26 0.9630 28 16 0.0966 0.0552 1 0 2 -10.0000 0.0714 -0.6250 1 0 0 0 0 1 2 0 0 1 0 0 2 2 4 4 5 14 3 4 7 10 1 
0 59 290 27 10 290 290 0 7 1 0 0 0 1 103 0 0 0 4 4 3 0.1111 16 14 0.0552 0.0483 1 1 13 11 0.8125 0.7857 1 0 0 0 0 0 1 0 0 2 1 0 2 0 4 2 11 9 4 6 9 9 1 
0 59 290 27 10 290 290 0 7 1 0 0 0 1 103 0 0 0 4 4 12 0.4444 16 14 0.0552 0.0483 1 1 4 2 0.2500 0.1429 1 0 0 0 0 0 1 0 0 2 0 2 2 0 4 1 9 1 4 7 6 8 1 
0 59 290 27 10 290 290 0 7 1 0 0 0 1 23 0 0 0 1 4 7 0.2593 12 14 0.0414 0.0483 1 1 5 7 0.4167 0.5000 2 0 0 0 0 0 2 0 0 0 1 1 2 2 4 2 10 2 3 5 9 11 1 
0 59 290 27 10 290 290 0 7 0 1 0 0 1 0 0 0 0 1 4 7 0.2593 13 14 0.0448 0.0483 1 1 6 7 0.4615 0.5000 2 0 0 0 0 0 2 0 0 0 1 1 2 0 2 0 6 1 2 4 7 11 1 

0 60 291 26 9 291 291 0 6 1 0 0 1 0 0 106 106 106 2 4 21 0.8077 26 16 0.0893 0.0550 1 0 5 -5.0000 0.1923 -0.3125 1 0 0 0 1 0 2 0 0 1 0 0 2 2 4 5 7 7 3 4 7 10 1 
0 60 291 26 9 291 291 0 6 1 0 0 1 0 12 0 0 0 1 2 8 0.3077 17 26 0.0584 0.0893 1 1 9 18 0.5294 0.6923 1 0 0 0 0 0 1 0 0 0 0 0 2 2 3 3 8 10 3 6 8 9 1 
1 60 292 26 9 291 291 0 6 1 0 0 1 0 125 106 106 106 1 4 25 0.9615 27 16 0.0928 0.0550 1 0 2 -9.0000 0.0741 -0.5625 1 0 0 0 1 0 2 0 0 1 0 0 2 2 4 4 9 9 3 4 7 10 1 
0 60 291 26 9 291 291 0 6 1 0 0 0 1 106 0 0 0 4 3 3 0.1154 16 14 0.0550 0.0481 1 1 13 11 0.8125 0.7857 1 0 0 0 0 0 1 0 0 1 0 0 2 0 4 2 8 9 4 6 9 9 1 
0 60 291 26 9 291 291 0 6 1 0 0 0 1 106 0 0 0 4 3 12 0.4615 16 14 0.0550 0.0481 1 1 4 2 0.2500 0.1429 1 0 0 0 0 0 1 0 0 2 0 1 2 0 4 1 9 1 4 7 6 8 1 
0 60 291 26 9 291 291 0 6 0 1 0 0 1 0 0 0 0 1 3 7 0.2692 13 14 0.0447 0.0481 1 1 6 7 0.4615 0.5000 1 0 0 0 0 0 1 0 0 0 1 1 1 0 4 4 4 2 2 4 7 11 1 

0 61 291 28 14 291 291 0 7 1 0 0 1 0 0 107 107 107 2 4 21 0.7500 26 16 0.0893 0.0550 1 0 5 -5.0000 0.1923 -0.3125 1 0 0 0 0 0 2 0 0 1 0 0 2 2 4 2 5 11 3 4 7 10 1 
0 61 291 28 14 291 291 0 7 0 1 0 1 0 0 12 10 0 2 1 8 0.2857 26 16 0.0893 0.0550 1 1 18 8 0.6923 0.5000 1 0 0 0 0 0 1 0 0 0 0 0 1 0 1 0 4 7 2 4 5 6 1 
1 61 292 28 14 291 291 0 7 1 0 0 1 0 127 107 107 107 1 4 27 0.9643 29 16 0.0997 0.0550 1 0 2 -11.0000 0.0690 -0.6875 1 0 0 0 0 0 2 0 0 1 0 0 2 2 4 4 5 10 3 4 7 10 1 
0 61 291 28 14 291 291 0 7 1 0 0 0 1 107 0 0 0 4 4 3 0.1071 16 14 0.0550 0.0481 1 1 13 11 0.8125 0.7857 1 0 0 0 0 0 1 0 0 1 1 0 2 0 4 2 11 9 4 6 9 9 1 
0 61 291 28 14 291 291 0 7 1 0 0 0 1 107 0 0 0 4 4 12 0.4286 16 14 0.0550 0.0481 1 1 4 2 0.2500 0.1429 1 0 0 0 0 0 1 0 0 2 0 2 2 0 4 1 9 1 4 7 6 8 1 
0 61 291 28 14 291 291 0 7 1 0 0 0 1 24 0 0 0 1 4 7 0.2500 12 14 0.0412 0.0481 1 1 5 7 0.4167 0.5000 2 0 0 0 0 0 2 0 0 0 1 1 2 2 4 2 10 2 3 5 9 11 1 
0 61 291 28 14 291 291 0 7 0 1 0 0 1 0 0 0 0 1 4 7 0.2500 13 14 0.0447 0.0481 1 1 6 7 0.4615 0.5000 2 0 0 0 0 0 2 0 0 0 1 1 2 0 2 0 6 1 2 4 7 11 1 

0 62 291 27 13 291 291 0 7 1 0 0 1 0 0 108 108 108 2 4 21 0.7778 26 16 0.0893 0.0550 1 0 5 -5.0000 0.1923 -0.3125 1 0 0 0 0 1 2 0 0 1 0 0 2 2 4 2 9 8 3 4 7 10 1 
1 62 292 27 13 291 291 0 7 1 0 0 1 0 130 108 108 108 1 4 26 0.9630 28 16 0.0962 0.0550 1 0 2 -10.0000 0.0714 -0.6250 1 0 0 0 0 1 2 0 0 1 0 0 2 2 4 4 5 14 3 4 7 10 1 
0 62 291 27 13 291 291 0 7 1 0 0 0 1 108 1 0 0 4 4 3 0.1111 16 14 0.0550 0.0481 1 1 13 11 0.8125 0.7857 1 0 0 0 0 0 1 0 0 1 1 0 2 0 4 2 11 9 4 6 9 9 1 
0 62 291 27 13 291 291 0 7 1 0 0 0 1 108 1 0 0 4 4 12 0.4444 16 14 0.0550 0.0481 1 1 4 2 0.2500 0.1429 1 0 0 0 0 0 1 0 0 2 0 2 2 0 4 1 9 1 4 7 6 8 1 
0 62 291 27 13 291 291 0 7 1 0 0 0 1 25 1 0 0 1 4 7 0.2593 12 14 0.0412 0.0481 1 1 5 7 0.4167 0.5000 2 0 0 0 0 0 2 0 0 0 1 1 2 2 4 2 10 2 3 5 9 11 1 
0 62 291 27 13 291 291 0 7 0 1 0 0 1 0 1 0 0 1 4 7 0.2593 13 14 0.0447 0.0481 1 1 6 7 0.4615 0.5000 2 0 0 0 0 0 2 0 0 0 1 1 2 0 2 0 6 1 2 4 7 11 1 
0 62 291 27 13 291 291 0 7 0 1 0 0 1 12 0 0 10 1 2 8 0.2963 17 26 0.0584 0.0893 1 1 9 18 0.5294 0.6923 1 0 0 0 0 0 1 0 0 0 0 0 1 0 1 0 6 4 2 5 6 7 1 

0 63 291 26 11 291 291 0 6 1 0 0 1 0 0 111 111 111 1 4 21 0.8077 26 16 0.0893 0.0550 1 0 5 -5.0000 0.1923 -0.3125 1 0 0 0 1 0 2 0 0 1 0 0 2 2 4 5 7 7 3 4 7 10 1 
1 63 292 26 11 291 291 0 6 1 0 0 1 0 133 111 111 111 1 4 25 0.9615 27 16 0.0928 0.0550 1 0 2 -9.0000 0.0741 -0.5625 1 0 0 0 1 0 2 0 0 1 0 0 2 2 4 4 9 9 3 4 7 10 1 
0 63 291 26 11 291 291 0 6 1 0 0 0 1 111 1 0 0 4 4 3 0.1154 16 14 0.0550 0.0481 1 1 13 11 0.8125 0.7857 1 0 0 0 0 0 1 0 0 1 1 0 2 0 4 2 11 9 4 6 9 9 1 
0 63 291 26 11 291 291 0 6 1 0 0 0 1 111 1 0 0 4 4 12 0.4615 16 14 0.0550 0.0481 1 1 4 2 0.2500 0.1429 1 0 0 0 0 0 1 0 0 2 0 2 2 0 4 1 9 1 4 7 6 8 1 
0 63 291 26 11 291 291 0 6 1 0 0 0 1 25 1 0 0 1 4 7 0.2692 12 14 0.0412 0.0481 1 1 5 7 0.4167 0.5000 2 0 0 0 0 0 2 0 0 0 1 1 2 2 4 2 10 2 3 5 9 11 1 
0 63 291 26 11 291 291 0 6 0 1 0 0 1 0 1 0 0 1 4 7 0.2692 13 14 0.0447 0.0481 1 1 6 7 0.4615 0.5000 2 0 0 0 0 0 2 0 0 0 1 1 2 0 2 0 6 1 2 4 7 11 1 

0 64 291 26 11 291 291 0 7 1 0 0 1 0 0 113 113 113 2 4 21 0.8077 26 16 0.0893 0.0550 1 0 5 -5.0000 0.1923 -0.3125 1 0 0 0 1 0 2 0 0 1 0 0 2 2 4 5 7 7 3 4 7 10 1 
1 64 292 26 11 291 291 0 7 1 0 0 1 0 135 113 113 113 1 4 25 0.9615 27 16 0.0928 0.0550 1 0 2 -9.0000 0.0741 -0.5625 1 0 0 0 1 0 2 0 0 1 0 0 2 2 4 4 9 9 3 4 7 10 1 
0 64 291 26 11 291 291 0 7 1 0 0 0 1 113 1 0 0 4 4 3 0.1154 16 14 0.0550 0.0481 1 1 13 11 0.8125 0.7857 1 0 0 0 0 0 1 0 0 1 1 0 2 0 4 2 11 9 4 6 9 9 1 
0 64 291 26 11 291 291 0 7 1 0 0 0 1 113 1 0 0 4 4 12 0.4615 16 14 0.0550 0.0481 1 1 4 2 0.2500 0.1429 1 0 0 0 0 0 1 0 0 2 0 2 2 0 4 1 9 1 4 7 6 8 1 
0 64 291 26 11 291 291 0 7 1 0 0 0 1 25 1 0 0 1 4 7 0.2692 12 14 0.0412 0.0481 1 1 5 7 0.4167 0.5000 2 0 0 0 0 0 2 0 0 0 1 1 2 2 4 2 10 2 3 5 9 11 1 
0 64 291 26 11 291 291 0 7 0 1 0 0 1 0 1 0 0 1 4 7 0.2692 13 14 0.0447 0.0481 1 1 6 7 0.4615 0.5000 2 0 0 0 0 0 2 0 0 0 1 1 2 0 2 0 6 1 2 4 7 11 1 
0 64 291 26 11 291 291 0 7 0 1 0 0 1 13 0 0 11 1 2 8 0.3077 17 26 0.0584 0.0893 1 1 9 18 0.5294 0.6923 1 0 0 0 0 0 1 0 0 0 0 0 1 0 1 0 6 4 2 5 6 7 1 

0 65 291 27 6 291 291 0 8 1 0 0 1 0 136 1 1 1 4 3 17 0.6296 23 14 0.0790 0.0481 1 0 6 -3.0000 0.2609 -0.2143 1 0 0 0 1 0 1 0 1 1 1 0 2 2 8 5 8 3 3 4 7 8 1 
0 65 291 27 6 291 291 0 8 1 0 0 1 0 0 136 0 0 4 4 19 0.7037 26 23 0.0893 0.0790 1 1 7 4 0.2692 0.1739 1 0 1 0 2 0 1 1 2 0 0 0 2 2 5 4 10 4 4 4 6 8 1 
0 65 291 27 6 291 291 0 8 1 0 0 1 0 0 136 0 0 4 4 20 0.7407 26 23 0.0893 0.0790 1 1 6 3 0.2308 0.1304 1 0 2 0 0 0 1 2 0 1 0 0 2 2 4 3 7 5 2 5 6 8 1 
0 65 291 27 6 291 291 0 8 1 0 0 1 0 0 136 114 114 4 4 21 0.7778 26 23 0.0893 0.0790 1 1 5 2 0.1923 0.0870 1 0 1 0 1 0 1 1 1 0 1 0 2 2 5 3 6 7 3 4 7 10 1 
0 65 291 27 6 291 291 0 8 1 0 0 1 0 13 0 0 0 1 4 8 0.2963 17 26 0.0584 0.0893 1 1 9 18 0.5294 0.6923 1 0 0 0 0 0 1 0 0 0 0 0 2 2 3 3 8 7 3 6 8 9 1 
1 65 292 27 6 291 291 0 8 1 0 0 1 0 25 14 3.5000 3.5000 1 1 11 0.4074 28 22 0.0962 0.0756 1 1 17 11 0.6071 0.5000 1 0 0 0 0 0 1 0 0 0 0 0 2 2 5 3 6 4 3 6 7 8 1 
0 65 291 27 6 291 291 0 8 1 0 0 0 1 25 1 0 0 1 3 7 0.2593 12 14 0.0412 0.0481 1 1 5 7 0.4167 0.5000 2 0 0 0 0 0 2 0 0 0 0 0 2 2 4 2 7 4 3 5 9 11 1 
0 65 291 27 6 291 291 0 8 0 1 0 0 1 0 1 0 0 1 3 7 0.2593 13 14 0.0447 0.0481 1 1 6 7 0.4615 0.5000 2 0 0 0 0 0 2 0 0 0 0 0 2 0 2 0 5 3 2 4 7 11 1 

0 66 291 28 13 291 291 0 7 1 0 0 1 0 0 114 114 114 2 4 21 0.7500 26 16 0.0893 0.0550 1 0 5 -5.0000 0.1923 -0.3125 1 0 0 0 0 0 2 0 0 1 0 0 2 2 4 2 5 11 3 4 7 10 1 
0 66 291 28 13 291 291 0 7 1 0 0 1 0 13 0 0 0 1 2 8 0.2857 17 26 0.0584 0.0893 1 1 9 18 0.5294 0.6923 1 0 0 0 0 0 1 0 0 0 0 0 2 2 3 3 8 7 3 6 8 9 1 
1 66 292 28 13 291 291 0 7 1 0 0 1 0 137 114 114 114 1 4 27 0.9643 29 16 0.0997 0.0550 1 0 2 -11.0000 0.0690 -0.6875 1 0 0 0 0 0 2 0 0 1 0 0 2 2 4 4 5 10 3 4 7 10 1 
0 66 291 28 13 291 291 0 7 1 0 0 0 1 114 1 0 0 4 4 3 0.1071 16 14 0.0550 0.0481 1 1 13 11 0.8125 0.7857 1 0 0 0 0 0 1 0 0 1 1 0 2 0 4 2 11 9 4 6 9 9 1 
0 66 291 28 13 291 291 0 7 1 0 0 0 1 114 1 0 0 4 4 12 0.4286 16 14 0.0550 0.0481 1 1 4 2 0.2500 0.1429 1 0 0 0 0 0 1 0 0 2 0 2 2 0 4 1 9 1 4 7 6 8 1 
0 66 291 28 13 291 291 0 7 1 0 0 0 1 26 1 0 0 1 4 7 0.2500 12 14 0.0412 0.0481 1 1 5 7 0.4167 0.5000 2 0 0 0 0 0 2 0 0 0 1 1 2 2 4 2 10 2 3 5 9 11 1 
0 66 291 28 13 291 291 0 7 0 1 0 0 1 0 1 0 0 1 4 7 0.2500 13 14 0.0447 0.0481 1 1 6 7 0.4615 0.5000 2 0 0 0 0 0 2 0 0 0 1 1 2 0 2 0 6 1 2 4 7 11 1 

0 67 291 27 12 291 291 0 7 1 0 0 1 0 0 115 115 115 2 4 21 0.7778 26 16 0.0893 0.0550 1 0 5 -5.0000 0.1923 -0.3125 1 0 0 0 0 1 2 0 0 1 0 0 2 2 4 2 9 8 3 4 7 10 1 
0 67 291 27 12 291 291 0 7 0 1 0 1 0 0 13 11 0 2 1 8 0.2963 26 16 0.0893 0.0550 1 1 18 8 0.6923 0.5000 1 0 0 0 0 0 1 0 0 0 0 0 1 0 1 0 4 4 2 4 5 6 1 
1 67 292 27 12 291 291 0 7 1 0 0 1 0 139 115 115 115 1 4 26 0.9630 28 16 0.0962 0.0550 1 0 2 -10.0000 0.0714 -0.6250 1 0 0 0 0 1 2 0 0 1 0 0 2 2 4 4 5 14 3 4 7 10 1 
0 67 291 27 12 291 291 0 7 1 0 0 0 1 115 1 0 0 4 4 3 0.1111 16 14 0.0550 0.0481 1 1 13 11 0.8125 0.7857 1 0 0 0 0 0 1 0 0 1 1 0 2 0 4 2 11 9 4 6 9 9 1 
0 67 291 27 12 291 291 0 7 1 0 0 0 1 115 1 0 0 4 4 12 0.4444 16 14 0.0550 0.0481 1 1 4 2 0.2500 0.1429 1 0 0 0 0 0 1 0 0 2 0 2 2 0 4 1 9 1 4 7 6 8 1 
0 67 291 27 12 291 291 0 7 1 0 0 0 1 27 1 0 0 1 4 7 0.2593 12 14 0.0412 0.0481 1 1 5 7 0.4167 0.5000 2 0 0 0 0 0 2 0 0 0 1 1 2 2 4 2 10 2 3 5 9 11 1 
0 67 291 27 12 291 291 0 7 0 1 0 0 1 0 1 0 0 1 4 7 0.2593 13 14 0.0447 0.0481 1 1 6 7 0.4615 0.5000 2 0 0 0 0 0 2 0 0 0 1 1 2 0 2 0 6 1 2 4 7 11 1 

0 68 291 28 14 291 291 0 7 1 0 0 1 0 0 116 116 116 2 4 21 0.7500 26 16 0.0893 0.0550 1 0 5 -5.0000 0.1923 -0.3125 1 0 0 0 0 0 2 0 0 1 0 0 2 2 4 2 5 11 3 4 7 10 1 
0 68 291 28 14 291 291 0 7 1 0 0 1 0 13 0 0 0 1 2 8 0.2857 17 26 0.0584 0.0893 1 1 9 18 0.5294 0.6923 1 0 0 0 0 0 1 0 0 0 0 0 2 2 3 3 8 7 3 6 8 9 1 
1 68 292 28 14 291 291 0 7 1 0 0 1 0 141 116 116 116 1 4 27 0.9643 29 16 0.0997 0.0550 1 0 2 -11.0000 0.0690 -0.6875 1 0 0 0 0 0 2 0 0 1 0 0 2 2 4 4 5 10 3 4 7 10 1 
0 68 291 28 14 291 291 0 7 1 0 0 0 1 116 1 0 0 4 4 3 0.1071 16 14 0.0550 0.0481 1 1 13 11 0.8125 0.7857 1 0 0 0 0 0 1 0 0 1 1 0 2 0 4 2 11 9 4 6 9 9 1 
0 68 291 28 14 291 291 0 7 1 0 0 0 1 116 1 0 0 4 4 12 0.4286 16 14 0.0550 0.0481 1 1 4 2 0.2500 0.1429 1 0 0 0 0 0 1 0 0 2 0 2 2 0 4 1 9 1 4 7 6 8 1 
0 68 291 28 14 291 291 0 7 1 0 0 0 1 28 1 0 0 1 4 7 0.2500 12 14 0.0412 0.0481 1 1 5 7 0.4167 0.5000 2 0 0 0 0 0 2 0 0 0 1 1 2 2 4 2 10 2 3 5 9 11 1 
0 68 291 28 14 291 291 0 7 0 1 0 0 1 0 1 0 0 1 4 7 0.2500 13 14 0.0447 0.0481 1 1 6 7 0.4615 0.5000 2 0 0 0 0 0 2 0 0 0 1 1 2 0 2 0 6 1 2 4 7 11 1 

0 69 291 28 13 291 291 0 7 1 0 0 1 0 0 117 117 117 2 4 21 0.7500 26 16 0.0893 0.0550 1 0 5 -5.0000 0.1923 -0.3125 1 0 0 0 0 0 2 0 0 1 0 0 2 2 4 2 5 11 3 4 7 10 1 
0 69 291 28 13 291 291 0 7 0 1 0 1 0 0 13 11 0 2 1 8 0.2857 26 16 0.0893 0.0550 1 1 18 8 0.6923 0.5000 1 0 0 0 0 0 1 0 0 0 0 0 1 0 1 0 4 4 2 4 5 6 1 
1 69 292 28 13 291 291 0 7 1 0 0 1 0 143 117 117 117 1 4 27 0.9643 29 16 0.0997 0.0550 1 0 2 -11.0000 0.0690 -0.6875 1 0 0 0 0 0 2 0 0 1 0 0 2 2 4 4 5 10 3 4 7 10 1 
0 69 291 28 13 291 291 0 7 1 0 0 0 1 117 1 0 0 4 4 3 0.1071 16 14 0.0550 0.0481 1 1 13 11 0.8125 0.7857 1 0 0 0 0 0 1 0 0 1 1 0 2 0 4 2 11 9 4 6 9 9 1 
0 69 291 28 13 291 291 0 7 1 0 0 0 1 117 1 0 0 4 4 12 0.4286 16 14 0.0550 0.0481 1 1 4 2 0.2500 0.1429 1 0 0 0 0 0 1 0 0 2 0 2 2 0 4 1 9 1 4 7 6 8 1 
0 69 291 28 13 291 291 0 7 1 0 0 0 1 29 1 0 0 1 4 7 0.2500 12 14 0.0412 0.0481 1 1 5 7 0.4167 0.5000 2 0 0 0 0 0 2 0 0 0 1 1 2 2 4 2 10 2 3 5 9 11 1 
0 69 291 28 13 291 291 0 7 0 1 0 0 1 0 1 0 0 1 4 7 0.2500 13 14 0.0447 0.0481 1 1 6 7 0.4615 0.5000 2 0 0 0 0 0 2 0 0 0 1 1 2 0 2 0 6 1 2 4 7 11 1 

0 70 291 29 14 291 291 0 7 1 0 0 1 0 0 118 118 118 2 4 21 0.7241 26 16 0.0893 0.0550 1 0 5 -5.0000 0.1923 -0.3125 1 0 0 0 0 0 2 0 0 1 0 0 2 2 4 2 5 6 3 4 7 10 1 
0 70 291 29 14 291 291 0 7 1 0 0 1 0 13 0 0 0 1 2 8 0.2759 17 26 0.0584 0.0893 1 1 9 18 0.5294 0.6923 1 0 0 0 0 0 1 0 0 0 0 0 2 2 3 3 8 7 3 6 8 9 1 
1 70 292 29 14 291 291 0 7 1 0 0 1 0 145 118 118 118 1 4 28 0.9655 30 16 0.1031 0.0550 1 0 2 -12.0000 0.0667 -0.7500 1 0 0 0 0 0 2 0 0 1 0 0 2 2 4 4 5 10 3 4 7 10 1 
0 70 291 29 14 291 291 0 7 1 0 0 0 1 118 1 0 0 4 4 3 0.1034 16 14 0.0550 0.0481 1 1 13 11 0.8125 0.7857 1 0 0 0 0 0 1 0 0 1 1 0 2 0 4 2 11 9 4 6 9 9 1 
0 70 291 29 14 291 291 0 7 1 0 0 0 1 118 1 0 0 4 4 12 0.4138 16 14 0.0550 0.0481 1 1 4 2 0.2500 0.1429 1 0 0 0 0 0 1 0 0 2 0 2 2 0 4 1 9 1 4 7 6 8 1 
0 70 291 29 14 291 291 0 7 1 0 0 0 1 30 1 0 0 1 4 7 0.2414 12 14 0.0412 0.0481 1 1 5 7 0.4167 0.5000 2 0 0 0 0 0 2 0 0 0 1 1 2 2 4 2 10 2 3 5 9 11 1 
0 70 291 29 14 291 291 0 7 0 1 0 0 1 0 1 0 0 1 4 7 0.2414 13 14 0.0447 0.0481 1 1 6 7 0.4615 0.5000 2 0 0 0 0 0 2 0 0 0 1 1 2 0 2 0 6 1 2 4 7 11 1 

0 71 291 27 13 291 291 0 7 1 0 0 1 0 0 119 119 119 2 4 21 0.7778 26 16 0.0893 0.0550 1 0 5 -5.0000 0.1923 -0.3125 1 0 0 0 0 1 2 0 0 1 0 0 2 2 4 2 9 8 3 4 7 10 1 
0 71 291 27 13 291 291 0 7 0 1 0 1 0 0 13 11 0 2 1 8 0.2963 26 16 0.0893 0.0550 1 1 18 8 0.6923 0.5000 1 0 0 0 0 0 1 0 0 0 0 0 1 0 1 0 4 4 2 4 5 6 1 
1 71 292 27 13 291 291 0 7 1 0 0 1 0 147 119 119 119 1 4 26 0.9630 28 16 0.0962 0.0550 1 0 2 -10.0000 0.0714 -0.6250 1 0 0 0 0 1 2 0 0 1 0 0 2 2 4 4 5 14 3 4 7 10 1 
0 71 291 27 13 291 291 0 7 1 0 0 0 1 119 1 0 0 4 4 3 0.1111 16 14 0.0550 0.0481 1 1 13 11 0.8125 0.7857 1 0 0 0 0 0 1 0 0 1 1 0 2 0 4 2 11 9 4 6 9 9 1 
0 71 291 27 13 291 291 0 7 1 0 0 0 1 119 1 0 0 4 4 12 0.4444 16 14 0.0550 0.0481 1 1 4 2 0.2500 0.1429 1 0 0 0 0 0 1 0 0 2 0 2 2 0 4 1 9 1 4 7 6 8 1 
0 71 291 27 13 291 291 0 7 1 0 0 0 1 31 1 0 0 1 4 7 0.2593 12 14 0.0412 0.0481 1 1 5 7 0.4167 0.5000 2 0 0 0 0 0 2 0 0 0 1 1 2 2 4 2 10 2 3 5 9 11 1 
0 71 291 27 13 291 291 0 7 0 1 0 0 1 0 1 0 0 1 4 7 0.2593 13 14 0.0447 0.0481 1 1 6 7 0.4615 0.5000 2 0 0 0 0 0 2 0 0 0 1 1 2 0 2 0 6 1 2 4 7 11 1 

0 72 291 27 12 291 291 0 7 1 0 0 1 0 0 120 120 120 2 4 21 0.7778 26 16 0.0893 0.0550 1 0 5 -5.0000 0.1923 -0.3125 1 0 0 0 0 1 2 0 0 1 0 0 2 2 4 2 9 8 3 4 7 10 1 
1 72 292 27 12 291 291 0 7 1 0 0 1 0 149 120 120 120 1 4 26 0.9630 28 16 0.0962 0.0550 1 0 2 -10.0000 0.0714 -0.6250 1 0 0 0 0 1 2 0 0 1 0 0 2 2 4 4 5 14 3 4 7 10 1 
0 72 291 27 12 291 291 0 7 1 0 0 0 1 120 1 0 0 4 4 3 0.1111 16 14 0.0550 0.0481 1 1 13 11 0.8125 0.7857 1 0 0 0 0 0 1 0 0 1 1 0 2 0 4 2 11 9 4 6 9 9 1 
0 72 291 27 12 291 291 0 7 1 0 0 0 1 120 1 0 0 4 4 12 0.4444 16 14 0.0550 0.0481 1 1 4 2 0.2500 0.1429 1 0 0 0 0 0 1 0 0 2 0 2 2 0 4 1 9 1 4 7 6 8 1 
0 72 291 27 12 291 291 0 7 1 0 0 0 1 32 1 0 0 1 4 7 0.2593 12 14 0.0412 0.0481 1 1 5 7 0.4167 0.5000 2 0 0 0 0 0 2 0 0 0 1 1 2 2 4 2 10 2 3 5 9 11 1 
0 72 291 27 12 291 291 0 7 0 1 0 0 1 0 1 0 0 1 4 7 0.2593 13 14 0.0447 0.0481 1 1 6 7 0.4615 0.5000 2 0 0 0 0 0 2 0 0 0 1 1 2 0 2 0 6 1 2 4 7 11 1 
0 72 291 27 12 291 291 0 7 0 1 0 0 1 13 0 0 11 1 2 8 0.2963 17 26 0.0584 0.0893 1 1 9 18 0.5294 0.6923 1 0 0 0 0 0 1 0 0 0 0 0 1 0 1 0 6 4 2 5 6 7 1 

0 73 291 26 11 291 290 1 8 0 1 1 0 0 17 26 3 11 1 1 12 0.4615 16 27 0.0550 0.0928 1 1 4 15 0.2500 0.5556 1 0 0 0 0 0 1 0 0 1 0 0 1 0 1 0 2 0 2 4 6 6 1 
0 73 291 26 11 291 290 1 8 1 0 0 1 0 0 122 122 122 2 4 21 0.8077 26 16 0.0893 0.0550 1 0 5 -5.0000 0.1923 -0.3125 1 0 0 0 1 0 2 0 0 1 0 0 2 2 4 5 7 7 3 4 7 10 1 
0 73 291 26 11 291 290 1 8 0 1 0 1 0 0 13 11 0 2 1 8 0.3077 26 16 0.0893 0.0550 1 1 18 8 0.6923 0.5000 1 0 0 0 0 0 1 0 0 0 1 0 1 0 1 0 4 7 2 4 5 6 1 
1 73 292 26 11 291 290 1 8 1 0 0 1 0 151 122 122 122 1 4 25 0.9615 27 16 0.0928 0.0550 1 0 2 -9.0000 0.0741 -0.5625 1 0 0 0 1 0 2 0 0 1 0 0 2 2 4 4 9 9 3 4 7 10 1 
0 73 291 26 11 291 290 1 8 1 0 0 0 1 122 1 0 0 4 4 3 0.1154 16 14 0.0550 0.0481 1 1 13 11 0.8125 0.7857 1 0 0 0 0 0 1 0 0 2 1 0 2 0 4 2 11 9 4 6 9 9 1 
0 73 291 26 11 291 290 1 8 1 0 0 0 1 122 1 0 0 4 4 12 0.4615 16 14 0.0550 0.0481 1 1 4 2 0.2500 0.1429 1 0 0 0 0 0 1 0 0 2 0 2 2 0 4 1 9 1 4 7 6 8 1 
0 73 291 26 11 291 290 1 8 1 0 0 0 1 32 1 0 0 1 4 7 0.2692 12 14 0.0412 0.0481 1 1 5 7 0.4167 0.5000 2 0 0 0 0 0 2 0 0 0 1 1 2 2 4 2 10 2 3 5 9 11 1 
0 73 291 26 11 291 290 1 8 0 1 0 0 1 0 1 0 0 1 4 7 0.2692 13 14 0.0447 0.0481 1 1 6 7 0.4615 0.5000 2 0 0 0 0 0 2 0 0 0 1 1 2 0 2 0 6 1 2 4 7 11 1 

0 74 291 27 13 291 291 0 7 1 0 0 1 0 0 123 123 123 2 4 21 0.7778 26 16 0.0893 0.0550 1 0 5 -5.0000 0.1923 -0.3125 1 0 0 0 0 1 2 0 0 1 0 0 2 2 4 2 9 8 3 4 7 10 1 
0 74 291 27 13 291 291 0 7 1 0 0 1 0 13 0 0 0 1 2 8 0.2963 17 26 0.0584 0.0893 1 1 9 18 0.5294 0.6923 1 0 0 0 0 0 1 0 0 0 0 0 2 2 3 3 8 10 3 6 8 9 1 
1 74 292 27 13 291 291 0 7 1 0 0 1 0 153 123 123 123 1 4 26 0.9630 28 16 0.0962 0.0550 1 0 2 -10.0000 0.0714 -0.6250 1 0 0 0 0 1 2 0 0 1 0 0 2 2 4 4 5 14 3 4 7 10 1 
0 74 291 27 13 291 291 0 7 1 0 0 0 1 123 1 0 0 4 4 3 0.1111 16 14 0.0550 0.0481 1 1 13 11 0.8125 0.7857 1 0 0 0 0 0 1 0 0 1 1 0 2 0 4 2 11 9 4 6 9 9 1 
0 74 291 27 13 291 291 0 7 1 0 0 0 1 123 1 0 0 4 4 12 0.4444 16 14 0.0550 0.0481 1 1 4 2 0.2500 0.1429 1 0 0 0 0 0 1 0 0 2 0 2 2 0 4 1 9 1 4 7 6 8 1 
0 74 291 27 13 291 291 0 7 1 0 0 0 1 33 1 0 0 1 4 7 0.2593 12 14 0.0412 0.0481 1 1 5 7 0.4167 0.5000 2 0 0 0 0 0 2 0 0 0 1 1 2 2 4 2 8 2 3 5 9 11 1 
0 74 291 27 13 291 291 0 7 0 1 0 0 1 0 1 0 0 1 4 7 0.2593 13 14 0.0447 0.0481 1 1 6 7 0.4615 0.5000 2 0 0 0 0 0 2 0 0 0 1 1 2 0 2 0 4 1 2 4 7 11 1 

0 75 291 28 12 291 291 0 7 1 0 0 1 0 0 124 124 124 1 4 21 0.7500 26 16 0.0893 0.0550 1 0 5 -5.0000 0.1923 -0.3125 1 0 0 0 0 0 2 0 0 1 0 0 2 2 4 2 5 11 3 4 7 10 1 
0 75 291 28 12 291 291 0 7 1 0 0 1 0 17 26 3 3 1 1 11 0.3929 16 26 0.0550 0.0893 1 1 5 15 0.3125 0.5769 1 0 0 0 0 0 1 0 0 1 0 0 2 1 3 9 3 8 3 6 9 10 1 
1 75 292 28 12 291 291 0 7 1 0 0 1 0 155 124 124 124 1 4 27 0.9643 29 16 0.0997 0.0550 1 0 2 -11.0000 0.0690 -0.6875 1 0 0 0 0 0 2 0 0 1 0 0 2 2 4 4 5 10 3 4 7 10 1 
0 75 291 28 12 291 291 0 7 1 0 0 0 1 124 1 0 0 4 4 3 0.1071 16 14 0.0550 0.0481 1 1 13 11 0.8125 0.7857 1 0 0 0 0 0 1 0 0 2 1 0 2 0 4 2 11 9 4 6 9 9 1 
0 75 291 28 12 291 291 0 7 1 0 0 0 1 124 1 0 0 4 4 12 0.4286 16 14 0.0550 0.0481 1 1 4 2 0.2500 0.1429 1 0 0 0 0 0 1 0 0 2 0 2 2 0 4 1 9 1 4 7 6 8 1 
0 75 291 28 12 291 291 0 7 1 0 0 0 1 34 1 0 0 1 4 7 0.2500 12 14 0.0412 0.0481 1 1 5 7 0.4167 0.5000 2 0 0 0 0 0 2 0 0 0 1 1 2 2 4 2 10 2 3 5 9 11 1 
0 75 291 28 12 291 291 0 7 0 1 0 0 1 0 1 0 0 1 4 7 0.2500 13 14 0.0447 0.0481 1 1 6 7 0.4615 0.5000 2 0 0 0 0 0 2 0 0 0 1 1 2 0 2 0 6 1 2 4 7 11 1 

0 76 291 27 12 291 291 0 8 1 0 0 1 0 0 126 126 126 2 4 21 0.7778 26 16 0.0893 0.0550 1 0 5 -5.0000 0.1923 -0.3125 1 0 0 0 1 0 2 0 0 1 0 0 2 2 4 5 7 7 3 4 7 10 1 
0 76 291 27 12 291 291 0 8 0 1 0 1 0 0 13 11 0 2 1 8 0.2963 26 16 0.0893 0.0550 1 1 18 8 0.6923 0.5000 1 0 0 0 0 0 1 0 0 0 1 0 1 0 1 0 4 7 2 4 5 6 1 
1 76 292 27 12 291 291 0 8 1 0 0 1 0 157 126 126 126 1 4 25 0.9259 27 16 0.0928 0.0550 1 0 2 -9.0000 0.0741 -0.5625 1 0 0 0 1 0 2 0 0 1 0 0 2 2 4 4 9 9 3 4 7 10 1 
0 76 291 27 12 291 291 0 8 1 0 0 0 1 126 1 0 0 4 4 3 0.1111 16 14 0.0550 0.0481 1 1 13 11 0.8125 0.7857 1 0 0 0 0 0 1 0 0 2 1 0 2 0 4 2 11 9 4 6 9 9 1 
0 76 291 27 12 291 291 0 8 1 0 0 0 1 126 1 0 0 4 4 12 0.4444 16 14 0.0550 0.0481 1 1 4 2 0.2500 0.1429 1 0 0 0 0 0 1 0 0 2 0 2 2 0 4 1 9 1 4 7 6 8 1 
0 76 291 27 12 291 291 0 8 1 0 0 0 1 34 1 0 0 1 4 7 0.2593 12 14 0.0412 0.0481 1 1 5 7 0.4167 0.5000 2 0 0 0 0 0 2 0 0 0 1 1 2 2 4 3 8 4 3 5 9 11 1 
0 76 291 27 12 291 291 0 8 0 1 0 0 1 0 1 0 0 1 4 7 0.2593 13 14 0.0447 0.0481 1 1 6 7 0.4615 0.5000 2 0 0 0 0 0 2 0 0 0 1 1 2 0 2 1 4 3 2 4 7 11 1 
0 76 291 27 12 291 291 0 8 0 1 0 0 1 17 26 3 11 1 1 13 0.4815 17 28 0.0584 0.0962 1 1 4 15 0.2353 0.5357 1 0 0 0 0 0 1 0 0 1 0 0 1 0 1 0 1 2 2 4 6 6 1 

0 77 291 27 12 291 290 1 8 1 0 1 0 0 26 15 4.5000 4.5000 1 1 11 0.4074 28 22 0.0962 0.0756 1 1 17 11 0.6071 0.5000 1 0 0 0 0 0 1 0 0 0 0 0 2 1 7 2 8 2 3 6 7 8 1 
0 77 291 27 12 291 290 1 8 1 0 0 1 0 0 128 128 128 2 4 21 0.7778 26 16 0.0893 0.0550 1 0 5 -5.0000 0.1923 -0.3125 1 0 0 0 1 0 2 0 0 1 0 0 2 2 4 5 7 7 3 4 7 10 1 
0 77 291 27 12 291 290 1 8 0 1 0 1 0 0 13 11 0 2 1 8 0.2963 26 16 0.0893 0.0550 1 1 18 8 0.6923 0.5000 1 0 0 0 0 0 1 0 0 0 0 0 1 0 1 0 4 4 2 4 5 6 1 
1 77 292 27 12 291 290 1 8 1 0 0 1 0 159 128 128 128 1 4 25 0.9259 27 16 0.0928 0.0550 1 0 2 -9.0000 0.0741 -0.5625 1 0 0 0 1 0 2 0 0 1 0 0 2 2 4 4 9 9 3 4 7 10 1 
0 77 291 27 12 291 290 1 8 1 0 0 0 1 128 1 0 0 4 4 3 0.1111 16 14 0.0550 0.0481 1 1 13 11 0.8125 0.7857 1 0 0 0 0 0 1 0 0 1 1 0 2 0 4 2 11 9 4 6 9 9 1 
0 77 291 27 12 291 290 1 8 1 0 0 0 1 128 1 0 0 4 4 12 0.4444 16 14 0.0550 0.0481 1 1 4 2 0.2500 0.1429 1 0 0 0 0 0 1 0 0 2 0 2 2 0 4 1 9 1 4 7 6 8 1 
0 77 291 27 12 291 290 1 8 1 0 0 0 1 34 1 0 0 1 4 7 0.2593 12 14 0.0412 0.0481 1 1 5 7 0.4167 0.5000 2 0 0 0 0 0 2 0 0 0 1 1 2 2 4 2 10 2 3 5 9 11 1 
0 77 291 27 12 291 290 1 8 0 1 0 0 1 0 1 0 0 1 4 7 0.2593 13 14 0.0447 0.0481 1 1 6 7 0.4615 0.5000 2 0 0 0 0 0 2 0 0 0 1 1 2 0 2 0 6 1 2 4 7 11 1 

0 78 291 26 12 291 290 1 8 1 0 1 0 0 17 26 3 3 1 1 12 0.4615 17 27 0.0584 0.0928 1 1 5 15 0.2941 0.5556 1 0 0 0 0 0 1 0 0 1 1 0 2 0 4 4 10 3 3 6 9 10 1 
0 78 291 26 12 291 290 1 8 1 0 0 1 0 0 130 130 130 2 4 21 0.8077 26 16 0.0893 0.0550 1 0 5 -5.0000 0.1923 -0.3125 1 0 0 0 1 0 2 0 0 1 0 0 2 2 4 5 7 7 3 4 7 10 1 
0 78 291 26 12 291 290 1 8 0 1 0 1 0 0 13 11 0 2 1 8 0.3077 26 16 0.0893 0.0550 1 1 18 8 0.6923 0.5000 1 0 0 0 0 0 1 0 0 0 0 1 1 0 1 0 4 7 2 4 5 6 1 
1 78 292 26 12 291 290 1 8 1 0 0 1 0 161 130 130 130 1 4 25 0.9615 27 16 0.0928 0.0550 1 0 2 -9.0000 0.0741 -0.5625 1 0 0 0 1 0 2 0 0 1 0 0 2 2 4 4 9 9 3 4 7 10 1 
0 78 291 26 12 291 290 1 8 1 0 0 0 1 130 1 0 0 4 4 3 0.1154 16 14 0.0550 0.0481 1 1 13 11 0.8125 0.7857 1 0 0 0 0 0 1 0 0 2 1 0 2 0 4 2 11 9 4 6 9 9 1 
0 78 291 26 12 291 290 1 8 1 0 0 0 1 130 1 0 0 4 4 12 0.4615 16 14 0.0550 0.0481 1 1 4 2 0.2500 0.1429 1 0 0 0 0 0 1 0 0 2 0 2 2 0 4 1 9 1 4 7 6 8 1 
0 78 291 26 12 291 290 1 8 1 0 0 0 1 34 1 0 0 1 4 7 0.2692 12 14 0.0412 0.0481 1 1 5 7 0.4167 0.5000 2 0 0 0 0 0 2 0 0 0 1 1 2 2 4 2 10 2 3 5 9 11 1 
0 78 291 26 12 291 290 1 8 0 1 0 0 1 0 1 0 0 1 4 7 0.2692 13 14 0.0447 0.0481 1 1 6 7 0.4615 0.5000 2 0 0 0 0 0 2 0 0 0 1 1 2 0 2 0 6 1 2 4 7 11 1 

