0 1 269 27 6 269 267 2 4 0 1 1 0 0 1 1 1 1 1 1 13 0.4815 15 15 0.0558 0.0558 1 1 2 2 0.1333 0.1333 1 0 0 0 1 0 2 0 0 0 0 0 1 0 2 3 14 9 2 5 7 8 1 
0 1 269 27 6 269 267 2 4 1 0 1 0 0 1 1 0.5000 0.5000 1 1 8 0.2963 11 17 0.0409 0.0632 1 1 3 9 0.2727 0.5294 1 0 0 0 0 0 1 0 0 0 0 1 2 1 4 3 5 5 3 5 8 8 1 
1 1 270 27 6 269 267 2 4 1 0 0 1 0 2 2 2 2 2 1 22 0.8148 24 7 0.0892 0.0260 1 0 2 -15.0000 0.0833 -2.1429 1 0 0 0 0 0 1 0 0 0 0 1 2 2 4 7 4 10 3 4 7 10 1 
0 1 269 27 6 269 267 2 4 1 0 0 1 0 2 1 1 1 2 1 9 0.3333 24 19 0.0892 0.0706 1 1 15 10 0.6250 0.5263 1 0 0 0 1 0 2 0 0 0 0 0 2 2 6 10 10 6 3 6 9 10 1 

0 2 269 27 6 269 267 2 5 0 1 1 0 0 1 1 1 1 1 1 13 0.4815 15 15 0.0558 0.0558 1 1 2 2 0.1333 0.1333 1 0 0 0 1 0 2 0 0 0 0 0 1 0 2 3 14 9 2 5 7 8 1 
0 2 269 27 6 269 267 2 5 1 0 1 0 0 1 1 0.5000 0.5000 1 2 8 0.2963 18 10 0.0669 0.0372 1 1 10 2 0.5556 0.2000 1 0 0 0 0 0 1 0 0 1 0 0 2 1 3 3 5 10 3 6 7 10 1 
0 2 269 27 6 269 267 2 5 1 0 0 1 0 1 0 0 0 2 1 5 0.1852 10 5 0.0372 0.0186 1 0 5 0 0.5000 0 1 0 0 0 0 0 1 0 0 1 0 1 2 2 3 2 4 14 4 4 5 7 1 
1 2 270 27 6 269 267 2 5 1 0 0 1 0 4 4 4 4 2 1 22 0.8148 24 7 0.0892 0.0260 1 0 2 -15.0000 0.0833 -2.1429 1 0 0 0 0 0 1 0 0 0 0 1 2 2 4 7 4 10 3 4 7 10 1 
0 2 269 27 6 269 267 2 5 1 0 0 1 0 4 1 1 1 2 1 9 0.3333 24 19 0.0892 0.0706 1 1 15 10 0.6250 0.5263 1 0 0 0 1 0 2 0 0 0 0 0 2 2 6 10 10 6 3 6 9 10 1 

0 3 270 27 7 270 268 2 4 1 0 1 0 0 2 2 1 1 1 1 8 0.2963 11 17 0.0407 0.0630 1 1 3 9 0.2727 0.5294 1 0 0 0 0 0 1 0 0 0 0 1 2 1 4 3 5 5 3 5 8 8 1 
0 3 270 27 7 270 268 2 4 1 0 1 0 0 2 1 1 1 1 1 13 0.4815 15 16 0.0556 0.0593 1 1 2 3 0.1333 0.1875 1 0 0 0 0 1 1 1 0 0 0 0 2 1 6 5 6 18 3 5 7 11 1 
1 3 271 27 7 270 268 2 4 1 0 0 1 0 6 6 6 6 2 1 22 0.8148 24 7 0.0889 0.0259 1 0 2 -15.0000 0.0833 -2.1429 1 0 0 0 0 0 1 0 0 0 0 1 2 2 4 7 4 10 3 4 7 10 1 
0 3 270 27 7 270 268 2 4 1 0 0 1 0 6 2 1 1 2 1 9 0.3333 24 19 0.0889 0.0704 1 1 15 10 0.6250 0.5263 1 0 0 0 0 1 1 1 0 0 0 0 2 2 6 10 8 9 3 6 9 10 1 

0 4 270 27 7 270 268 2 5 1 0 1 0 0 2 2 1 1 1 2 8 0.2963 18 10 0.0667 0.0370 1 1 10 2 0.5556 0.2000 1 0 0 0 0 0 1 0 0 1 0 0 2 1 3 3 5 10 3 6 7 10 1 
0 4 270 27 7 270 268 2 5 1 0 1 0 0 3 1 1 1 1 1 13 0.4815 15 16 0.0556 0.0593 1 1 2 3 0.1333 0.1875 1 0 0 0 0 1 1 1 0 0 0 0 2 1 6 5 6 18 3 5 7 11 1 
0 4 270 27 7 270 268 2 5 1 0 0 1 0 2 0 0 0 2 1 5 0.1852 10 5 0.0370 0.0185 1 0 5 0 0.5000 0 1 0 0 0 0 0 1 0 0 1 0 1 2 2 3 2 4 14 4 4 5 7 1 
1 4 271 27 7 270 268 2 5 1 0 0 1 0 8 8 8 8 2 1 22 0.8148 24 7 0.0889 0.0259 1 0 2 -15.0000 0.0833 -2.1429 1 0 0 0 0 0 1 0 0 0 0 1 2 2 4 7 4 10 3 4 7 10 1 
0 4 270 27 7 270 268 2 5 1 0 0 1 0 8 3 1 1 2 1 9 0.3333 24 19 0.0889 0.0704 1 1 15 10 0.6250 0.5263 1 0 0 0 0 1 1 1 0 0 0 0 2 2 6 10 8 9 3 6 9 10 1 

1 5 271 27 10 270 270 0 2 1 0 0 1 0 10 9 9 9 2 1 23 0.8519 25 7 0.0926 0.0259 1 0 2 -16.0000 0.0800 -2.2857 1 0 0 0 0 0 1 0 0 0 0 0 2 2 6 4 6 8 3 4 7 10 1 
0 5 270 27 10 270 270 0 2 0 1 0 1 0 10 3 3 1.5000 2 1 10 0.3704 25 19 0.0926 0.0704 1 1 15 9 0.6000 0.4737 1 0 0 0 0 0 1 0 0 0 0 0 1 0 1 0 1 1 2 4 4 4 1 

