60
12,14,4,2,
18,15,12,6,
15,11,15,5,
1,6,2,11,
20,19,9,2,
4,16,14,4,
4,7,11,17,
1,5,5,17,
15,1,10,9,
19,3,10,3,
18,16,2,12,
11,3,4,12,
18,19,6,19,
8,16,17,9,
7,3,18,9,
14,2,11,4,
8,6,9,15,
18,5,19,17,
1,14,17,8,
2,5,1,13,
7,12,11,13,
14,8,9,4,
7,7,11,20,
15,9,19,16,
2,4,5,14,
15,14,2,6,
17,10,3,14,
8,10,7,10,
20,5,5,18,
4,17,12,8,
10,19,13,20,
5,12,19,4,
10,15,9,6,
2,3,14,17,
4,5,2,2,
15,4,8,8,
2,17,13,10,
4,13,3,1,
8,2,10,8,
1,4,2,5,
4,6,8,2,
8,4,5,4,
20,12,5,7,
16,1,18,12,
1,20,20,16,
18,12,1,9,
8,3,4,6,
14,13,7,19,
4,2,6,20,
5,11,9,11,
9,17,13,7,
8,14,16,8,
4,3,16,17,
19,13,3,3,
13,1,8,7,
11,11,11,12,
2,8,14,2,
19,20,9,9,
14,14,1,15,
1,18,2,19,
