0 1 282 1 0 1 0 0 1 1 2 1 1 2 1 1 2 16 0.5714 18 2 20 16 9 1 0 1.0588 1 0.0638 0.0071 1 0 2 -14.0000 0.1111 -7.0000 1 0 0 0 0 0 1 0 0 0 0 1 2 2 4 4 3 6 3 4 5 7 9 2 0 1 0 1 0 1 0 0 0 5 
0 1 282 0 1 1 0 0 1 1 2 0 1 1 2 1 3 8 0.2857 23 16 39 7 1.4375 1 0 1.0455 1 0.0816 0.0567 1 1 15 8 0.6522 0.5000 1 0 0 0 0 0 1 0 0 0 0 0 1 2 1 6 1 4 3 6 8 9 10 2 1 1 1 1 1 1 1 2 1 1 
1 1 283 1 0 0 1 0 2 2 4 2 2 4 1 1 2 22 0.7857 26 2 28 24 13 2 0 1.0833 1 0.0922 0.0071 1 0 4 -20.0000 0.1538 -10.0000 1 0 0 0 0 0 1 0 0 0 0 0 2 2 4 4 6 8 3 5 5 5 5 0 5 0 4 0 4 0 4 0 2 0 
0 1 282 0 1 0 0 1 1 0 1 0 0 0 2 1 3 20 0.7143 23 29 52 6 1.2609 1 0 1.0455 1 0.0816 0.1028 1 1 3 9 0.1304 0.3103 1 0 0 0 0 0 1 0 0 0 0 1 1 0 1 0 1 1 2 3 5 5 4 3 2 2 2 2 2 2 3 1 3 0 

0 2 282 1 0 1 0 0 1 1 2 1 1 2 1 1 2 16 0.5714 18 2 20 16 9 1 0 1.0588 1 0.0638 0.0071 1 0 2 -14.0000 0.1111 -7.0000 1 0 0 0 0 0 1 0 0 0 0 0 2 2 4 4 3 6 3 4 5 7 9 2 0 1 0 1 0 1 0 0 0 5 
0 2 282 0 1 1 0 0 1 1 2 0 1 1 3 2 5 8 0.2857 17 22 39 5 1.2941 1 0 1.0625 1 0.0603 0.0780 1 1 9 14 0.5294 0.6364 1 0 0 0 0 1 1 0 0 0 1 1 1 0 1 4 1 6 3 5 6 10 9 1 3 1 1 1 1 2 1 2 1 1 
0 2 282 1 0 0 1 0 1 0 1 0 0 0 3 2 5 9 0.3214 17 26 43 9 1.5294 1 0 1.0625 1 0.0603 0.0922 1 1 8 17 0.4706 0.6538 1 0 2 0 0 0 1 2 0 0 0 0 2 0 7 4 6 11 4 7 10 10 11 1 3 1 2 1 2 1 2 1 2 0 
0 2 282 1 0 0 1 0 1 0 1 0 0 0 3 2 5 10 0.3571 17 26 43 9 1.5294 1 0 1.0625 1 0.0603 0.0922 1 1 7 16 0.4118 0.6154 1 0 1 0 1 0 1 1 1 0 0 0 2 0 7 4 6 8 3 7 7 8 12 1 2 1 2 1 2 1 2 1 2 0 
1 2 283 1 0 0 1 0 4 4 8 4 4 8 1 1 2 22 0.7857 26 2 28 24 13 2 0 1.0833 1 0.0922 0.0071 1 0 4 -20.0000 0.1538 -10.0000 1 0 0 0 0 0 1 0 0 0 0 0 2 2 4 4 6 8 3 5 5 5 5 0 5 0 4 0 4 0 4 0 2 0 
0 2 282 1 0 0 0 1 1 0 1 0 0 0 2 1 3 19 0.6786 22 29 51 7 1.3182 0 0 1 1 0.0780 0.1028 1 1 3 10 0.1364 0.3448 1 0 0 0 0 0 1 0 0 0 0 0 2 0 4 0 4 1 2 4 5 8 8 3 4 2 2 2 2 2 2 1 3 0 

