0 1 322 1 0 1 0 0 1 1 2 0.5000 0.5000 1 2 1 3 17 0.5152 29 28 57 1 1.0357 1 0 1.0357 1 0.0901 0.0870 1 1 12 11 0.4138 0.3929 1 0 0 0 0 0 1 0 0 1 0 0 2 1 3 1 3 6 3 5 6 10 14 2 1 2 1 1 1 1 1 1 1 1 
0 1 322 1 0 1 0 0 2 2 4 2 2 4 1 2 3 15 0.4545 17 4 21 13 4.2500 2 0 1.1333 1 0.0528 0.0124 1 0 2 -11.0000 0.1176 -2.7500 1 0 0 0 0 0 2 0 0 0 0 0 2 2 4 4 3 5 4 5 5 8 5 0 5 0 2 0 1 0 1 0 0 8 
0 1 322 1 0 0 1 0 0 2 2 2 2 4 1 2 3 28 0.8485 31 4 35 27 7.7500 0 0 1 1 0.0963 0.0124 1 0 3 -24.0000 0.0968 -6.0000 1 0 0 0 0 0 2 0 0 0 0 0 2 3 7 7 10 11 4 5 5 8 5 4 0 3 0 2 0 2 0 1 0 0 
0 1 322 0 1 0 1 0 0 0 0 0 0 0 1 1 2 8 0.2424 23 13 36 10 1.7692 0 0 1 1 0.0714 0.0404 1 1 15 5 0.6522 0.3846 1 0 0 0 0 0 1 0 0 1 0 0 1 0 3 0 2 1 2 3 5 6 6 1 1 2 1 2 1 2 1 1 1 0 
1 1 323 0 1 0 1 0 2 0 2 0 0 0 2 1 3 4 0.1212 26 23 49 3 1.1304 2 0 1.0833 1 0.0807 0.0714 1 1 22 19 0.8462 0.8261 1 1 0 0 0 0 2 0 0 0 0 0 1 0 4 0 3 0 2 4 4 3 6 5 1 5 1 6 1 6 1 5 1 0 
0 1 322 0 1 0 0 1 2 1 3 0 0 0 2 2 4 3 0.0909 26 29 55 3 1.1154 2 1 1.0833 1.0357 0.0807 0.0901 1 1 23 26 0.8846 0.8966 1 0 0 0 0 0 1 0 0 0 0 0 1 0 1 0 1 0 2 3 3 6 10 2 3 2 5 2 5 2 6 2 6 0 

0 2 323 1 0 0 1 0 0 10 10 10 10 20 1 2 3 28 0.8485 31 4 35 27 7.7500 0 0 1 1 0.0960 0.0124 1 0 3 -24.0000 0.0968 -6.0000 1 0 0 0 0 1 2 0 0 0 0 0 2 3 7 7 10 12 4 5 5 8 5 4 0 3 0 2 0 2 0 1 0 0 
0 2 323 0 1 0 1 0 0 0 0 0 0 0 1 1 2 8 0.2424 23 13 36 10 1.7692 0 0 1 1 0.0712 0.0402 1 1 15 5 0.6522 0.3846 1 0 0 0 0 0 1 0 0 1 0 0 1 0 3 0 2 1 2 3 5 6 6 1 1 2 1 2 1 2 1 1 1 0 
0 2 323 1 0 0 1 0 1 3 4 0.5000 0.5000 1 1 1 2 4 0.1212 24 26 50 2 1.0833 1 2 1.0435 1.0833 0.0743 0.0805 1 1 20 22 0.8333 0.8462 1 0 0 0 0 0 1 0 0 0 0 0 2 2 3 3 4 5 3 4 7 9 5 5 2 5 2 6 1 6 1 5 1 0 
0 2 323 0 1 0 1 0 2 2 4 0 1.5000 1.5000 1 1 2 18 0.5455 30 28 58 2 1.0714 2 0 1.0714 1 0.0929 0.0867 1 1 12 10 0.4000 0.3571 1 0 0 0 0 0 1 0 0 0 1 0 1 0 1 0 1 0 3 4 6 7 7 5 1 2 1 1 1 1 1 1 1 0 
1 2 324 1 0 0 1 0 10 10 20 10 10 20 1 2 3 23 0.6970 25 4 29 21 6.2500 10 0 1.6667 1 0.0774 0.0124 1 0 2 -19.0000 0.0800 -4.7500 1 0 0 0 0 1 2 0 0 0 0 0 2 2 7 4 7 14 4 5 5 8 5 0 6 0 4 0 2 0 1 0 0 0 

0 3 323 1 0 0 1 0 0 19 19 19 19 38 3 2 5 28 0.8485 31 4 35 27 7.7500 0 0 1 1 0.0960 0.0124 1 0 3 -24.0000 0.0968 -6.0000 1 0 0 0 0 1 2 0 0 0 0 1 2 3 7 7 10 11 4 5 5 8 5 4 0 3 0 2 0 2 0 1 0 0 
0 3 323 0 1 0 1 0 0 0 0 0 0 0 2 1 3 8 0.2424 23 13 36 10 1.7692 0 0 1 1 0.0712 0.0402 1 1 15 5 0.6522 0.3846 1 0 0 0 0 0 1 0 0 0 0 0 1 0 3 0 2 1 2 3 5 6 6 1 1 2 1 2 1 2 1 1 1 0 
0 3 323 1 0 0 1 0 4 4 8 4 4 8 2 1 3 16 0.4848 26 4 30 22 6.5000 2 0 1.0833 1 0.0805 0.0124 1 0 10 -12.0000 0.3846 -3.0000 1 0 0 0 0 1 1 0 1 0 0 0 2 2 4 2 5 10 3 4 5 7 9 4 0 3 0 3 0 2 0 2 0 0 
0 3 323 0 1 0 1 0 4 0 4 0 0 0 2 2 4 19 0.5758 26 23 49 3 1.1304 2 0 1.0833 1 0.0805 0.0712 1 1 7 4 0.2692 0.1739 1 0 0 0 0 1 1 0 1 0 0 0 1 0 2 2 5 3 2 5 6 6 8 1 2 1 2 1 2 1 2 2 2 0 
0 3 323 1 0 0 1 0 1 0 1 0 0 0 2 3 5 22 0.6667 26 31 57 5 1.1923 1 0 1.0400 1 0.0805 0.0960 1 1 4 9 0.1538 0.2903 1 0 1 0 0 0 1 1 0 0 1 0 2 2 6 3 5 4 3 7 8 11 11 3 2 4 2 4 1 3 1 3 2 0 
0 3 323 1 0 0 1 0 1 0 1 1 1 2 2 3 5 23 0.6970 26 31 57 5 1.1923 1 0 1.0400 1 0.0805 0.0960 1 1 3 8 0.1154 0.2581 1 0 1 0 0 1 1 1 0 1 0 2 2 2 7 3 5 7 4 6 12 10 8 4 2 4 1 3 1 3 2 4 1 0 
1 3 324 1 0 0 1 0 19 19 38 19 19 38 1 2 3 23 0.6970 25 4 29 21 6.2500 10 0 1.6667 1 0.0774 0.0124 1 0 2 -19.0000 0.0800 -4.7500 1 0 0 0 0 2 2 0 0 0 0 1 2 2 4 4 6 15 4 5 5 8 5 0 6 0 4 0 2 0 1 0 0 0 

0 4 323 1 0 0 1 0 0 27 27 27 27 54 2 2 4 28 0.8485 31 4 35 27 7.7500 0 0 1 1 0.0960 0.0124 1 0 3 -24.0000 0.0968 -6.0000 1 0 0 0 0 1 2 0 0 0 0 1 2 3 7 7 10 10 4 5 5 8 5 4 0 3 0 2 0 2 0 1 0 0 
0 4 323 0 1 0 1 0 0 0 0 0 0 0 2 1 3 8 0.2424 23 13 36 10 1.7692 0 0 1 1 0.0712 0.0402 1 1 15 5 0.6522 0.3846 1 0 0 0 0 0 1 0 0 0 0 0 1 0 3 0 2 1 2 3 5 6 6 1 1 2 1 2 1 2 1 1 1 0 
0 4 323 1 0 0 1 0 4 4 8 4 4 8 4 1 5 16 0.4848 27 4 31 23 6.7500 3 0 1.1250 1 0.0836 0.0124 1 0 11 -12.0000 0.4074 -3.0000 1 0 0 0 0 1 1 0 1 0 0 1 2 2 4 2 5 10 3 4 5 7 9 8 0 7 0 7 0 7 0 7 0 0 
0 4 323 0 1 0 1 0 4 0 4 0 0 0 4 2 6 19 0.5758 27 23 50 4 1.1739 3 0 1.1250 1 0.0836 0.0712 1 1 8 4 0.2963 0.1739 1 0 0 0 0 1 1 0 1 0 0 1 1 0 2 2 5 3 2 5 6 6 8 1 7 1 7 1 7 1 7 2 5 0 
1 4 324 1 0 0 1 0 27 27 54 27 27 54 1 2 3 23 0.6970 25 4 29 21 6.2500 10 0 1.6667 1 0.0774 0.0124 1 0 2 -19.0000 0.0800 -4.7500 1 0 0 0 0 2 2 0 0 0 0 1 2 2 4 4 5 16 4 5 5 8 5 0 6 0 4 0 2 0 1 0 0 0 
0 4 323 1 0 0 0 1 4 0 4 1 1 2 4 2 6 23 0.6970 27 31 58 4 1.1481 3 0 1.1250 1 0.0836 0.0960 1 1 4 8 0.1481 0.2581 1 0 1 0 0 1 1 1 0 1 0 2 2 2 7 3 6 6 4 6 12 10 8 4 5 4 4 3 3 3 3 4 2 0 
0 4 323 1 0 0 0 1 4 2 6 0 0 0 4 1 5 22 0.6667 27 34 61 7 1.2593 3 2 1.1250 1.0625 0.0836 0.1053 1 1 5 12 0.1852 0.3529 1 0 1 0 0 1 1 1 1 0 0 1 2 2 5 3 5 5 3 7 9 12 10 7 4 5 2 4 3 3 3 3 2 0 

0 5 323 1 0 1 0 0 4 4 8 3 3 6 2 1 3 17 0.5152 29 28 57 1 1.0357 1 0 1.0357 1 0.0898 0.0867 1 1 12 11 0.4138 0.3929 1 0 0 0 0 0 1 0 0 1 0 0 2 1 3 1 3 6 3 5 6 10 14 2 1 2 1 1 1 1 1 1 1 1 
0 5 323 0 1 0 1 0 0 0 0 0 0 0 1 1 2 8 0.2424 23 13 36 10 1.7692 0 0 1 1 0.0712 0.0402 1 1 15 5 0.6522 0.3846 1 0 0 0 0 0 1 0 0 1 0 0 1 0 3 0 2 1 2 3 5 6 6 1 1 2 1 2 1 2 1 1 1 0 
0 5 323 1 0 0 1 0 28 0 28 28 28 56 1 1 2 28 0.8485 15 31 46 16 2.0667 11 0 3.7500 1 0.0464 0.0960 0 1 -13.0000 3 -0.8667 0.0968 1 0 0 0 0 0 1 0 0 0 0 0 2 3 7 7 10 11 4 5 5 8 5 4 0 3 0 2 0 2 0 1 0 0 
1 5 324 0 1 0 1 0 6 1 7 0.5000 0.5000 1 2 1 3 4 0.1212 26 23 49 3 1.1304 2 0 1.0833 1 0.0805 0.0712 1 1 22 19 0.8462 0.8261 1 1 0 0 0 0 2 0 0 0 0 0 1 0 4 0 3 0 2 4 4 3 6 5 1 5 1 6 1 6 1 5 1 0 
0 5 323 0 1 0 0 1 6 4 10 0 0.5000 0.5000 2 2 4 3 0.0909 26 29 55 3 1.1154 2 1 1.0833 1.0357 0.0805 0.0898 1 1 23 26 0.8846 0.8966 1 0 0 0 0 0 1 0 0 0 0 0 1 0 1 0 1 0 2 3 3 6 10 2 3 2 5 2 5 2 6 2 6 0 

0 6 324 1 0 0 1 0 0 28 28 28 28 56 1 2 3 28 0.8485 31 4 35 27 7.7500 0 0 1 1 0.0957 0.0123 1 0 3 -24.0000 0.0968 -6.0000 1 0 0 0 1 0 2 0 0 0 0 0 2 3 7 7 11 10 4 5 5 8 5 4 0 3 0 2 0 2 0 1 0 0 
0 6 324 0 1 0 1 0 0 0 0 0 0 0 1 1 2 8 0.2424 23 13 36 10 1.7692 0 0 1 1 0.0710 0.0401 1 1 15 5 0.6522 0.3846 1 0 0 0 0 0 1 0 0 1 0 0 1 0 3 0 2 1 2 3 5 6 6 1 1 2 1 2 1 2 1 1 1 0 
0 6 324 1 0 0 1 0 2 7 9 1 1 2 1 1 2 4 0.1212 24 26 50 2 1.0833 1 2 1.0435 1.0833 0.0741 0.0802 1 1 20 22 0.8333 0.8462 1 0 0 0 0 0 1 0 0 0 0 0 2 2 3 3 4 5 3 4 7 9 5 5 2 5 2 6 1 6 1 5 1 0 
0 6 324 0 1 0 1 0 4 4 8 0 3 3 1 1 2 18 0.5455 30 28 58 2 1.0714 2 0 1.0714 1 0.0926 0.0864 1 1 12 10 0.4000 0.3571 1 0 0 0 0 0 1 0 0 0 1 0 1 0 1 0 1 0 3 4 6 7 7 5 1 2 1 1 1 1 1 1 1 0 
1 6 325 1 0 0 1 0 29 28 57 28 28 56 1 2 3 24 0.7273 26 4 30 22 6.5000 11 0 1.7333 1 0.0802 0.0123 1 0 2 -20.0000 0.0769 -5.0000 1 0 0 0 1 0 2 0 0 0 0 0 2 3 4 8 10 10 4 5 5 8 5 0 6 0 4 0 2 0 1 0 0 0 

1 7 325 1 0 0 1 0 13 2 15 0 0 0 6 3 9 10 0.3030 27 25 52 2 1.0800 3 0 1.1250 1 0.0833 0.0772 1 1 17 15 0.6296 0.6000 1 0 0 0 1 0 1 0 1 1 0 0 2 2 4 2 4 8 4 5 7 8 9 2 1 2 1 2 1 4 2 3 1 0 
1 7 325 1 0 0 1 0 13 2 15 1 1 2 6 3 9 12 0.3636 27 25 52 2 1.0800 3 0 1.1250 1 0.0833 0.0772 1 1 15 13 0.5556 0.5200 1 0 1 0 1 0 1 1 1 0 0 1 2 2 4 2 4 9 3 4 6 9 12 2 1 4 2 3 1 3 1 4 2 0 
1 7 325 1 0 0 1 0 13 2 15 0 0 0 6 3 9 13 0.3939 27 25 52 2 1.0800 3 0 1.1250 1 0.0833 0.0772 1 1 14 12 0.5185 0.4800 1 0 1 0 0 0 1 1 0 1 1 1 2 2 4 3 3 9 3 5 7 8 8 4 2 3 1 3 1 4 2 5 2 0 
0 7 324 1 0 0 0 1 13 4 17 0 0 0 6 3 9 18 0.5455 27 31 58 4 1.1481 3 0 1.1250 1 0.0833 0.0957 1 1 9 13 0.3333 0.4194 1 0 1 0 1 0 1 1 1 0 1 1 2 2 4 2 4 2 4 7 10 10 11 2 5 2 5 2 5 2 6 3 6 0 
0 7 324 1 0 0 0 1 13 4 17 0 0 0 6 3 9 19 0.5758 27 31 58 4 1.1481 3 0 1.1250 1 0.0833 0.0957 1 1 8 12 0.2963 0.3871 1 0 2 0 0 0 1 2 0 0 0 1 2 2 4 2 4 2 3 7 10 11 11 2 5 2 5 2 6 3 6 3 4 0 
0 7 324 1 0 0 0 1 13 4 17 0 0 0 6 3 9 20 0.6061 27 31 58 4 1.1481 3 0 1.1250 1 0.0833 0.0957 1 1 7 11 0.2593 0.3548 1 0 1 0 1 0 1 1 1 0 0 0 2 2 4 2 4 2 4 6 8 12 12 2 5 2 6 3 6 3 4 3 4 0 

0 8 324 1 0 0 1 0 4 32 36 32 32 64 3 2 5 28 0.8485 31 4 35 27 7.7500 0 0 1 1 0.0957 0.0123 1 0 3 -24.0000 0.0968 -6.0000 1 0 0 0 1 0 2 0 0 0 0 1 2 3 7 7 11 9 4 5 5 8 5 4 0 3 0 2 0 2 0 1 0 0 
0 8 324 0 1 0 1 0 3 3 6 1.5000 1.5000 3 2 1 3 8 0.2424 23 13 36 10 1.7692 0 0 1 1 0.0710 0.0401 1 1 15 5 0.6522 0.3846 1 0 0 0 0 0 1 0 0 0 0 0 1 0 3 0 2 1 2 3 5 6 6 1 1 2 1 2 1 2 1 1 1 0 
0 8 324 1 0 0 1 0 14 13 27 12 12 24 2 1 3 16 0.4848 26 4 30 22 6.5000 2 0 1.0833 1 0.0802 0.0123 1 0 10 -12.0000 0.3846 -3.0000 1 0 0 0 0 1 1 0 1 0 0 0 2 2 4 2 5 10 3 4 5 7 9 4 0 3 0 3 0 2 0 2 0 0 
0 8 324 0 1 0 1 0 14 3 17 0 0 0 2 2 4 19 0.5758 26 23 49 3 1.1304 2 0 1.0833 1 0.0802 0.0710 1 1 7 4 0.2692 0.1739 1 0 0 0 0 1 1 0 1 0 0 0 1 0 2 2 5 3 2 5 6 6 8 1 2 1 2 1 2 1 2 2 2 0 
0 8 324 1 0 0 1 0 3 4 7 0 0 0 2 3 5 22 0.6667 26 31 57 5 1.1923 1 0 1.0400 1 0.0802 0.0957 1 1 4 9 0.1538 0.2903 1 0 1 0 0 0 1 1 0 0 1 0 2 2 6 3 5 6 3 7 8 11 11 3 2 4 2 4 1 3 1 3 2 0 
0 8 324 1 0 0 1 0 3 4 7 2 2 4 2 3 5 23 0.6970 26 31 57 5 1.1923 1 0 1.0400 1 0.0802 0.0957 1 1 3 8 0.1154 0.2581 1 0 1 0 0 0 1 1 0 1 0 2 2 2 7 3 6 8 4 6 12 10 8 4 2 4 1 3 1 3 2 4 1 0 
1 8 325 1 0 0 1 0 31 32 63 32 32 64 1 2 3 24 0.7273 26 4 30 22 6.5000 11 0 1.7333 1 0.0802 0.0123 1 0 2 -20.0000 0.0769 -5.0000 1 0 0 0 1 0 2 0 0 0 0 1 2 2 4 6 11 8 4 5 5 8 5 0 6 0 4 0 2 0 1 0 0 0 

0 9 324 1 0 0 1 0 4 33 37 33 33 66 2 2 4 28 0.8485 31 4 35 27 7.7500 0 0 1 1 0.0957 0.0123 1 0 3 -24.0000 0.0968 -6.0000 1 0 0 0 1 0 2 0 0 0 0 1 2 3 7 7 11 8 4 5 5 8 5 4 0 3 0 2 0 2 0 1 0 0 
0 9 324 0 1 0 1 0 3 3 6 1.5000 1.5000 3 2 1 3 8 0.2424 23 13 36 10 1.7692 0 0 1 1 0.0710 0.0401 1 1 15 5 0.6522 0.3846 1 0 0 0 0 0 1 0 0 0 0 0 1 0 3 0 2 1 2 3 5 6 6 1 1 2 1 2 1 2 1 1 1 0 
0 9 324 1 0 0 1 0 14 14 28 12.5000 12.5000 25 4 1 5 16 0.4848 27 4 31 23 6.7500 3 0 1.1250 1 0.0833 0.0123 1 0 11 -12.0000 0.4074 -3.0000 1 0 0 0 0 1 1 0 1 0 0 1 2 2 4 2 5 10 3 4 5 7 9 8 0 7 0 7 0 7 0 7 0 0 
0 9 324 0 1 0 1 0 14 3 17 0 0 0 4 2 6 19 0.5758 27 23 50 4 1.1739 3 0 1.1250 1 0.0833 0.0710 1 1 8 4 0.2963 0.1739 1 0 0 0 0 1 1 0 1 0 0 1 1 0 2 2 5 3 2 5 6 6 8 1 7 1 7 1 7 1 7 2 5 0 
1 9 325 1 0 0 1 0 33 33 66 33 33 66 1 2 3 24 0.7273 26 4 30 22 6.5000 11 0 1.7333 1 0.0802 0.0123 1 0 2 -20.0000 0.0769 -5.0000 1 0 0 0 1 0 2 0 0 0 0 1 2 2 4 5 12 8 4 5 5 8 5 0 6 0 4 0 2 0 1 0 0 0 
0 9 324 1 0 0 0 1 14 4 18 2 2 4 4 2 6 23 0.6970 27 31 58 4 1.1481 3 0 1.1250 1 0.0833 0.0957 1 1 4 8 0.1481 0.2581 1 0 1 0 0 0 1 1 0 1 0 2 2 2 7 3 7 7 4 6 12 10 8 4 5 4 4 3 3 3 3 4 2 0 
0 9 324 1 0 0 0 1 14 4 18 0 0 0 4 1 5 22 0.6667 27 34 61 7 1.2593 3 2 1.1250 1.0625 0.0833 0.1049 1 1 5 12 0.1852 0.3529 1 0 1 0 0 1 1 1 1 0 0 1 2 2 5 3 5 7 3 7 9 12 10 7 4 5 2 4 3 3 3 3 2 0 

0 10 324 1 0 1 0 0 6 6 12 1 1 2 1 2 3 17 0.5152 29 28 57 1 1.0357 1 0 1.0357 1 0.0895 0.0864 1 1 12 11 0.4138 0.3929 1 0 0 0 0 0 1 0 0 0 1 0 2 1 3 1 3 1 2 3 6 9 11 1 2 1 2 1 1 1 1 1 1 3 
0 10 324 1 0 1 0 0 35 35 70 35 35 70 1 2 3 15 0.4545 17 4 21 13 4.2500 2 0 1.1333 1 0.0525 0.0123 1 0 2 -11.0000 0.1176 -2.7500 1 0 0 0 0 0 2 0 0 0 0 0 2 2 4 4 3 5 4 5 5 8 5 0 5 0 2 0 1 0 1 0 0 8 
0 10 324 1 0 0 1 0 4 35 39 35 35 70 1 2 3 28 0.8485 31 4 35 27 7.7500 0 0 1 1 0.0957 0.0123 1 0 3 -24.0000 0.0968 -6.0000 1 0 0 0 0 0 2 0 0 0 0 0 2 3 7 7 10 11 4 5 5 8 5 4 0 3 0 2 0 2 0 1 0 0 
0 10 324 0 1 0 1 0 3 3 6 1.5000 1.5000 3 1 1 2 8 0.2424 23 13 36 10 1.7692 0 0 1 1 0.0710 0.0401 1 1 15 5 0.6522 0.3846 1 0 0 0 0 0 1 0 0 0 1 0 1 0 3 0 2 1 2 3 5 6 6 1 1 2 1 2 1 2 1 1 1 0 
0 10 324 0 1 0 1 0 16 6 22 0 1 1 2 2 4 3 0.0909 26 28 54 2 1.0769 2 0 1.0833 1 0.0802 0.0864 1 1 23 25 0.8846 0.8929 1 0 0 0 0 0 1 0 0 0 0 0 1 0 1 0 1 0 2 3 3 6 10 1 3 1 5 1 5 1 6 1 6 0 
1 10 325 0 1 0 1 0 16 3 19 1 2 3 2 1 3 4 0.1212 26 23 49 3 1.1304 2 0 1.0833 1 0.0802 0.0710 1 1 22 19 0.8462 0.8261 1 1 0 0 0 0 2 0 0 0 0 0 1 0 4 0 3 0 2 4 4 3 6 5 1 5 1 6 1 6 1 5 1 0 

