1 1 10 27 0 268 258 10 11 1 0 1 0 0 0 0 0 0 1 2 5 0.1852 10 3 0.0373 0.0112 1 0 5 -2.0000 0.5000 -0.6667 1 0 0 0 0 1 2 0 0 0 0 2 2 2 4 2 3 7 3 4 7 10 1 
0 1 8 27 0 268 258 10 11 1 0 1 0 0 0 0 0 0 5 2 20 0.7407 22 3 0.0821 0.0112 1 0 2 -17.0000 0.0909 -5.6667 1 0 0 0 0 0 2 0 0 0 0 2 2 2 4 3 5 12 3 4 7 10 1 
0 1 9 27 0 268 258 10 11 1 0 1 0 0 0 0 0 0 3 3 8 0.2963 14 18 0.0522 0.0672 1 1 6 10 0.4286 0.5556 3 0 1 1 0 2 3 3 1 0 0 0 3 0 9 5 8 9 3 6 9 10 1 
0 1 8 27 0 268 258 10 11 1 0 1 0 0 0 0 0 0 3 5 7 0.2593 14 22 0.0522 0.0821 1 1 7 15 0.5000 0.6818 1 0 3 1 0 0 2 3 1 1 0 0 2 0 10 4 10 3 3 6 8 9 1 
0 1 8 27 0 268 258 10 11 1 0 1 0 0 0 0 0 0 3 5 8 0.2963 14 22 0.0522 0.0821 1 1 6 14 0.4286 0.6364 3 0 1 1 0 2 3 3 1 0 0 0 3 0 9 5 8 9 3 6 9 10 1 
1 1 10 27 0 268 258 10 11 1 0 1 0 0 0 0 0 0 2 2 12 0.4444 14 15 0.0522 0.0560 1 1 2 3 0.1429 0.2000 1 0 1 0 1 3 1 4 2 0 0 0 2 1 6 7 6 18 3 5 7 11 1 
1 1 10 27 0 268 258 10 11 0 1 1 0 0 0 0 0 0 2 1 8 0.2963 10 17 0.0373 0.0634 1 1 2 9 0.2000 0.5294 1 0 0 0 0 1 1 0 1 0 0 2 1 0 2 2 3 3 2 3 4 4 1 
0 1 8 27 0 268 258 10 11 1 0 1 0 0 0 0 0 0 3 5 8 0.2963 18 22 0.0672 0.0821 1 1 10 14 0.5556 0.6364 3 0 1 1 0 2 3 3 1 0 0 0 3 0 9 5 8 9 3 6 9 10 1 
1 1 10 27 0 268 258 10 11 1 0 0 1 0 0 0 0 0 2 1 5 0.1852 10 5 0.0373 0.0187 1 0 5 0 0.5000 0 1 0 0 0 0 2 1 0 1 0 0 2 2 2 3 2 3 17 4 4 5 7 1 
1 1 10 27 0 268 258 10 11 0 1 0 1 0 0 0 0 0 2 3 10 0.3704 14 18 0.0522 0.0672 1 1 4 8 0.2857 0.4444 1 0 0 0 0 0 1 0 0 0 0 0 1 0 1 0 1 0 2 4 5 6 1 
1 1 10 27 0 268 258 10 11 0 1 0 0 1 0 0 0 0 2 5 11 0.4074 15 22 0.0560 0.0821 1 1 4 11 0.2667 0.5000 1 0 0 0 0 0 1 0 0 0 0 0 1 0 1 0 1 2 2 4 5 7 1 

1 2 7 27 1 268 259 9 8 1 0 1 0 0 0 1 1 1 1 2 5 0.1852 10 3 0.0373 0.0112 1 0 5 -2.0000 0.5000 -0.6667 1 0 0 0 0 1 2 0 0 0 0 2 2 2 4 2 3 7 3 4 7 10 1 
1 2 7 27 1 268 259 9 8 1 0 1 0 0 0 0 0 0 1 3 8 0.2963 14 18 0.0522 0.0672 1 1 6 10 0.4286 0.5556 1 1 0 1 0 1 2 2 0 0 0 0 2 2 7 7 7 10 3 6 9 10 1 
1 2 7 27 1 268 259 9 8 1 0 1 0 0 0 0 0 0 2 1 12 0.4444 14 15 0.0522 0.0560 1 1 2 3 0.1429 0.2000 1 0 0 0 2 1 1 2 1 0 0 0 2 1 7 3 10 16 3 5 7 11 1 
1 2 7 27 1 268 259 9 8 0 1 1 0 0 0 0 0 0 2 1 8 0.2963 10 17 0.0373 0.0634 1 1 2 9 0.2000 0.5294 1 0 0 0 0 1 1 0 1 0 0 2 1 0 2 2 3 3 2 3 4 4 1 
0 2 6 27 1 268 259 9 8 1 0 1 0 0 1 1 1 1 2 2 21 0.7778 23 3 0.0858 0.0112 1 0 2 -18.0000 0.0870 -6.0000 1 0 0 0 0 0 2 0 0 0 0 2 2 2 4 3 9 7 3 4 7 10 1 
1 2 7 27 1 268 259 9 8 1 0 0 1 0 0 0 0 0 2 1 5 0.1852 10 5 0.0373 0.0187 1 0 5 0 0.5000 0 1 0 0 0 0 2 1 0 1 0 0 2 2 2 3 2 3 17 4 4 5 7 1 
1 2 7 27 1 268 259 9 8 0 1 0 1 0 0 0 0 0 2 3 10 0.3704 14 18 0.0522 0.0672 1 1 4 8 0.2857 0.4444 1 0 0 0 0 0 1 0 0 0 0 0 1 0 1 0 1 0 2 4 5 6 1 
1 2 7 27 1 268 259 9 8 0 1 0 1 0 1 0 0 0 2 3 9 0.3333 23 18 0.0858 0.0672 1 1 14 9 0.6087 0.5000 1 1 0 0 0 0 2 0 0 0 0 0 1 2 1 1 1 2 2 4 4 4 1 

1 3 7 27 2 269 260 9 8 1 0 1 0 0 0 2 2 2 1 2 5 0.1852 10 3 0.0372 0.0112 1 0 5 -2.0000 0.5000 -0.6667 1 0 0 0 0 1 2 0 0 0 0 2 2 2 4 2 3 7 3 4 7 10 1 
1 3 7 27 2 269 260 9 8 1 0 1 0 0 0 0 0 0 1 3 8 0.2963 14 18 0.0520 0.0669 1 1 6 10 0.4286 0.5556 1 1 0 1 0 1 2 2 0 0 0 0 2 2 7 7 6 11 3 6 9 10 1 
1 3 7 27 2 269 260 9 8 1 0 1 0 0 0 0 0 0 2 1 12 0.4444 14 15 0.0520 0.0558 1 1 2 3 0.1429 0.2000 1 0 0 0 2 1 1 2 1 0 0 0 2 1 6 3 11 16 3 5 7 11 1 
1 3 7 27 2 269 260 9 8 0 1 1 0 0 0 0 0 0 2 1 8 0.2963 10 17 0.0372 0.0632 1 1 2 9 0.2000 0.5294 1 0 0 0 0 1 1 0 1 0 0 2 1 0 2 2 3 3 2 3 4 4 1 
1 3 7 27 2 269 260 9 8 1 0 0 1 0 0 0 0 0 2 1 5 0.1852 10 5 0.0372 0.0186 1 0 5 0 0.5000 0 1 0 0 0 0 2 1 0 1 0 0 2 2 2 3 2 3 17 4 4 5 7 1 
1 3 7 27 2 269 260 9 8 0 1 0 1 0 0 0 0 0 2 3 10 0.3704 14 18 0.0520 0.0669 1 1 4 8 0.2857 0.4444 1 0 0 0 0 0 1 0 0 0 0 0 1 0 1 0 1 0 2 4 5 6 1 
0 3 6 27 2 269 260 9 8 1 0 0 1 0 2 2 2 2 2 2 22 0.8148 24 3 0.0892 0.0112 1 0 2 -19.0000 0.0833 -6.3333 1 0 0 0 0 0 2 0 0 0 0 2 2 2 4 7 4 10 3 4 7 10 1 
1 3 7 27 2 269 260 9 8 0 1 0 1 0 2 0 0 0 2 3 9 0.3333 24 18 0.0892 0.0669 1 1 15 9 0.6250 0.5000 1 1 0 0 0 0 2 0 0 0 0 0 1 2 1 1 1 2 2 4 4 4 1 

1 4 8 27 3 269 260 9 9 1 0 1 0 0 0 3 3 3 1 1 5 0.1852 10 3 0.0372 0.0112 1 0 5 -2.0000 0.5000 -0.6667 1 0 0 0 0 1 1 0 0 0 0 2 2 2 4 2 3 7 3 4 7 10 1 
0 4 7 27 3 269 260 9 9 1 0 1 0 0 0 0 0 0 3 3 8 0.2963 14 18 0.0520 0.0669 1 1 6 10 0.4286 0.5556 3 0 1 1 0 1 3 3 0 0 0 0 3 0 9 5 8 9 3 6 9 10 1 
1 4 8 27 3 269 260 9 9 1 0 1 0 0 0 0 0 0 2 1 12 0.4444 14 15 0.0520 0.0558 1 1 2 3 0.1429 0.2000 1 0 0 0 1 3 1 3 2 0 0 0 2 1 6 7 6 18 3 5 7 11 1 
1 4 8 27 3 269 260 9 9 0 1 1 0 0 0 0 0 0 2 1 8 0.2963 10 17 0.0372 0.0632 1 1 2 9 0.2000 0.5294 1 0 0 0 0 1 1 0 1 0 0 1 1 0 2 2 3 3 2 3 4 4 1 
1 4 8 27 3 269 260 9 9 1 0 0 1 0 0 0 0 0 2 1 5 0.1852 10 5 0.0372 0.0186 1 0 5 0 0.5000 0 1 0 0 0 0 2 1 0 1 0 0 1 2 2 3 2 3 17 4 4 5 7 1 
1 4 8 27 3 269 260 9 9 0 1 0 1 0 0 0 0 0 2 3 10 0.3704 14 18 0.0520 0.0669 1 1 4 8 0.2857 0.4444 1 0 0 0 0 0 1 0 0 0 0 0 1 0 1 0 1 0 2 4 5 6 1 
0 4 7 27 3 269 260 9 9 1 0 0 1 0 3 0 0 0 3 3 7 0.2593 24 14 0.0892 0.0520 1 1 17 7 0.7083 0.5000 1 0 3 1 0 0 2 3 1 0 0 0 2 0 10 4 10 3 3 6 8 9 1 
0 4 7 27 3 269 260 9 9 1 0 0 1 0 3 0 0 0 3 3 8 0.2963 24 14 0.0892 0.0520 1 1 16 6 0.6667 0.4286 3 0 1 1 0 1 3 3 0 0 0 0 3 0 9 5 8 9 3 6 9 10 1 
1 4 8 27 3 269 260 9 9 1 0 0 1 0 3 0 0 0 3 3 8 0.2963 24 18 0.0892 0.0669 1 1 16 10 0.6667 0.5556 3 0 1 1 0 1 3 3 0 0 0 0 3 0 9 5 8 9 3 6 9 10 1 

0 5 7 27 4 269 261 8 8 1 0 1 0 0 0 3 3 3 1 1 5 0.1852 10 3 0.0372 0.0112 1 0 5 -2.0000 0.5000 -0.6667 1 0 0 0 0 1 1 0 0 0 0 2 2 2 4 2 3 7 3 4 7 10 1 
0 5 7 27 4 269 261 8 8 1 0 1 0 0 0 0 0 0 2 1 12 0.4444 14 15 0.0520 0.0558 1 1 2 3 0.1429 0.2000 1 0 0 1 1 1 2 1 2 0 0 0 2 1 6 7 11 13 3 5 7 11 1 
0 5 7 27 4 269 261 8 8 0 1 1 0 0 0 0 0 0 2 1 8 0.2963 10 17 0.0372 0.0632 1 1 2 9 0.2000 0.5294 1 0 0 0 0 1 1 0 1 0 0 1 1 0 2 2 3 3 2 3 4 4 1 
0 5 7 27 4 269 261 8 8 1 0 1 0 0 1 0 0 0 2 2 10 0.3704 19 14 0.0706 0.0520 1 1 9 4 0.4737 0.2857 1 0 1 2 1 0 2 2 1 0 0 0 2 0 4 9 11 12 3 6 8 9 1 
0 5 7 27 4 269 261 8 8 1 0 0 1 0 0 0 0 0 2 1 5 0.1852 10 5 0.0372 0.0186 1 0 5 0 0.5000 0 1 0 0 0 0 2 1 0 1 0 0 1 2 2 3 2 3 17 4 4 5 7 1 
0 5 7 27 4 269 261 8 8 1 0 0 1 0 3 1 0 0 3 2 7 0.2593 24 14 0.0892 0.0520 1 1 17 7 0.7083 0.5000 1 0 1 2 0 0 2 2 1 0 0 0 2 0 8 7 9 4 3 6 8 9 1 
0 5 7 27 4 269 261 8 8 1 0 0 1 0 3 1 1 1 3 2 8 0.2963 24 14 0.0892 0.0520 1 1 16 6 0.6667 0.4286 1 1 1 1 0 1 2 3 0 0 0 0 2 2 8 6 7 10 3 6 9 10 1 
1 5 8 27 4 269 261 8 8 0 1 0 0 1 1 3 0 1 2 3 9 0.3333 19 24 0.0706 0.0892 1 1 10 15 0.5263 0.6250 1 0 0 1 0 0 2 0 0 0 0 0 1 1 4 5 4 2 2 4 5 7 1 

0 6 6 27 5 269 265 4 7 1 0 1 0 0 0 0 0 0 2 1 12 0.4444 14 15 0.0520 0.0558 1 1 2 3 0.1429 0.2000 1 0 0 1 1 1 2 1 2 0 0 0 2 1 6 7 11 13 3 5 7 11 1 
0 6 6 27 5 269 265 4 7 0 1 1 0 0 0 0 0 0 2 1 8 0.2963 10 17 0.0372 0.0632 1 1 2 9 0.2000 0.5294 1 0 0 0 0 1 1 0 1 0 0 0 1 0 2 2 3 3 2 3 4 4 1 
0 6 6 27 5 269 265 4 7 1 0 1 0 0 1 0 0 0 2 2 10 0.3704 19 14 0.0706 0.0520 1 1 9 4 0.4737 0.2857 1 0 1 2 1 0 2 2 1 0 0 0 2 0 4 9 11 12 3 6 8 9 1 
0 6 6 27 5 269 265 4 7 1 0 0 1 0 0 0 0 0 2 1 5 0.1852 10 5 0.0372 0.0186 1 0 5 0 0.5000 0 1 0 0 0 0 1 1 0 1 0 0 0 2 2 3 2 4 16 4 4 5 7 1 
0 6 6 27 5 269 265 4 7 1 0 0 1 0 3 1 0 0 3 2 7 0.2593 24 14 0.0892 0.0520 1 1 17 7 0.7083 0.5000 1 0 1 2 0 0 2 2 1 0 0 0 2 0 8 7 9 4 3 6 8 9 1 
0 6 6 27 5 269 265 4 7 1 0 0 1 0 3 1 1 1 3 2 8 0.2963 24 14 0.0892 0.0520 1 1 16 6 0.6667 0.4286 1 1 1 1 0 1 2 3 0 0 0 0 2 2 8 6 7 10 3 6 9 10 1 
1 6 7 27 5 269 265 4 7 0 1 0 0 1 1 3 0 1 2 3 9 0.3333 19 24 0.0706 0.0892 1 1 10 15 0.5263 0.6250 1 0 0 1 0 0 2 0 0 0 0 0 1 1 4 5 4 2 2 4 5 7 1 

0 7 5 27 6 269 266 3 6 0 1 1 0 0 0 0 0 0 2 1 8 0.2963 10 17 0.0372 0.0632 1 1 2 9 0.2000 0.5294 1 0 0 0 0 1 1 0 1 0 0 0 1 0 2 2 3 3 2 3 4 4 1 
0 7 5 27 6 269 266 3 6 0 1 1 0 0 1 1 1 1 1 1 13 0.4815 15 15 0.0558 0.0558 1 1 2 2 0.1333 0.1333 1 0 0 0 1 1 3 1 0 0 0 0 1 0 2 3 9 9 2 5 7 8 1 
0 7 5 27 6 269 266 3 6 1 0 0 1 0 0 0 0 0 2 1 5 0.1852 10 5 0.0372 0.0186 1 0 5 0 0.5000 0 1 0 0 0 0 1 1 0 1 0 0 0 2 2 3 2 4 16 4 4 5 7 1 
0 7 5 27 6 269 266 3 6 1 0 0 1 0 3 1 0 0 3 2 7 0.2593 24 14 0.0892 0.0520 1 1 17 7 0.7083 0.5000 1 0 1 1 0 0 1 3 0 0 0 0 2 0 8 6 11 3 3 6 8 9 1 
0 7 5 27 6 269 266 3 6 1 0 0 1 0 3 1 1 1 3 2 8 0.2963 24 14 0.0892 0.0520 1 1 16 6 0.6667 0.4286 1 1 1 0 0 1 3 1 0 0 0 0 2 2 8 4 10 9 3 6 9 10 1 
1 7 6 27 6 269 266 3 6 0 1 0 0 1 1 3 1 1 1 3 9 0.3333 19 24 0.0706 0.0892 1 1 10 15 0.5263 0.6250 1 0 0 0 1 0 2 0 0 0 0 0 1 1 4 5 4 2 2 4 5 7 1 

0 8 4 27 7 269 267 2 5 0 1 1 0 0 1 1 1 1 1 1 13 0.4815 15 15 0.0558 0.0558 1 1 2 2 0.1333 0.1333 1 0 0 0 1 1 3 1 0 0 0 0 1 0 2 3 9 9 2 5 7 8 1 
0 8 4 27 7 269 267 2 5 1 0 1 0 0 1 1 0.5000 0.5000 1 1 8 0.2963 11 17 0.0409 0.0632 1 1 3 9 0.2727 0.5294 1 0 0 0 0 0 1 0 0 0 0 0 2 1 4 3 5 5 3 5 8 8 1 
0 8 4 27 7 269 267 2 5 1 0 0 1 0 3 1 0 0 3 2 7 0.2593 24 14 0.0892 0.0520 1 1 17 7 0.7083 0.5000 1 0 1 1 0 0 1 3 0 0 0 0 2 0 8 6 11 3 3 6 8 9 1 
0 8 4 27 7 269 267 2 5 1 0 0 1 0 3 1 1 1 3 2 8 0.2963 24 14 0.0892 0.0520 1 1 16 6 0.6667 0.4286 1 1 1 0 0 1 3 1 0 0 0 0 2 2 8 4 10 9 3 6 9 10 1 
1 8 5 27 7 269 267 2 5 0 1 0 0 1 1 3 1 1 1 3 9 0.3333 19 24 0.0706 0.0892 1 1 10 15 0.5263 0.6250 1 0 0 0 1 0 2 0 0 0 0 0 1 1 4 5 4 2 2 4 5 7 1 

0 9 3 27 8 269 268 1 4 1 0 1 0 0 1 1 0.5000 0.5000 1 1 8 0.2963 11 17 0.0409 0.0632 1 1 3 9 0.2727 0.5294 1 0 0 0 0 0 1 0 0 0 0 0 2 1 4 3 5 5 3 5 8 8 1 
0 9 3 27 8 269 268 1 4 1 0 0 1 0 3 1 0 0 3 2 7 0.2593 24 14 0.0892 0.0520 1 1 17 7 0.7083 0.5000 1 0 1 1 0 0 1 2 0 0 0 0 2 0 8 4 9 4 3 6 8 9 1 
0 9 3 27 8 269 268 1 4 1 0 0 1 0 3 1 1.5000 1.5000 3 2 8 0.2963 24 14 0.0892 0.0520 1 1 16 6 0.6667 0.4286 1 1 1 0 0 0 2 1 0 0 0 0 2 2 8 2 7 10 3 6 9 10 1 
1 9 4 27 8 269 268 1 4 0 1 0 0 1 1 3 1.5000 1.5000 1 3 9 0.3333 19 24 0.0706 0.0892 1 1 10 15 0.5263 0.6250 1 0 0 0 0 0 1 0 0 0 0 0 1 1 4 5 4 2 2 4 5 7 1 

0 10 2 27 9 269 269 0 3 1 0 0 1 0 3 1 0 0 3 2 7 0.2593 24 14 0.0892 0.0520 1 1 17 7 0.7083 0.5000 1 0 1 1 0 0 1 2 0 0 0 0 2 0 8 4 9 4 3 6 8 9 1 
0 10 2 27 9 269 269 0 3 1 0 0 1 0 3 1 1.5000 1.5000 3 2 8 0.2963 24 14 0.0892 0.0520 1 1 16 6 0.6667 0.4286 1 1 1 0 0 0 2 1 0 0 0 0 2 2 8 2 7 10 3 6 9 10 1 
1 10 3 27 9 269 269 0 3 0 1 0 0 1 1 3 1.5000 1.5000 1 3 9 0.3333 19 24 0.0706 0.0892 1 1 10 15 0.5263 0.6250 1 0 0 0 0 0 1 0 0 0 0 0 1 1 4 5 4 2 2 4 5 7 1 

1 11 4 27 9 271 269 2 4 0 1 1 0 0 2 2 0.5000 1.5000 1 1 9 0.3333 18 11 0.0664 0.0406 1 1 9 2 0.5000 0.1818 1 0 0 0 0 0 1 0 0 0 0 0 1 0 1 1 1 1 2 4 4 6 1 
0 11 3 27 9 271 269 2 4 1 0 0 1 0 4 2 1 1 3 2 7 0.2593 24 14 0.0886 0.0517 1 1 17 7 0.7083 0.5000 1 0 1 1 0 0 1 2 0 0 0 0 2 0 8 4 9 4 3 6 8 9 1 
0 11 3 27 9 271 269 2 4 1 0 0 1 0 4 2 1.5000 1.5000 3 2 8 0.2963 24 14 0.0886 0.0517 1 1 16 6 0.6667 0.4286 1 1 1 0 0 0 2 1 0 0 0 0 2 2 8 2 7 10 3 6 9 10 1 
1 11 4 27 9 271 269 2 4 0 1 0 0 1 1 4 1.5000 1.5000 1 3 9 0.3333 19 24 0.0701 0.0886 1 1 10 15 0.5263 0.6250 1 0 0 0 0 0 1 0 0 0 0 0 1 1 4 5 4 2 2 4 5 7 1 

0 12 4 27 8 270 268 2 5 1 0 1 0 0 2 2 1.5000 1.5000 1 1 8 0.2963 11 17 0.0407 0.0630 1 1 3 9 0.2727 0.5294 1 0 0 0 0 0 1 0 0 0 0 0 2 1 4 3 5 5 3 5 8 8 1 
0 12 4 27 8 270 268 2 5 1 0 1 0 0 2 2 1.5000 1.5000 1 1 13 0.4815 16 15 0.0593 0.0556 1 1 3 2 0.1875 0.1333 1 0 0 0 1 0 2 1 1 0 0 0 2 2 5 4 11 13 3 5 7 11 1 
0 12 4 27 8 270 268 2 5 1 0 0 1 0 4 2 1 1 3 2 7 0.2593 24 14 0.0889 0.0519 1 1 17 7 0.7083 0.5000 1 0 1 1 0 0 1 2 1 0 0 0 2 0 8 6 11 3 3 6 8 9 1 
0 12 4 27 8 270 268 2 5 1 0 0 1 0 4 2 1.5000 1.5000 3 2 8 0.2963 24 14 0.0889 0.0519 1 1 16 6 0.6667 0.4286 1 1 1 0 0 0 2 2 0 0 0 0 2 2 8 4 10 8 3 6 9 10 1 
1 12 5 27 8 270 268 2 5 0 1 0 0 1 1 4 1.5000 1.5000 1 3 9 0.3333 19 24 0.0704 0.0889 1 1 10 15 0.5263 0.6250 1 0 0 0 1 0 2 0 0 0 0 0 1 1 4 5 5 2 2 4 5 7 1 

0 13 5 27 7 269 267 2 6 0 1 1 0 0 2 2 1.5000 1.5000 1 1 13 0.4815 15 15 0.0558 0.0558 1 1 2 2 0.1333 0.1333 1 0 0 0 1 1 3 1 0 0 0 0 1 0 2 3 9 9 2 5 7 8 1 
0 13 5 27 7 269 267 2 6 1 0 1 0 0 2 2 0.5000 0.5000 1 2 8 0.2963 18 10 0.0669 0.0372 1 1 10 2 0.5556 0.2000 1 0 0 0 0 0 1 0 0 1 0 0 2 1 3 3 5 10 3 6 7 10 1 
0 13 5 27 7 269 267 2 6 1 0 0 1 0 2 0 0 0 2 1 5 0.1852 10 5 0.0372 0.0186 1 0 5 0 0.5000 0 1 0 0 0 0 0 1 0 0 1 0 0 2 2 3 2 4 14 4 4 5 7 1 
0 13 5 27 7 269 267 2 6 1 0 0 1 0 4 2 1 1 3 2 7 0.2593 24 14 0.0892 0.0520 1 1 17 7 0.7083 0.5000 1 0 1 1 0 0 1 3 0 0 0 0 2 0 8 6 11 3 3 6 8 9 1 
0 13 5 27 7 269 267 2 6 1 0 0 1 0 4 2 1.5000 1.5000 3 2 8 0.2963 24 14 0.0892 0.0520 1 1 16 6 0.6667 0.4286 1 1 1 0 0 1 3 1 0 0 0 0 2 2 8 4 10 9 3 6 9 10 1 
1 13 6 27 7 269 267 2 6 0 1 0 0 1 1 4 1.5000 1.5000 1 3 9 0.3333 19 24 0.0706 0.0892 1 1 10 15 0.5263 0.6250 1 0 0 0 1 0 2 0 0 0 0 0 1 1 4 5 4 2 2 4 5 7 1 

0 14 4 27 8 269 268 1 5 1 0 1 0 0 2 2 0.5000 0.5000 1 2 8 0.2963 18 10 0.0669 0.0372 1 1 10 2 0.5556 0.2000 1 0 0 0 0 0 1 0 0 1 0 0 2 1 3 3 5 10 3 6 7 10 1 
0 14 4 27 8 269 268 1 5 1 0 0 1 0 2 0 0 0 2 1 5 0.1852 10 5 0.0372 0.0186 1 0 5 0 0.5000 0 1 0 0 0 0 0 1 0 0 1 0 0 2 2 3 2 4 14 4 4 5 7 1 
0 14 4 27 8 269 268 1 5 1 0 0 1 0 4 2 1 1 3 2 7 0.2593 24 14 0.0892 0.0520 1 1 17 7 0.7083 0.5000 1 0 1 1 0 0 1 2 0 0 0 0 2 0 8 4 9 4 3 6 8 9 1 
0 14 4 27 8 269 268 1 5 1 0 0 1 0 4 2 2 2 3 2 8 0.2963 24 14 0.0892 0.0520 1 1 16 6 0.6667 0.4286 1 1 1 0 0 0 2 1 0 0 0 0 2 2 8 2 7 10 3 6 9 10 1 
1 14 5 27 8 269 268 1 5 0 1 0 0 1 1 4 2 2 1 3 9 0.3333 19 24 0.0706 0.0892 1 1 10 15 0.5263 0.6250 1 0 0 0 0 0 1 0 0 0 0 0 1 1 4 5 4 2 2 4 5 7 1 

1 15 4 27 9 271 269 2 4 0 1 1 0 0 3 3 1.5000 1.5000 1 1 9 0.3333 11 18 0.0406 0.0664 1 1 2 9 0.1818 0.5000 1 0 0 0 0 0 1 0 0 0 0 0 1 0 2 2 3 3 2 3 4 4 1 
0 15 3 27 9 271 269 2 4 1 0 0 1 0 4 2 1 1 3 2 7 0.2593 24 14 0.0886 0.0517 1 1 17 7 0.7083 0.5000 1 0 1 1 0 0 1 2 0 0 0 0 2 0 8 4 9 4 3 6 8 9 1 
0 15 3 27 9 271 269 2 4 1 0 0 1 0 4 2 2 2 3 2 8 0.2963 24 14 0.0886 0.0517 1 1 16 6 0.6667 0.4286 1 1 1 0 0 0 2 1 0 0 0 0 2 2 8 2 7 10 3 6 9 10 1 
1 15 4 27 9 271 269 2 4 0 1 0 0 1 1 4 2 2 1 3 9 0.3333 19 24 0.0701 0.0886 1 1 10 15 0.5263 0.6250 1 0 0 0 0 0 1 0 0 0 0 0 1 1 4 5 4 2 2 4 5 7 1 

0 16 3 27 9 269 269 0 4 1 0 0 1 0 3 0 0 0 1 1 5 0.1852 10 5 0.0372 0.0186 1 0 5 0 0.5000 0 1 0 0 0 0 0 1 0 0 0 0 0 2 2 3 2 4 14 4 4 5 7 1 
0 16 3 27 9 269 269 0 4 1 0 0 1 0 4 2 1 1 3 2 7 0.2593 24 14 0.0892 0.0520 1 1 17 7 0.7083 0.5000 1 0 1 1 0 0 1 2 0 0 0 0 2 0 8 4 9 4 3 6 8 9 1 
0 16 3 27 9 269 269 0 4 1 0 0 1 0 4 2 2 2 3 2 8 0.2963 24 14 0.0892 0.0520 1 1 16 6 0.6667 0.4286 1 1 1 0 0 0 2 1 0 0 0 0 2 2 8 2 7 10 3 6 9 10 1 
1 16 4 27 9 269 269 0 4 0 1 0 0 1 1 4 2 2 1 3 9 0.3333 19 24 0.0706 0.0892 1 1 10 15 0.5263 0.6250 1 0 0 0 0 0 1 0 0 0 0 0 1 1 4 5 4 2 2 4 5 7 1 

0 17 2 27 10 269 269 0 3 1 0 0 1 0 4 2 1 1 3 2 7 0.2593 24 14 0.0892 0.0520 1 1 17 7 0.7083 0.5000 1 0 1 1 0 0 1 2 0 0 0 0 2 0 8 4 9 4 3 6 8 9 1 
0 17 2 27 10 269 269 0 3 1 0 0 1 0 4 2 2 2 3 2 8 0.2963 24 14 0.0892 0.0520 1 1 16 6 0.6667 0.4286 1 1 1 0 0 0 2 1 0 0 0 0 2 2 8 2 7 10 3 6 9 10 1 
1 17 3 27 10 269 269 0 3 0 1 0 0 1 1 4 2 2 1 3 9 0.3333 19 24 0.0706 0.0892 1 1 10 15 0.5263 0.6250 1 0 0 0 0 0 1 0 0 0 0 0 1 1 4 5 4 2 2 4 5 7 1 

0 18 5 27 8 270 268 2 6 1 0 1 0 0 3 4 1.5000 1.5000 1 2 8 0.2963 18 10 0.0667 0.0370 1 1 10 2 0.5556 0.2000 1 0 0 0 0 0 1 0 0 1 0 0 2 1 3 3 5 10 3 6 7 10 1 
0 18 5 27 8 270 268 2 6 1 0 1 0 0 3 3 2 2 1 1 13 0.4815 16 15 0.0593 0.0556 1 1 3 2 0.1875 0.1333 1 0 0 0 1 0 2 1 1 0 0 0 2 2 5 4 11 13 3 5 7 11 1 
0 18 5 27 8 270 268 2 6 1 0 0 1 0 4 1 1 1 2 1 5 0.1852 10 5 0.0370 0.0185 1 0 5 0 0.5000 0 1 0 0 0 0 0 1 0 0 1 0 0 2 2 3 2 4 14 4 4 5 7 1 
0 18 5 27 8 270 268 2 6 1 0 0 1 0 5 3 2 2 3 2 7 0.2593 24 14 0.0889 0.0519 1 1 17 7 0.7083 0.5000 1 0 1 1 0 0 1 2 1 0 0 0 2 0 8 6 11 3 3 6 8 9 1 
0 18 5 27 8 270 268 2 6 1 0 0 1 0 5 3 2 2 3 2 8 0.2963 24 14 0.0889 0.0519 1 1 16 6 0.6667 0.4286 1 1 1 0 0 0 2 2 0 0 0 0 2 2 8 4 10 8 3 6 9 10 1 
1 18 6 27 8 270 268 2 6 0 1 0 0 1 1 5 2 2 1 3 9 0.3333 19 24 0.0704 0.0889 1 1 10 15 0.5263 0.6250 1 0 0 0 1 0 2 0 0 0 0 0 1 1 4 5 5 2 2 4 5 7 1 

0 19 6 27 6 270 266 4 7 0 1 1 0 0 4 3 1.5000 1.5000 2 1 8 0.2963 10 17 0.0370 0.0630 1 1 2 9 0.2000 0.5294 1 0 0 0 0 1 1 0 1 0 0 0 1 0 2 2 3 3 2 3 4 4 1 
0 19 6 27 6 270 266 4 7 1 0 1 0 0 1 3 2 2 2 2 10 0.3704 19 14 0.0704 0.0519 1 1 9 4 0.4737 0.2857 1 0 1 2 0 1 2 2 1 0 0 0 2 0 4 9 8 15 3 6 8 9 1 
0 19 6 27 6 270 266 4 7 0 1 1 0 0 3 3 0 2 1 2 13 0.4815 16 14 0.0593 0.0519 1 1 3 1 0.1875 0.0714 1 0 0 0 0 0 1 0 0 0 0 0 1 1 1 5 1 2 2 2 3 5 1 
0 19 6 27 6 270 266 4 7 1 0 0 1 0 4 1 1 1 2 1 5 0.1852 10 5 0.0370 0.0185 1 0 5 0 0.5000 0 1 0 0 0 0 1 1 0 1 0 0 0 2 2 3 2 4 16 4 4 5 7 1 
0 19 6 27 6 270 266 4 7 1 0 0 1 0 5 3 2 2 3 2 7 0.2593 24 14 0.0889 0.0519 1 1 17 7 0.7083 0.5000 1 0 1 2 0 0 2 2 1 0 0 0 2 0 8 7 9 4 3 6 8 9 1 
0 19 6 27 6 270 266 4 7 1 0 0 1 0 5 3 2 2 3 2 8 0.2963 24 14 0.0889 0.0519 1 1 16 6 0.6667 0.4286 1 1 1 1 0 0 2 3 0 0 0 0 2 2 8 6 7 8 3 6 9 10 1 
1 19 7 27 6 270 266 4 7 0 1 0 0 1 1 5 2 2 2 3 9 0.3333 19 24 0.0704 0.0889 1 1 10 15 0.5263 0.6250 1 0 0 0 1 0 2 0 0 0 0 0 1 1 4 4 6 2 2 4 5 7 1 

0 20 7 27 5 271 262 9 8 1 0 1 0 0 3 3 2 2 2 1 12 0.4444 14 15 0.0517 0.0554 1 1 2 3 0.1429 0.2000 1 0 0 1 1 1 2 1 2 0 0 0 2 1 6 7 11 13 3 5 7 11 1 
0 20 7 27 5 271 262 9 8 0 1 1 0 0 4 3 1.5000 1.5000 2 1 8 0.2963 10 17 0.0369 0.0627 1 1 2 9 0.2000 0.5294 1 0 0 0 0 1 1 0 1 0 0 1 1 0 2 2 3 3 2 3 4 4 1 
0 20 7 27 5 271 262 9 8 1 0 1 0 0 1 3 2 2 2 2 10 0.3704 19 14 0.0701 0.0517 1 1 9 4 0.4737 0.2857 1 0 1 2 1 0 2 2 1 0 0 0 2 0 4 9 11 12 3 6 8 9 1 
0 20 7 27 5 271 262 9 8 1 0 1 0 0 1 4 4 4 1 1 6 0.2222 11 3 0.0406 0.0111 1 0 5 -3.0000 0.4545 -1.0000 1 0 0 0 0 0 1 0 0 0 0 2 2 2 4 3 3 3 3 4 7 10 1 
0 20 7 27 5 271 262 9 8 1 0 0 1 0 4 1 1 1 2 1 5 0.1852 10 5 0.0369 0.0185 1 0 5 0 0.5000 0 1 0 0 0 0 1 1 0 1 0 0 1 2 2 3 2 4 16 4 4 5 7 1 
0 20 7 27 5 271 262 9 8 1 0 0 1 0 5 3 2 2 3 2 7 0.2593 24 14 0.0886 0.0517 1 1 17 7 0.7083 0.5000 1 0 1 2 0 0 2 2 1 0 0 0 2 0 8 7 9 4 3 6 8 9 1 
0 20 7 27 5 271 262 9 8 1 0 0 1 0 5 3 2 2 3 2 8 0.2963 24 14 0.0886 0.0517 1 1 16 6 0.6667 0.4286 1 1 1 1 0 1 2 3 0 0 0 0 2 2 8 6 7 10 3 6 9 10 1 
1 20 8 27 5 271 262 9 8 0 1 0 0 1 1 5 2 2 2 3 9 0.3333 19 24 0.0701 0.0886 1 1 10 15 0.5263 0.6250 1 0 0 1 0 0 2 0 0 0 0 0 1 1 4 5 4 2 2 4 5 7 1 

0 21 3 27 9 270 269 1 4 1 0 1 0 0 3 3 2 2 1 1 13 0.4815 16 15 0.0593 0.0556 1 1 3 2 0.1875 0.1333 1 0 0 0 1 0 2 1 1 0 0 0 2 2 5 4 11 13 3 5 7 11 1 
0 21 3 27 9 270 269 1 4 1 0 0 1 0 5 3 2 2 3 2 7 0.2593 24 14 0.0889 0.0519 1 1 17 7 0.7083 0.5000 1 0 1 1 0 0 1 2 1 0 0 0 2 0 8 6 11 3 3 6 8 9 1 
0 21 3 27 9 270 269 1 4 1 0 0 1 0 5 3 2 2 3 2 8 0.2963 24 14 0.0889 0.0519 1 1 16 6 0.6667 0.4286 1 1 1 0 0 0 2 2 0 0 0 0 2 2 8 4 10 8 3 6 9 10 1 
1 21 4 27 9 270 269 1 4 0 1 0 0 1 1 5 2 2 1 3 9 0.3333 19 24 0.0704 0.0889 1 1 10 15 0.5263 0.6250 1 0 0 0 1 0 2 0 0 0 0 0 1 1 4 5 5 2 2 4 5 7 1 

0 22 2 27 10 270 270 0 3 1 0 0 1 0 5 3 2 2 3 2 7 0.2593 24 14 0.0889 0.0519 1 1 17 7 0.7083 0.5000 1 0 1 1 0 0 1 2 0 0 0 0 2 0 8 4 9 4 3 6 8 9 1 
0 22 2 27 10 270 270 0 3 1 0 0 1 0 5 3 2 2 3 2 8 0.2963 24 14 0.0889 0.0519 1 1 16 6 0.6667 0.4286 1 1 1 0 0 0 2 1 0 0 0 0 2 2 8 2 7 9 3 6 9 10 1 
1 22 3 27 10 270 270 0 3 0 1 0 0 1 1 5 3 2 1 3 9 0.3333 19 24 0.0704 0.0889 1 1 10 15 0.5263 0.6250 1 0 0 0 0 0 1 0 0 0 0 0 1 1 4 5 5 2 2 4 5 7 1 

0 23 3 27 10 270 270 0 4 1 0 0 1 0 6 4 3 3 3 2 7 0.2593 24 14 0.0889 0.0519 1 1 17 7 0.7083 0.5000 1 0 1 1 0 0 1 2 1 0 0 0 2 0 8 6 11 3 3 6 8 9 1 
0 23 3 27 10 270 270 0 4 1 0 0 1 0 6 4 2 2 3 2 8 0.2963 24 14 0.0889 0.0519 1 1 16 6 0.6667 0.4286 1 1 1 0 0 0 2 2 0 0 0 0 2 2 8 4 10 3 3 6 9 10 1 
0 23 3 27 10 270 270 0 4 0 1 0 1 0 4 4 0 3 1 1 14 0.5185 17 15 0.0630 0.0556 1 1 3 1 0.1765 0.0667 1 0 0 0 0 0 1 0 0 0 0 0 1 1 1 1 6 3 2 2 3 5 1 
1 23 4 27 10 270 270 0 4 0 1 0 0 1 1 6 3 2 1 3 9 0.3333 19 24 0.0704 0.0889 1 1 10 15 0.5263 0.6250 1 0 0 0 0 1 2 0 0 0 0 0 1 1 4 1 8 3 2 4 5 7 1 

0 24 4 27 9 272 269 3 5 1 0 1 0 0 4 4 3 3 1 1 13 0.4815 16 15 0.0588 0.0551 1 1 3 2 0.1875 0.1333 1 0 0 0 1 0 2 1 1 0 0 0 2 2 5 4 11 13 3 5 7 11 1 
1 24 5 27 9 272 269 3 5 0 1 1 0 0 4 5 1.5000 2.5000 1 1 9 0.3333 18 11 0.0662 0.0404 1 1 9 2 0.5000 0.1818 1 0 0 0 0 0 1 0 0 0 0 0 1 0 1 1 1 1 2 4 4 6 1 
0 24 4 27 9 272 269 3 5 1 0 0 1 0 7 5 4 4 3 2 7 0.2593 24 14 0.0882 0.0515 1 1 17 7 0.7083 0.5000 1 0 1 1 0 0 1 2 1 0 0 0 2 0 8 6 11 3 3 6 8 9 1 
0 24 4 27 9 272 269 3 5 1 0 0 1 0 7 5 2 2 3 2 8 0.2963 24 14 0.0882 0.0515 1 1 16 6 0.6667 0.4286 1 1 1 0 0 0 2 2 0 0 0 0 2 2 8 4 10 8 3 6 9 10 1 
1 24 5 27 9 272 269 3 5 0 1 0 0 1 1 7 3 2 1 3 9 0.3333 19 24 0.0699 0.0882 1 1 10 15 0.5263 0.6250 1 0 0 0 1 0 2 0 0 0 0 0 1 1 4 5 5 2 2 4 5 7 1 

0 25 1 27 12 270 270 0 2 1 0 0 1 0 8 4 4 4 2 1 23 0.8519 25 7 0.0926 0.0259 1 0 2 -16.0000 0.0800 -2.2857 1 0 0 0 0 0 1 0 0 0 0 0 2 2 6 4 6 8 3 4 7 10 1 
1 25 2 27 12 270 270 0 2 0 1 0 1 0 8 1 4 2 2 1 10 0.3704 25 19 0.0926 0.0704 1 1 15 9 0.6000 0.4737 1 0 0 0 0 0 1 0 0 0 0 0 1 0 1 0 1 1 2 4 4 4 1 

0 26 1 27 11 270 270 0 2 1 0 0 1 0 10 5 5 5 2 1 23 0.8519 25 7 0.0926 0.0259 1 0 2 -16.0000 0.0800 -2.2857 1 0 0 0 0 0 1 0 0 0 0 0 2 2 6 4 6 8 3 4 7 10 1 
1 26 2 27 11 270 270 0 2 0 1 0 1 0 10 1 4 2 2 1 10 0.3704 25 19 0.0926 0.0704 1 1 15 9 0.6000 0.4737 1 0 0 0 0 0 1 0 0 0 0 0 1 0 1 0 1 1 2 4 4 4 1 

0 27 4 27 9 272 269 3 5 1 0 1 0 0 4 4 3 3 1 1 13 0.4815 16 15 0.0588 0.0551 1 1 3 2 0.1875 0.1333 1 0 0 0 1 0 2 1 1 0 0 0 2 2 5 4 11 13 3 5 7 11 1 
1 27 5 27 9 272 269 3 5 0 1 1 0 0 6 5 2.5000 2.5000 1 1 9 0.3333 11 18 0.0404 0.0662 1 1 2 9 0.1818 0.5000 1 0 0 0 0 0 1 0 0 0 0 0 1 0 2 2 3 3 2 3 4 4 1 
0 27 4 27 9 272 269 3 5 1 0 0 1 0 11 5 4 4 3 2 7 0.2593 24 14 0.0882 0.0515 1 1 17 7 0.7083 0.5000 1 0 1 1 0 0 1 2 1 0 0 0 2 0 8 6 11 3 3 6 8 9 1 
0 27 4 27 9 272 269 3 5 1 0 0 1 0 11 5 2 2 3 2 8 0.2963 24 14 0.0882 0.0515 1 1 16 6 0.6667 0.4286 1 1 1 0 0 0 2 2 0 0 0 0 2 2 8 4 10 8 3 6 9 10 1 
1 27 5 27 9 272 269 3 5 0 1 0 0 1 1 11 3 2 1 3 9 0.3333 19 24 0.0699 0.0882 1 1 10 15 0.5263 0.6250 1 0 0 0 1 0 2 0 0 0 0 0 1 1 4 5 5 2 2 4 5 7 1 

0 28 4 27 9 270 269 1 5 1 0 1 0 0 4 4 3 3 1 1 13 0.4815 16 15 0.0593 0.0556 1 1 3 2 0.1875 0.1333 1 0 0 0 1 0 2 1 1 0 0 0 2 2 5 4 11 13 3 5 7 11 1 
0 28 4 27 9 270 269 1 5 1 0 0 1 0 6 1 1 1 1 1 5 0.1852 10 5 0.0370 0.0185 1 0 5 0 0.5000 0 1 0 0 0 0 0 1 0 0 0 0 0 2 2 3 2 4 14 4 4 5 7 1 
0 28 4 27 9 270 269 1 5 1 0 0 1 0 11 5 4 4 3 2 7 0.2593 24 14 0.0889 0.0519 1 1 17 7 0.7083 0.5000 1 0 1 1 0 0 1 2 1 0 0 0 2 0 8 6 11 3 3 6 8 9 1 
0 28 4 27 9 270 269 1 5 1 0 0 1 0 11 5 2 2 3 2 8 0.2963 24 14 0.0889 0.0519 1 1 16 6 0.6667 0.4286 1 1 1 0 0 0 2 2 0 0 0 0 2 2 8 4 10 8 3 6 9 10 1 
1 28 5 27 9 270 269 1 5 0 1 0 0 1 1 11 3 2 1 3 9 0.3333 19 24 0.0704 0.0889 1 1 10 15 0.5263 0.6250 1 0 0 0 1 0 2 0 0 0 0 0 1 1 4 5 5 2 2 4 5 7 1 

0 29 3 27 10 270 270 0 4 1 0 0 1 0 6 1 1 1 1 1 5 0.1852 10 5 0.0370 0.0185 1 0 5 0 0.5000 0 1 0 0 0 0 0 1 0 0 0 0 0 2 2 3 2 4 14 4 4 5 7 1 
0 29 3 27 10 270 270 0 4 1 0 0 1 0 11 5 4 4 3 2 7 0.2593 24 14 0.0889 0.0519 1 1 17 7 0.7083 0.5000 1 0 1 1 0 0 1 2 0 0 0 0 2 0 8 4 9 4 3 6 8 9 1 
0 29 3 27 10 270 270 0 4 1 0 0 1 0 11 5 2 2 3 2 8 0.2963 24 14 0.0889 0.0519 1 1 16 6 0.6667 0.4286 1 1 1 0 0 0 2 1 0 0 0 0 2 2 8 2 7 9 3 6 9 10 1 
1 29 4 27 10 270 270 0 4 0 1 0 0 1 1 11 4 2 1 3 9 0.3333 19 24 0.0704 0.0889 1 1 10 15 0.5263 0.6250 1 0 0 0 0 0 1 0 0 0 0 0 1 1 4 5 5 2 2 4 5 7 1 

0 30 2 27 11 270 270 0 3 1 0 0 1 0 11 5 4 4 3 2 7 0.2593 24 14 0.0889 0.0519 1 1 17 7 0.7083 0.5000 1 0 1 1 0 0 1 2 0 0 0 0 2 0 8 4 9 4 3 6 8 9 1 
0 30 2 27 11 270 270 0 3 1 0 0 1 0 11 5 2 2 3 2 8 0.2963 24 14 0.0889 0.0519 1 1 16 6 0.6667 0.4286 1 1 1 0 0 0 2 1 0 0 0 0 2 2 8 2 7 9 3 6 9 10 1 
1 30 3 27 11 270 270 0 3 0 1 0 0 1 1 11 4 2 1 3 9 0.3333 19 24 0.0704 0.0889 1 1 10 15 0.5263 0.6250 1 0 0 0 0 0 1 0 0 0 0 0 1 1 4 5 5 2 2 4 5 7 1 

0 31 4 27 10 270 270 0 5 1 0 0 1 0 7 2 2 2 1 1 5 0.1852 10 5 0.0370 0.0185 1 0 5 0 0.5000 0 1 0 0 0 0 0 1 0 0 0 0 0 2 2 3 2 9 9 4 4 5 7 1 
0 31 4 27 10 270 270 0 5 1 0 0 1 0 12 6 5 5 3 2 7 0.2593 24 14 0.0889 0.0519 1 1 17 7 0.7083 0.5000 1 0 1 1 0 0 1 2 1 0 0 0 2 0 8 6 11 3 3 6 8 9 1 
0 31 4 27 10 270 270 0 5 1 0 0 1 0 12 6 2 2 3 2 8 0.2963 24 14 0.0889 0.0519 1 1 16 6 0.6667 0.4286 1 1 1 0 0 0 2 2 0 0 0 0 2 2 8 4 10 3 3 6 9 10 1 
0 31 4 27 10 270 270 0 5 0 1 0 1 0 5 5 0 4 1 1 14 0.5185 17 15 0.0630 0.0556 1 1 3 1 0.1765 0.0667 1 0 0 0 0 0 1 0 0 0 0 0 1 1 1 1 6 3 2 2 3 5 1 
1 31 5 27 10 270 270 0 5 0 1 0 0 1 1 12 4 2 1 3 9 0.3333 19 24 0.0704 0.0889 1 1 10 15 0.5263 0.6250 1 0 0 0 0 1 2 0 0 0 0 0 1 1 4 1 8 3 2 4 5 7 1 

0 32 3 27 11 270 270 0 4 1 0 0 1 0 12 6 5 5 3 2 7 0.2593 24 14 0.0889 0.0519 1 1 17 7 0.7083 0.5000 1 0 1 1 0 0 1 2 1 0 0 0 2 0 8 6 11 3 3 6 8 9 1 
0 32 3 27 11 270 270 0 4 1 0 0 1 0 12 6 2 2 3 2 8 0.2963 24 14 0.0889 0.0519 1 1 16 6 0.6667 0.4286 1 1 1 0 0 0 2 2 0 0 0 0 2 2 8 4 10 3 3 6 9 10 1 
0 32 3 27 11 270 270 0 4 0 1 0 1 0 5 5 0 4 1 1 14 0.5185 17 15 0.0630 0.0556 1 1 3 1 0.1765 0.0667 1 0 0 0 0 0 1 0 0 0 0 0 1 1 1 1 6 3 2 2 3 5 1 
1 32 4 27 11 270 270 0 4 0 1 0 0 1 1 12 4 2 1 3 9 0.3333 19 24 0.0704 0.0889 1 1 10 15 0.5263 0.6250 1 0 0 0 0 1 2 0 0 0 0 0 1 1 4 1 8 3 2 4 5 7 1 

0 33 3 27 12 271 270 1 7 1 0 1 0 0 13 2 2 2 6 6 2 0.0741 24 9 0.0886 0.0332 1 1 22 7 0.9167 0.7778 1 0 1 0 1 0 1 1 1 1 1 1 2 2 4 2 7 2 4 7 7 8 1 
0 33 3 27 12 271 270 1 7 1 0 1 0 0 13 2 0 0 6 6 3 0.1111 24 9 0.0886 0.0332 1 1 21 6 0.8750 0.6667 1 0 2 0 1 0 1 2 1 1 1 0 2 2 4 2 10 2 3 5 8 10 1 
0 33 3 27 12 271 270 1 7 1 0 1 0 0 13 2 0 0 6 6 4 0.1481 24 9 0.0886 0.0332 1 1 20 5 0.8333 0.5556 1 0 2 0 2 0 1 2 2 1 0 0 2 2 5 2 11 2 2 4 7 10 1 
0 33 3 27 12 271 270 1 7 1 0 1 0 0 13 2 0 0 6 6 5 0.1852 24 9 0.0886 0.0332 1 1 19 4 0.7917 0.4444 1 0 2 0 2 0 1 2 2 1 0 0 2 2 6 2 11 2 3 4 6 11 1 
0 33 3 27 12 271 270 1 7 1 0 1 0 0 13 2 0 0 6 6 6 0.2222 24 9 0.0886 0.0332 1 1 18 3 0.7500 0.3333 1 0 2 0 1 0 1 2 1 1 1 1 2 1 7 2 8 4 3 5 8 10 1 
0 33 3 27 12 271 270 1 7 1 0 1 0 0 13 2 0 0 6 6 7 0.2593 24 9 0.0886 0.0332 1 1 17 2 0.7083 0.2222 1 0 1 0 1 0 1 1 1 1 1 1 2 0 4 3 10 13 3 6 9 10 1 
1 33 6 27 12 271 270 1 7 0 1 0 1 0 5 5 0 4 1 1 14 0.5185 17 15 0.0627 0.0554 1 1 3 1 0.1765 0.0667 1 0 0 0 0 0 1 0 0 0 0 0 1 1 1 1 4 3 2 2 3 5 1 

0 34 5 27 7 270 267 3 6 1 0 1 0 0 1 5 6 6 2 2 10 0.3704 19 14 0.0704 0.0519 1 1 9 4 0.4737 0.2857 1 0 1 2 0 1 2 2 1 0 0 0 2 0 4 9 8 15 3 6 8 9 1 
0 34 5 27 7 270 267 3 6 0 1 1 0 0 5 5 0 4 1 2 13 0.4815 16 14 0.0593 0.0519 1 1 3 1 0.1875 0.0714 1 0 0 0 0 0 1 0 0 0 0 0 1 1 1 5 1 2 2 2 3 5 1 
0 34 5 27 7 270 267 3 6 1 0 1 0 0 9 6 3 3 1 1 8 0.2963 11 17 0.0407 0.0630 1 1 3 9 0.2727 0.5294 1 0 0 0 0 0 1 0 0 0 0 0 2 1 4 3 5 5 3 5 8 8 1 
0 34 5 27 7 270 267 3 6 1 0 0 1 0 13 7 6 6 3 2 7 0.2593 24 14 0.0889 0.0519 1 1 17 7 0.7083 0.5000 1 0 1 2 0 0 2 2 1 0 0 0 2 0 8 7 9 4 3 6 8 9 1 
0 34 5 27 7 270 267 3 6 1 0 0 1 0 13 7 2 2 3 2 8 0.2963 24 14 0.0889 0.0519 1 1 16 6 0.6667 0.4286 1 1 1 1 0 0 2 3 0 0 0 0 2 2 8 6 7 8 3 6 9 10 1 
1 34 6 27 7 270 267 3 6 0 1 0 0 1 1 13 4 2 2 3 9 0.3333 19 24 0.0704 0.0889 1 1 10 15 0.5263 0.6250 1 0 0 0 1 0 2 0 0 0 0 0 1 1 4 4 6 2 2 4 5 7 1 

0 35 4 27 8 270 268 2 5 1 0 1 0 0 9 6 3 3 1 1 8 0.2963 11 17 0.0407 0.0630 1 1 3 9 0.2727 0.5294 1 0 0 0 0 0 1 0 0 0 0 0 2 1 4 3 5 5 3 5 8 8 1 
0 35 4 27 8 270 268 2 5 1 0 1 0 0 6 5 4 4 1 1 13 0.4815 15 16 0.0556 0.0593 1 1 2 3 0.1333 0.1875 1 0 0 0 1 0 2 1 1 0 0 0 2 1 6 4 11 13 3 5 7 11 1 
0 35 4 27 8 270 268 2 5 1 0 0 1 0 13 7 7 7 3 2 7 0.2593 24 14 0.0889 0.0519 1 1 17 7 0.7083 0.5000 1 0 1 1 0 0 1 2 1 0 0 0 2 0 8 6 11 3 3 6 8 9 1 
0 35 4 27 8 270 268 2 5 1 0 0 1 0 13 7 2 2 3 2 8 0.2963 24 14 0.0889 0.0519 1 1 16 6 0.6667 0.4286 1 1 1 0 0 0 2 2 0 0 0 0 2 2 8 4 10 7 3 6 9 10 1 
1 35 5 27 8 270 268 2 5 0 1 0 0 1 2 13 4 2 1 3 9 0.3333 19 24 0.0704 0.0889 1 1 10 15 0.5263 0.6250 1 0 0 0 1 0 2 0 0 0 0 0 1 1 4 4 6 2 2 4 5 7 1 

0 36 3 27 9 270 269 1 4 1 0 1 0 0 6 5 4 4 1 1 13 0.4815 15 16 0.0556 0.0593 1 1 2 3 0.1333 0.1875 1 0 0 0 1 0 2 1 1 0 0 0 2 1 6 4 11 13 3 5 7 11 1 
0 36 3 27 9 270 269 1 4 1 0 0 1 0 13 7 7 7 3 2 7 0.2593 24 14 0.0889 0.0519 1 1 17 7 0.7083 0.5000 1 0 1 1 0 0 1 2 1 0 0 0 2 0 8 6 11 3 3 6 8 9 1 
0 36 3 27 9 270 269 1 4 1 0 0 1 0 13 7 2 2 3 2 8 0.2963 24 14 0.0889 0.0519 1 1 16 6 0.6667 0.4286 1 1 1 0 0 0 2 2 0 0 0 0 2 2 8 4 10 7 3 6 9 10 1 
1 36 4 27 9 270 269 1 4 0 1 0 0 1 2 13 4 2 1 3 9 0.3333 19 24 0.0704 0.0889 1 1 10 15 0.5263 0.6250 1 0 0 0 1 0 2 0 0 0 0 0 1 1 4 4 6 2 2 4 5 7 1 

0 37 2 27 10 270 270 0 3 1 0 0 1 0 13 7 7 7 3 2 7 0.2593 24 14 0.0889 0.0519 1 1 17 7 0.7083 0.5000 1 0 1 1 0 0 1 2 0 0 0 0 2 0 8 4 9 4 3 6 8 9 1 
0 37 2 27 10 270 270 0 3 1 0 0 1 0 13 7 2 2 3 2 8 0.2963 24 14 0.0889 0.0519 1 1 16 6 0.6667 0.4286 1 1 1 0 0 0 2 1 0 0 0 0 2 2 8 2 7 8 3 6 9 10 1 
1 37 3 27 10 270 270 0 3 0 1 0 0 1 2 13 5 2 1 3 9 0.3333 19 24 0.0704 0.0889 1 1 10 15 0.5263 0.6250 1 0 0 0 0 0 1 0 0 0 0 0 1 1 4 4 6 2 2 4 5 7 1 

0 38 3 27 10 271 270 1 4 0 1 1 0 0 6 7 0 5 1 1 14 0.5185 17 15 0.0627 0.0554 1 1 3 1 0.1765 0.0667 1 0 0 0 0 0 1 0 0 0 0 0 1 1 1 1 6 3 2 2 3 5 1 
0 38 3 27 10 271 270 1 4 1 0 0 1 0 14 8 8 8 3 2 7 0.2593 24 14 0.0886 0.0517 1 1 17 7 0.7083 0.5000 1 0 1 1 0 0 1 2 1 0 0 0 2 0 8 6 11 3 3 6 8 9 1 
0 38 3 27 10 271 270 1 4 1 0 0 1 0 14 8 2 2 3 2 8 0.2963 24 14 0.0886 0.0517 1 1 16 6 0.6667 0.4286 1 1 1 0 0 0 2 2 0 0 0 0 2 2 8 4 10 3 3 6 9 10 1 
1 38 4 27 10 271 270 1 4 0 1 0 0 1 2 14 5 2 1 3 9 0.3333 19 24 0.0701 0.0886 1 1 10 15 0.5263 0.6250 1 0 0 0 0 1 2 0 0 0 0 0 1 1 4 1 8 3 2 4 5 7 1 

0 39 4 27 9 272 269 3 5 1 0 1 0 0 7 6 5 5 1 1 13 0.4815 15 16 0.0551 0.0588 1 1 2 3 0.1333 0.1875 1 0 0 0 1 0 2 1 1 0 0 0 2 1 6 4 11 13 3 5 7 11 1 
1 39 5 27 9 272 269 3 5 0 1 1 0 0 7 10 3 4 1 1 9 0.3333 18 11 0.0662 0.0404 1 1 9 2 0.5000 0.1818 1 0 0 0 0 0 1 0 0 0 0 0 1 0 1 1 1 1 2 4 4 6 1 
0 39 4 27 9 272 269 3 5 1 0 0 1 0 14 8 8 8 3 2 7 0.2593 24 14 0.0882 0.0515 1 1 17 7 0.7083 0.5000 1 0 1 1 0 0 1 2 1 0 0 0 2 0 8 6 11 3 3 6 8 9 1 
0 39 4 27 9 272 269 3 5 1 0 0 1 0 14 8 2 2 3 2 8 0.2963 24 14 0.0882 0.0515 1 1 16 6 0.6667 0.4286 1 1 1 0 0 0 2 2 0 0 0 0 2 2 8 4 10 7 3 6 9 10 1 
1 39 5 27 9 272 269 3 5 0 1 0 0 1 2 14 5 2 1 3 9 0.3333 19 24 0.0699 0.0882 1 1 10 15 0.5263 0.6250 1 0 0 0 1 0 2 0 0 0 0 0 1 1 4 4 6 2 2 4 5 7 1 

1 40 6 27 8 271 268 3 6 0 1 1 0 0 6 7 0 5 1 2 13 0.4815 16 14 0.0590 0.0517 1 1 3 1 0.1875 0.0714 1 0 0 0 0 0 1 0 0 0 0 0 1 1 1 5 1 2 2 2 3 5 1 
0 40 5 27 8 271 268 3 6 1 0 1 0 0 10 7 4 4 1 1 8 0.2963 11 17 0.0406 0.0627 1 1 3 9 0.2727 0.5294 1 0 0 0 0 0 1 0 0 0 0 0 2 1 4 3 5 5 3 5 8 8 1 
0 40 5 27 8 271 268 3 6 0 1 1 0 0 2 7 2 8 2 2 11 0.4074 20 14 0.0738 0.0517 1 1 9 3 0.4500 0.2143 1 0 1 2 0 0 3 1 0 0 0 0 1 0 3 13 4 7 2 4 5 6 1 
0 40 5 27 8 271 268 3 6 1 0 0 1 0 14 8 8 8 3 2 7 0.2593 24 14 0.0886 0.0517 1 1 17 7 0.7083 0.5000 1 0 1 1 1 0 2 2 1 0 0 0 2 0 7 7 10 4 3 6 8 9 1 
0 40 5 27 8 271 268 3 6 1 0 0 1 0 14 8 2 2 3 2 8 0.2963 24 14 0.0886 0.0517 1 1 16 6 0.6667 0.4286 1 1 1 1 0 0 3 2 0 0 0 0 2 2 8 6 7 8 3 6 9 10 1 
1 40 6 27 8 271 268 3 6 0 1 0 0 1 2 14 5 2 2 3 9 0.3333 20 24 0.0738 0.0886 1 1 11 15 0.5500 0.6250 1 0 0 0 1 0 2 0 0 0 0 0 1 1 4 4 6 2 2 4 5 7 1 

0 41 6 27 7 270 267 3 7 1 0 1 0 0 2 7 8 8 2 2 10 0.3704 19 14 0.0704 0.0519 1 1 9 4 0.4737 0.2857 1 0 1 2 0 1 2 2 1 0 0 0 2 0 4 9 8 15 3 6 8 9 1 
0 41 6 27 7 270 267 3 7 0 1 1 0 0 6 7 0 5 1 2 13 0.4815 16 14 0.0593 0.0519 1 1 3 1 0.1875 0.0714 1 0 0 0 0 0 1 0 0 0 0 0 1 1 1 5 1 2 2 2 3 5 1 
0 41 6 27 7 270 267 3 7 1 0 1 0 0 7 10 3 3 1 2 8 0.2963 18 10 0.0667 0.0370 1 1 10 2 0.5556 0.2000 1 0 0 0 0 0 1 0 0 1 0 0 2 1 3 3 5 10 3 6 7 10 1 
0 41 6 27 7 270 267 3 7 1 0 0 1 0 10 3 3 3 2 1 5 0.1852 10 5 0.0370 0.0185 1 0 5 0 0.5000 0 1 0 0 0 0 0 1 0 0 1 0 0 2 2 3 2 4 14 4 4 5 7 1 
0 41 6 27 7 270 267 3 7 1 0 0 1 0 14 8 8 8 3 2 7 0.2593 24 14 0.0889 0.0519 1 1 17 7 0.7083 0.5000 1 0 1 2 0 0 2 2 1 0 0 0 2 0 8 7 9 4 3 6 8 9 1 
0 41 6 27 7 270 267 3 7 1 0 0 1 0 14 8 2 2 3 2 8 0.2963 24 14 0.0889 0.0519 1 1 16 6 0.6667 0.4286 1 1 1 1 0 0 2 3 0 0 0 0 2 2 8 6 7 8 3 6 9 10 1 
1 41 7 27 7 270 267 3 7 0 1 0 0 1 2 14 5 2 2 3 9 0.3333 19 24 0.0704 0.0889 1 1 10 15 0.5263 0.6250 1 0 0 0 1 0 2 0 0 0 0 0 1 1 4 4 6 2 2 4 5 7 1 

0 42 5 27 8 270 268 2 6 1 0 1 0 0 7 10 3 3 1 2 8 0.2963 18 10 0.0667 0.0370 1 1 10 2 0.5556 0.2000 1 0 0 0 0 0 1 0 0 1 0 0 2 1 3 3 5 10 3 6 7 10 1 
0 42 5 27 8 270 268 2 6 1 0 1 0 0 8 6 5 5 1 1 13 0.4815 15 16 0.0556 0.0593 1 1 2 3 0.1333 0.1875 1 0 0 0 1 0 2 1 1 0 0 0 2 1 6 4 11 13 3 5 7 11 1 
0 42 5 27 8 270 268 2 6 1 0 0 1 0 10 3 3 3 2 1 5 0.1852 10 5 0.0370 0.0185 1 0 5 0 0.5000 0 1 0 0 0 0 0 1 0 0 1 0 0 2 2 3 2 4 14 4 4 5 7 1 
0 42 5 27 8 270 268 2 6 1 0 0 1 0 14 8 9 9 3 2 7 0.2593 24 14 0.0889 0.0519 1 1 17 7 0.7083 0.5000 1 0 1 1 0 0 1 2 1 0 0 0 2 0 8 6 11 3 3 6 8 9 1 
0 42 5 27 8 270 268 2 6 1 0 0 1 0 14 8 2 2 3 2 8 0.2963 24 14 0.0889 0.0519 1 1 16 6 0.6667 0.4286 1 1 1 0 0 0 2 2 0 0 0 0 2 2 8 4 10 7 3 6 9 10 1 
1 42 6 27 8 270 268 2 6 0 1 0 0 1 3 14 5 2 1 3 9 0.3333 19 24 0.0704 0.0889 1 1 10 15 0.5263 0.6250 1 0 0 0 1 0 2 0 0 0 0 0 1 1 4 4 6 2 2 4 5 7 1 

0 43 4 27 9 272 269 3 5 1 0 1 0 0 8 6 5 5 1 1 13 0.4815 15 16 0.0551 0.0588 1 1 2 3 0.1333 0.1875 1 0 0 0 1 0 2 1 1 0 0 0 2 1 6 4 11 13 3 5 7 11 1 
1 43 5 27 9 272 269 3 5 0 1 1 0 0 11 8 4 4 1 1 9 0.3333 11 18 0.0404 0.0662 1 1 2 9 0.1818 0.5000 1 0 0 0 0 0 1 0 0 0 0 0 1 0 2 2 3 3 2 3 4 4 1 
0 43 4 27 9 272 269 3 5 1 0 0 1 0 14 8 9 9 3 2 7 0.2593 24 14 0.0882 0.0515 1 1 17 7 0.7083 0.5000 1 0 1 1 0 0 1 2 1 0 0 0 2 0 8 6 11 3 3 6 8 9 1 
0 43 4 27 9 272 269 3 5 1 0 0 1 0 14 8 2 2 3 2 8 0.2963 24 14 0.0882 0.0515 1 1 16 6 0.6667 0.4286 1 1 1 0 0 0 2 2 0 0 0 0 2 2 8 4 10 7 3 6 9 10 1 
1 43 5 27 9 272 269 3 5 0 1 0 0 1 3 14 5 2 1 3 9 0.3333 19 24 0.0699 0.0882 1 1 10 15 0.5263 0.6250 1 0 0 0 1 0 2 0 0 0 0 0 1 1 4 4 6 2 2 4 5 7 1 

0 44 4 27 9 270 269 1 5 1 0 1 0 0 8 6 5 5 1 1 13 0.4815 15 16 0.0556 0.0593 1 1 2 3 0.1333 0.1875 1 0 0 0 1 0 2 1 1 0 0 0 2 1 6 4 11 13 3 5 7 11 1 
0 44 4 27 9 270 269 1 5 1 0 0 1 0 11 3 3 3 1 1 5 0.1852 10 5 0.0370 0.0185 1 0 5 0 0.5000 0 1 0 0 0 0 0 1 0 0 0 0 0 2 2 3 2 4 14 4 4 5 7 1 
0 44 4 27 9 270 269 1 5 1 0 0 1 0 14 8 9 9 3 2 7 0.2593 24 14 0.0889 0.0519 1 1 17 7 0.7083 0.5000 1 0 1 1 0 0 1 2 1 0 0 0 2 0 8 6 11 3 3 6 8 9 1 
0 44 4 27 9 270 269 1 5 1 0 0 1 0 14 8 2 2 3 2 8 0.2963 24 14 0.0889 0.0519 1 1 16 6 0.6667 0.4286 1 1 1 0 0 0 2 2 0 0 0 0 2 2 8 4 10 7 3 6 9 10 1 
1 44 5 27 9 270 269 1 5 0 1 0 0 1 3 14 5 2 1 3 9 0.3333 19 24 0.0704 0.0889 1 1 10 15 0.5263 0.6250 1 0 0 0 1 0 2 0 0 0 0 0 1 1 4 4 6 2 2 4 5 7 1 

0 45 3 27 10 270 270 0 4 1 0 0 1 0 11 3 3 3 1 1 5 0.1852 10 5 0.0370 0.0185 1 0 5 0 0.5000 0 1 0 0 0 0 0 1 0 0 0 0 0 2 2 3 2 4 14 4 4 5 7 1 
0 45 3 27 10 270 270 0 4 1 0 0 1 0 14 8 9 9 3 2 7 0.2593 24 14 0.0889 0.0519 1 1 17 7 0.7083 0.5000 1 0 1 1 0 0 1 2 0 0 0 0 2 0 8 4 9 4 3 6 8 9 1 
0 45 3 27 10 270 270 0 4 1 0 0 1 0 14 8 2 2 3 2 8 0.2963 24 14 0.0889 0.0519 1 1 16 6 0.6667 0.4286 1 1 1 0 0 0 2 1 0 0 0 0 2 2 8 2 7 8 3 6 9 10 1 
1 45 4 27 10 270 270 0 4 0 1 0 0 1 3 14 6 2 1 3 9 0.3333 19 24 0.0704 0.0889 1 1 10 15 0.5263 0.6250 1 0 0 0 0 0 1 0 0 0 0 0 1 1 4 4 6 2 2 4 5 7 1 

0 46 2 27 11 270 270 0 3 1 0 0 1 0 14 8 9 9 3 2 7 0.2593 24 14 0.0889 0.0519 1 1 17 7 0.7083 0.5000 1 0 1 1 0 0 1 2 0 0 0 0 2 0 8 4 9 4 3 6 8 9 1 
0 46 2 27 11 270 270 0 3 1 0 0 1 0 14 8 2 2 3 2 8 0.2963 24 14 0.0889 0.0519 1 1 16 6 0.6667 0.4286 1 1 1 0 0 0 2 1 0 0 0 0 2 2 8 2 7 8 3 6 9 10 1 
1 46 3 27 11 270 270 0 3 0 1 0 0 1 3 14 6 2 1 3 9 0.3333 19 24 0.0704 0.0889 1 1 10 15 0.5263 0.6250 1 0 0 0 0 0 1 0 0 0 0 0 1 1 4 4 6 2 2 4 5 7 1 

0 47 4 27 10 271 270 1 5 0 1 1 0 0 7 9 0 6 1 1 14 0.5185 17 15 0.0627 0.0554 1 1 3 1 0.1765 0.0667 1 0 0 0 0 0 1 0 0 0 0 0 1 1 1 1 6 3 2 2 3 5 1 
0 47 4 27 10 271 270 1 5 1 0 0 1 0 12 4 4 4 1 1 5 0.1852 10 5 0.0369 0.0185 1 0 5 0 0.5000 0 1 0 0 0 0 0 1 0 0 0 0 0 2 2 3 2 9 9 4 4 5 7 1 
0 47 4 27 10 271 270 1 5 1 0 0 1 0 15 9 10 10 3 2 7 0.2593 24 14 0.0886 0.0517 1 1 17 7 0.7083 0.5000 1 0 1 1 0 0 1 2 1 0 0 0 2 0 8 6 11 3 3 6 8 9 1 
0 47 4 27 10 271 270 1 5 1 0 0 1 0 15 9 2 2 3 2 8 0.2963 24 14 0.0886 0.0517 1 1 16 6 0.6667 0.4286 1 1 1 0 0 0 2 2 0 0 0 0 2 2 8 4 10 3 3 6 9 10 1 
1 47 5 27 10 271 270 1 5 0 1 0 0 1 3 15 6 2 1 3 9 0.3333 19 24 0.0701 0.0886 1 1 10 15 0.5263 0.6250 1 0 0 0 0 1 2 0 0 0 0 0 1 1 4 1 8 3 2 4 5 7 1 

1 48 7 27 8 271 268 3 7 0 1 1 0 0 7 9 0 6 1 2 13 0.4815 16 14 0.0590 0.0517 1 1 3 1 0.1875 0.0714 1 0 0 0 0 0 1 0 0 0 0 0 1 1 1 5 1 2 2 2 3 5 1 
0 48 6 27 8 271 268 3 7 1 0 1 0 0 8 12 4 4 1 2 8 0.2963 18 10 0.0664 0.0369 1 1 10 2 0.5556 0.2000 1 0 0 0 0 0 1 0 0 1 0 0 2 1 3 3 5 10 3 6 7 10 1 
0 48 6 27 8 271 268 3 7 0 1 1 0 0 3 9 2 10 2 2 11 0.4074 20 14 0.0738 0.0517 1 1 9 3 0.4500 0.2143 1 0 1 2 0 0 3 1 0 0 0 0 1 0 3 13 4 7 2 4 5 6 1 
0 48 6 27 8 271 268 3 7 1 0 0 1 0 12 4 4 4 2 1 5 0.1852 10 5 0.0369 0.0185 1 0 5 0 0.5000 0 1 0 0 0 0 0 1 0 0 1 0 0 2 2 3 2 4 14 4 4 5 7 1 
0 48 6 27 8 271 268 3 7 1 0 0 1 0 15 9 10 10 3 2 7 0.2593 24 14 0.0886 0.0517 1 1 17 7 0.7083 0.5000 1 0 1 1 1 0 2 2 1 0 0 0 2 0 7 7 10 4 3 6 8 9 1 
0 48 6 27 8 271 268 3 7 1 0 0 1 0 15 9 2 2 3 2 8 0.2963 24 14 0.0886 0.0517 1 1 16 6 0.6667 0.4286 1 1 1 1 0 0 3 2 0 0 0 0 2 2 8 6 7 8 3 6 9 10 1 
1 48 7 27 8 271 268 3 7 0 1 0 0 1 3 15 6 2 2 3 9 0.3333 20 24 0.0738 0.0886 1 1 11 15 0.5500 0.6250 1 0 0 0 1 0 2 0 0 0 0 0 1 1 4 4 6 2 2 4 5 7 1 

0 49 4 27 6 270 266 4 5 0 1 1 0 0 12 8 4 4 2 1 8 0.2963 10 17 0.0370 0.0630 1 1 2 9 0.2000 0.5294 1 0 0 0 0 1 1 0 1 0 0 0 1 0 2 2 3 3 2 3 4 4 1 
1 49 5 27 6 270 266 4 5 0 1 1 0 0 9 3 10 2 1 2 9 0.3333 15 18 0.0556 0.0667 1 1 6 9 0.4000 0.5000 1 0 0 0 0 0 1 0 0 0 0 0 1 2 1 1 1 2 2 4 4 4 1 
0 49 4 27 6 270 266 4 5 0 1 1 0 0 10 8 2 7 1 1 13 0.4815 15 15 0.0556 0.0556 1 1 2 2 0.1333 0.1333 1 0 0 0 1 1 3 0 0 0 0 0 1 0 2 3 9 9 2 5 7 8 1 
0 49 4 27 6 270 266 4 5 1 0 0 1 0 12 4 4 4 2 1 5 0.1852 10 5 0.0370 0.0185 1 0 5 0 0.5000 0 1 0 0 0 0 1 1 0 1 0 0 0 2 2 3 2 4 16 4 4 5 7 1 
1 49 5 27 6 270 266 4 5 1 0 0 1 0 15 3 2 2 1 2 8 0.2963 24 18 0.0889 0.0667 1 1 16 10 0.6667 0.5556 1 1 0 0 0 1 3 0 0 0 0 0 2 2 7 7 8 9 3 6 9 10 1 

1 50 4 27 7 270 267 3 4 0 1 1 0 0 9 3 10 2 1 2 9 0.3333 15 18 0.0556 0.0667 1 1 6 9 0.4000 0.5000 1 0 0 0 0 0 1 0 0 0 0 0 1 2 1 1 1 2 2 4 4 4 1 
0 50 3 27 7 270 267 3 4 0 1 1 0 0 10 8 2 7 1 1 13 0.4815 15 15 0.0556 0.0556 1 1 2 2 0.1333 0.1333 1 0 0 0 1 1 3 0 0 0 0 0 1 0 2 3 9 9 2 5 7 8 1 
0 50 3 27 7 270 267 3 4 1 0 1 0 0 13 9 4.5000 4.5000 1 1 8 0.2963 11 17 0.0407 0.0630 1 1 3 9 0.2727 0.5294 1 0 0 0 0 0 1 0 0 0 0 0 2 1 4 3 5 5 3 5 8 8 1 
1 50 4 27 7 270 267 3 4 1 0 0 1 0 15 3 2 2 1 2 8 0.2963 24 18 0.0889 0.0667 1 1 16 10 0.6667 0.5556 1 1 0 0 0 1 3 0 0 0 0 0 2 2 7 7 8 9 3 6 9 10 1 

0 51 1 27 9 271 269 2 2 1 0 1 0 0 13 9 4.5000 4.5000 1 1 8 0.2963 11 17 0.0406 0.0627 1 1 3 9 0.2727 0.5294 1 0 0 0 0 0 1 0 0 0 0 0 2 1 4 3 5 5 3 5 8 8 1 
1 51 2 27 9 271 269 2 2 1 0 1 0 0 4 10 3 3 1 1 9 0.3333 19 15 0.0701 0.0554 1 1 10 6 0.5263 0.4000 1 0 0 0 0 0 1 0 0 0 0 0 2 2 5 6 10 6 3 6 9 10 1 

1 52 3 27 10 272 270 2 3 0 1 1 0 0 10 14 4.5000 5.5000 1 1 9 0.3333 18 11 0.0662 0.0404 1 1 9 2 0.5000 0.1818 1 0 0 0 0 0 1 0 0 0 0 0 1 0 1 1 1 1 2 4 4 6 1 
0 52 2 27 10 272 270 2 3 1 0 0 1 0 16 5 4 4 1 2 8 0.2963 24 18 0.0882 0.0662 1 1 16 10 0.6667 0.5556 1 0 1 0 0 0 1 1 0 0 0 0 2 1 9 2 7 10 3 6 9 10 1 
0 52 2 27 10 272 270 2 3 1 0 0 1 0 10 5 10.5000 10.5000 1 2 9 0.3333 16 18 0.0588 0.0662 1 1 7 9 0.4375 0.5000 1 0 1 0 0 0 1 1 0 0 0 0 2 1 6 2 10 12 3 6 8 9 1 

1 53 4 27 8 271 268 3 4 0 1 1 0 0 10 5 10.5000 4 1 2 9 0.3333 15 18 0.0554 0.0664 1 1 6 9 0.4000 0.5000 1 0 0 0 0 0 1 0 0 0 0 0 1 2 1 1 1 2 2 4 4 4 1 
0 53 3 27 8 271 268 3 4 1 0 1 0 0 14 10 5.5000 5.5000 1 1 8 0.2963 11 17 0.0406 0.0627 1 1 3 9 0.2727 0.5294 1 0 0 0 0 0 1 0 0 0 0 0 2 1 4 3 5 5 3 5 8 8 1 
0 53 3 27 8 271 268 3 4 1 0 1 0 0 9 11 7.5000 7.5000 1 1 13 0.4815 16 15 0.0590 0.0554 1 1 3 2 0.1875 0.1333 1 0 0 0 0 1 1 2 0 0 0 0 2 2 5 5 9 13 3 5 7 11 1 
1 53 4 27 8 271 268 3 4 1 0 0 1 0 16 5 4 4 1 2 8 0.2963 24 18 0.0886 0.0664 1 1 16 10 0.6667 0.5556 1 1 0 0 0 0 2 1 0 0 0 0 2 2 7 7 8 8 3 6 9 10 1 

1 54 5 27 7 270 267 3 5 0 1 1 0 0 10 5 10.5000 4 1 2 9 0.3333 15 18 0.0556 0.0667 1 1 6 9 0.4000 0.5000 1 0 0 0 0 0 1 0 0 0 0 0 1 2 1 1 1 2 2 4 4 4 1 
0 54 4 27 7 270 267 3 5 0 1 1 0 0 11 9 4 7.5000 1 1 13 0.4815 15 15 0.0556 0.0556 1 1 2 2 0.1333 0.1333 1 0 0 0 1 1 3 0 0 0 0 0 1 0 2 3 9 9 2 5 7 8 1 
0 54 4 27 7 270 267 3 5 1 0 1 0 0 10 14 4.5000 4.5000 1 2 8 0.2963 18 10 0.0667 0.0370 1 1 10 2 0.5556 0.2000 1 0 0 0 0 0 1 0 0 1 0 0 2 1 3 3 5 10 3 6 7 10 1 
0 54 4 27 7 270 267 3 5 1 0 0 1 0 14 4 4 4 2 1 5 0.1852 10 5 0.0370 0.0185 1 0 5 0 0.5000 0 1 0 0 0 0 0 1 0 0 1 0 0 2 2 3 2 4 14 4 4 5 7 1 
1 54 5 27 7 270 267 3 5 1 0 0 1 0 16 5 4 4 1 2 8 0.2963 24 18 0.0889 0.0667 1 1 16 10 0.6667 0.5556 1 1 0 0 0 1 3 0 0 0 0 0 2 2 7 7 8 9 3 6 9 10 1 

0 55 2 27 9 271 269 2 3 1 0 1 0 0 10 14 4.5000 4.5000 1 2 8 0.2963 18 10 0.0664 0.0369 1 1 10 2 0.5556 0.2000 1 0 0 0 0 0 1 0 0 1 0 0 2 1 3 3 5 10 3 6 7 10 1 
1 55 3 27 9 271 269 2 3 1 0 1 0 0 6 11 5 5 1 1 9 0.3333 19 15 0.0701 0.0554 1 1 10 6 0.5263 0.4000 1 0 0 0 0 0 1 0 0 0 0 0 2 2 5 6 10 6 3 6 9 10 1 
0 55 2 27 9 271 269 2 3 1 0 0 1 0 14 4 4 4 2 1 5 0.1852 10 5 0.0369 0.0185 1 0 5 0 0.5000 0 1 0 0 0 0 0 1 0 0 1 0 0 2 2 3 2 4 14 4 4 5 7 1 

1 56 3 27 10 272 270 2 3 0 1 1 0 0 15 11 5.5000 5.5000 1 1 9 0.3333 11 18 0.0404 0.0662 1 1 2 9 0.1818 0.5000 1 0 0 0 0 0 1 0 0 0 0 0 1 0 2 2 3 3 2 3 4 4 1 
0 56 2 27 10 272 270 2 3 1 0 0 1 0 16 6 5 5 1 2 8 0.2963 24 18 0.0882 0.0662 1 1 16 10 0.6667 0.5556 1 0 1 0 0 0 1 1 0 0 0 0 2 1 9 2 7 10 3 6 9 10 1 
0 56 2 27 10 272 270 2 3 1 0 0 1 0 11 6 11 11 1 2 9 0.3333 16 18 0.0588 0.0662 1 1 7 9 0.4375 0.5000 1 0 1 0 0 0 1 1 0 0 0 0 2 1 6 2 10 12 3 6 8 9 1 

1 57 5 27 8 271 268 3 5 0 1 1 0 0 11 7 11 6 1 2 9 0.3333 15 18 0.0554 0.0664 1 1 6 9 0.4000 0.5000 1 0 0 0 0 0 1 0 0 0 0 0 1 2 1 1 1 2 2 4 4 4 1 
0 57 4 27 8 271 268 3 5 1 0 1 0 0 11 16 5.5000 5.5000 1 2 8 0.2963 18 10 0.0664 0.0369 1 1 10 2 0.5556 0.2000 1 0 0 0 0 0 1 0 0 1 0 0 2 1 3 3 5 10 3 6 7 10 1 
0 57 4 27 8 271 268 3 5 1 0 1 0 0 10 12 8 8 1 1 13 0.4815 16 15 0.0590 0.0554 1 1 3 2 0.1875 0.1333 1 0 0 0 0 1 1 2 0 0 0 0 2 2 5 5 9 13 3 5 7 11 1 
0 57 4 27 8 271 268 3 5 1 0 0 1 0 16 5 5 5 2 1 5 0.1852 10 5 0.0369 0.0185 1 0 5 0 0.5000 0 1 0 0 0 0 0 1 0 0 1 0 0 2 2 3 2 4 14 4 4 5 7 1 
1 57 5 27 8 271 268 3 5 1 0 0 1 0 17 7 6 6 1 2 8 0.2963 24 18 0.0886 0.0664 1 1 16 10 0.6667 0.5556 1 1 0 0 0 0 2 1 0 0 0 0 2 2 7 7 8 8 3 6 9 10 1 

0 58 2 27 12 271 270 1 7 1 0 1 0 0 17 2 2 2 6 6 2 0.0741 24 9 0.0886 0.0332 1 1 22 7 0.9167 0.7778 1 0 1 0 1 0 1 1 1 1 1 1 2 2 4 2 7 2 4 7 7 8 1 
0 58 2 27 12 271 270 1 7 1 0 1 0 0 17 2 0 0 6 6 3 0.1111 24 9 0.0886 0.0332 1 1 21 6 0.8750 0.6667 1 0 2 0 1 0 1 2 1 1 1 0 2 2 4 2 8 5 3 5 8 10 1 
0 58 2 27 12 271 270 1 7 1 0 1 0 0 17 2 0 0 6 6 4 0.1481 24 9 0.0886 0.0332 1 1 20 5 0.8333 0.5556 1 0 2 0 2 0 1 2 2 1 0 1 2 2 4 4 9 4 2 4 7 10 1 
0 58 2 27 12 271 270 1 7 1 0 1 0 0 17 2 0 0 6 6 5 0.1852 24 9 0.0886 0.0332 1 1 19 4 0.7917 0.4444 1 0 2 0 2 0 1 2 2 1 1 0 2 3 4 4 9 4 3 4 6 11 1 
0 58 2 27 12 271 270 1 7 1 0 1 0 0 17 2 0 0 6 6 6 0.2222 24 9 0.0886 0.0332 1 1 18 3 0.7500 0.3333 1 0 2 0 1 0 1 2 1 2 1 0 2 4 4 4 6 5 3 5 8 10 1 
0 58 2 27 12 271 270 1 7 1 0 1 0 0 17 2 0 0 6 6 7 0.2593 24 9 0.0886 0.0332 1 1 17 2 0.7083 0.2222 1 0 1 0 1 0 1 1 1 1 2 1 2 2 4 7 5 14 3 6 9 10 1 
1 58 7 27 12 271 270 1 7 1 0 0 1 0 11 7 11 11 1 1 9 0.3333 16 18 0.0590 0.0664 1 1 7 9 0.4375 0.5000 1 0 0 0 0 0 1 0 0 1 2 1 2 1 3 2 8 12 3 6 8 9 1 

0 59 2 27 11 271 270 1 7 1 0 1 0 0 17 2 2 2 6 6 2 0.0741 24 9 0.0886 0.0332 1 1 22 7 0.9167 0.7778 1 0 1 0 1 0 1 1 1 1 1 1 2 2 4 2 7 2 4 7 7 8 1 
0 59 2 27 11 271 270 1 7 1 0 1 0 0 17 2 0 0 6 6 3 0.1111 24 9 0.0886 0.0332 1 1 21 6 0.8750 0.6667 1 0 2 0 1 0 1 2 1 1 1 0 2 2 4 2 8 5 3 5 8 10 1 
0 59 2 27 11 271 270 1 7 1 0 1 0 0 17 2 0 0 6 6 4 0.1481 24 9 0.0886 0.0332 1 1 20 5 0.8333 0.5556 1 0 2 0 2 0 1 2 2 1 0 1 2 2 4 4 9 4 2 4 7 10 1 
0 59 2 27 11 271 270 1 7 1 0 1 0 0 17 2 0 0 6 6 5 0.1852 24 9 0.0886 0.0332 1 1 19 4 0.7917 0.4444 1 0 2 0 2 0 1 2 2 1 1 0 2 3 4 4 9 4 3 4 6 11 1 
0 59 2 27 11 271 270 1 7 1 0 1 0 0 17 2 0 0 6 6 6 0.2222 24 9 0.0886 0.0332 1 1 18 3 0.7500 0.3333 1 0 2 0 1 0 1 2 1 2 1 0 2 4 4 4 6 5 3 5 8 10 1 
0 59 2 27 11 271 270 1 7 1 0 1 0 0 17 2 0 0 6 6 7 0.2593 24 9 0.0886 0.0332 1 1 17 2 0.7083 0.2222 1 0 1 0 1 0 1 1 1 1 2 1 2 2 4 7 5 14 3 6 9 10 1 
1 59 7 27 11 271 270 1 7 1 0 0 1 0 11 7 11 11 1 1 9 0.3333 16 18 0.0590 0.0664 1 1 7 9 0.4375 0.5000 1 0 0 0 0 0 1 0 0 1 2 1 2 1 3 2 8 12 3 6 8 9 1 

