0 1 8 29 0 260 252 8 11 1 0 1 0 0 0 0 0 0 1 4 17 0.5862 21 14 0.0808 0.0538 1 0 4 -3.0000 0.1905 -0.2143 1 0 0 0 0 1 2 1 0 2 0 0 2 2 4 3 6 10 3 6 8 9 1 
0 1 9 29 0 260 252 8 11 1 0 1 0 0 0 0 0 0 4 2 10 0.3448 14 4 0.0538 0.0154 1 0 4 -6.0000 0.2857 -1.5000 1 1 0 0 1 0 2 0 1 2 0 0 2 4 4 4 7 4 3 4 6 10 1 
1 1 10 29 0 260 252 8 11 1 0 1 0 0 0 0 0 0 1 2 9 0.3103 19 4 0.0731 0.0154 1 0 10 -5.0000 0.5263 -1.2500 1 1 0 0 0 1 2 0 1 2 0 0 2 4 4 4 4 13 3 4 6 10 1 
1 1 10 29 0 260 252 8 11 1 0 1 0 0 0 0 0 0 2 1 6 0.2069 14 11 0.0538 0.0423 1 1 8 5 0.5714 0.4545 1 0 0 0 0 0 1 0 0 0 1 1 2 0 4 4 4 2 3 4 7 10 1 
1 1 10 29 0 260 252 8 11 1 0 1 0 0 0 0 0 0 4 1 12 0.4138 14 23 0.0538 0.0885 1 1 2 11 0.1429 0.4783 1 0 0 0 1 1 1 2 2 0 0 0 2 0 5 3 6 9 3 6 9 10 1 
0 1 8 29 0 260 252 8 11 1 0 1 0 0 0 0 0 0 2 3 11 0.3793 17 15 0.0654 0.0577 1 1 6 4 0.3529 0.2667 1 0 1 0 0 0 1 1 0 0 0 0 2 0 4 0 4 0 3 6 7 10 1 
0 1 8 29 0 260 252 8 11 1 0 1 0 0 0 0 0 0 2 3 12 0.4138 17 15 0.0654 0.0577 1 1 5 3 0.2941 0.2000 1 0 1 0 0 0 1 1 0 0 0 1 2 0 4 0 4 1 3 5 8 8 1 
0 1 9 29 0 260 252 8 11 1 0 0 1 0 0 0 0 0 2 1 5 0.1724 30 5 0.1154 0.0192 1 0 25 0 0.8333 0 1 0 0 0 0 0 1 0 0 0 0 0 2 2 3 2 6 2 3 6 6 8 1 
0 1 7 29 0 260 252 8 11 1 0 0 1 0 0 0 0 0 2 4 22 0.7586 30 14 0.1154 0.0538 1 0 8 -8.0000 0.2667 -0.5714 1 0 0 0 0 1 2 1 0 2 0 0 2 2 4 4 8 10 3 6 8 9 1 
1 1 11 29 0 260 252 8 11 1 0 0 1 0 0 0 0 0 1 3 5 0.1724 19 15 0.0731 0.0577 1 1 14 10 0.7368 0.6667 1 0 0 0 0 0 1 0 0 0 0 0 2 0 4 2 4 8 4 6 9 13 1 
1 1 10 29 0 260 252 8 11 1 0 0 1 0 0 0 0 0 1 2 10 0.3448 15 14 0.0577 0.0538 1 1 5 4 0.3333 0.2857 1 0 0 0 0 0 1 0 0 0 1 0 2 0 4 0 4 3 4 7 9 8 1 

0 2 6 29 1 260 252 8 9 1 0 1 0 0 0 1 1 1 1 3 17 0.5862 21 14 0.0808 0.0538 1 0 4 -3.0000 0.1905 -0.2143 1 0 0 0 0 0 1 1 0 2 0 0 2 2 4 3 6 9 3 6 8 9 1 
0 2 7 29 1 260 252 8 9 1 0 1 0 0 1 0 0 0 3 2 10 0.3448 14 4 0.0538 0.0154 1 0 4 -6.0000 0.2857 -1.5000 1 1 0 0 1 0 2 0 1 1 0 0 2 4 4 4 7 4 3 4 6 10 1 
0 2 8 29 1 260 252 8 9 1 0 1 0 0 0 0 0 0 1 2 9 0.3103 19 4 0.0731 0.0154 1 0 10 -5.0000 0.5263 -1.2500 1 1 0 0 0 1 2 0 1 1 0 0 2 4 4 4 4 13 3 4 6 10 1 
0 2 8 29 1 260 252 8 9 1 0 1 0 0 0 0 0 0 2 1 6 0.2069 14 11 0.0538 0.0423 1 1 8 5 0.5714 0.4545 1 0 0 0 0 0 1 0 0 0 1 1 2 0 4 4 4 2 3 4 7 10 1 
0 2 8 29 1 260 252 8 9 1 0 1 0 0 1 0 0 0 3 1 12 0.4138 14 23 0.0538 0.0885 1 1 2 11 0.1429 0.4783 1 0 0 0 1 1 1 1 2 0 0 0 2 0 5 3 6 9 3 6 9 10 1 
0 2 6 29 1 260 252 8 9 1 0 1 0 0 0 0 0 0 2 3 11 0.3793 17 15 0.0654 0.0577 1 1 6 4 0.3529 0.2667 1 0 1 0 0 0 1 1 0 0 0 0 2 0 4 0 4 0 3 6 7 10 1 
0 2 6 29 1 260 252 8 9 1 0 1 0 0 0 0 0 0 2 3 12 0.4138 17 15 0.0654 0.0577 1 1 5 3 0.2941 0.2000 1 0 1 0 0 0 1 1 0 0 0 1 2 0 4 0 4 1 3 5 8 8 1 
1 2 9 29 1 260 252 8 9 1 0 0 1 0 0 0 0 0 1 3 5 0.1724 19 15 0.0731 0.0577 1 1 14 10 0.7368 0.6667 1 0 0 0 0 0 1 0 0 0 0 0 2 0 4 2 4 8 4 6 9 13 1 
0 2 8 29 1 260 252 8 9 1 0 0 1 0 0 0 0 0 1 2 10 0.3448 15 14 0.0577 0.0538 1 1 5 4 0.3333 0.2857 1 0 0 0 0 0 1 0 0 0 1 0 2 0 4 0 4 3 4 7 9 8 1 

0 3 7 29 2 260 253 7 9 1 0 1 0 0 2 0 0 0 3 2 10 0.3448 14 4 0.0538 0.0154 1 0 4 -6.0000 0.2857 -1.5000 1 1 0 0 1 0 2 0 1 1 0 0 2 4 4 4 7 4 3 4 6 10 1 
0 3 8 29 2 260 253 7 9 1 0 1 0 0 0 0 0 0 1 2 9 0.3103 19 4 0.0731 0.0154 1 0 10 -5.0000 0.5263 -1.2500 1 1 0 0 0 1 2 0 1 1 0 0 2 4 4 4 4 13 3 4 6 10 1 
0 3 8 29 2 260 253 7 9 1 0 1 0 0 0 0 0 0 2 1 6 0.2069 14 11 0.0538 0.0423 1 1 8 5 0.5714 0.4545 1 0 0 0 0 0 1 0 0 0 1 1 2 0 4 4 4 2 3 4 7 10 1 
0 3 8 29 2 260 253 7 9 1 0 1 0 0 2 0 0 0 3 1 12 0.4138 14 23 0.0538 0.0885 1 1 2 11 0.1429 0.4783 1 0 0 0 1 1 1 1 2 0 0 0 2 0 5 3 6 9 3 6 9 10 1 
0 3 6 29 2 260 253 7 9 1 0 1 0 0 0 0 0 0 2 3 11 0.3793 17 15 0.0654 0.0577 1 1 6 4 0.3529 0.2667 1 0 1 0 0 0 1 1 0 0 0 0 2 0 4 0 4 0 3 6 7 10 1 
0 3 6 29 2 260 253 7 9 1 0 1 0 0 0 0 0 0 2 3 12 0.4138 17 15 0.0654 0.0577 1 1 5 3 0.2941 0.2000 1 0 1 0 0 0 1 1 0 0 0 1 2 0 4 0 4 1 3 5 8 8 1 
0 3 6 29 2 260 253 7 9 1 0 1 0 0 1 2 2 2 1 3 18 0.6207 22 14 0.0846 0.0538 1 0 4 -4.0000 0.1818 -0.2857 1 0 0 0 0 0 1 1 0 2 0 0 2 2 4 4 9 6 3 6 8 9 1 
1 3 9 29 2 260 253 7 9 1 0 0 1 0 0 0 0 0 1 3 5 0.1724 19 15 0.0731 0.0577 1 1 14 10 0.7368 0.6667 1 0 0 0 0 0 1 0 0 0 0 0 2 0 4 2 4 8 4 6 9 13 1 
0 3 8 29 2 260 253 7 9 1 0 0 1 0 0 0 0 0 1 2 10 0.3448 15 14 0.0577 0.0538 1 1 5 4 0.3333 0.2857 1 0 0 0 0 0 1 0 0 0 1 0 2 0 4 0 4 3 4 7 9 8 1 

0 4 4 29 3 260 254 6 6 1 0 1 0 0 2 0 0 0 3 2 10 0.3448 14 4 0.0538 0.0154 1 0 4 -6.0000 0.2857 -1.5000 1 1 0 0 1 0 2 0 1 1 0 0 2 4 4 4 7 4 3 4 6 10 1 
1 4 5 29 3 260 254 6 6 1 0 1 0 0 0 0 0 0 1 2 9 0.3103 19 4 0.0731 0.0154 1 0 10 -5.0000 0.5263 -1.2500 1 1 0 0 0 1 2 0 1 1 0 0 2 4 4 4 4 13 3 4 6 10 1 
1 4 5 29 3 260 254 6 6 1 0 1 0 0 0 0 0 0 2 1 6 0.2069 14 11 0.0538 0.0423 1 1 8 5 0.5714 0.4545 1 0 0 0 0 0 1 0 0 0 1 0 2 0 4 4 4 2 3 4 7 10 1 
1 4 5 29 3 260 254 6 6 1 0 1 0 0 2 0 0 0 3 1 12 0.4138 14 23 0.0538 0.0885 1 1 2 11 0.1429 0.4783 1 0 0 0 1 1 1 1 2 0 0 0 2 0 5 3 6 9 3 6 9 10 1 
0 4 3 29 3 260 254 6 6 1 0 1 0 0 1 2 2 2 1 3 18 0.6207 22 14 0.0846 0.0538 1 0 4 -4.0000 0.1818 -0.2857 1 0 0 0 0 0 1 1 0 2 0 0 2 2 4 4 9 6 3 6 8 9 1 
1 4 5 29 3 260 254 6 6 1 0 0 1 0 0 0 0 0 1 2 10 0.3448 15 14 0.0577 0.0538 1 1 5 4 0.3333 0.2857 1 0 0 0 0 0 1 0 0 0 1 0 2 0 4 0 4 3 4 7 9 8 1 

0 5 4 29 4 260 255 5 6 1 0 1 0 0 3 0 0 0 3 2 10 0.3448 14 4 0.0538 0.0154 1 0 4 -6.0000 0.2857 -1.5000 1 1 0 0 1 0 2 0 1 1 0 0 2 4 4 4 7 4 3 4 6 10 1 
1 5 5 29 4 260 255 5 6 1 0 1 0 0 0 0 0 0 1 2 9 0.3103 19 4 0.0731 0.0154 1 0 10 -5.0000 0.5263 -1.2500 1 1 0 0 0 1 2 0 1 1 0 0 2 4 4 4 4 13 3 4 6 10 1 
1 5 5 29 4 260 255 5 6 1 0 1 0 0 0 0 0 0 2 1 6 0.2069 14 11 0.0538 0.0423 1 1 8 5 0.5714 0.4545 1 0 0 0 0 0 1 0 0 0 1 0 2 0 4 4 4 2 3 4 7 10 1 
1 5 5 29 4 260 255 5 6 1 0 1 0 0 3 0 0 0 3 1 12 0.4138 14 23 0.0538 0.0885 1 1 2 11 0.1429 0.4783 1 0 0 0 1 1 1 1 2 0 0 0 2 0 5 3 6 9 3 6 9 10 1 
0 5 3 29 4 260 255 5 6 1 0 1 0 0 2 3 3 3 1 3 19 0.6552 23 14 0.0885 0.0538 1 0 4 -5.0000 0.1739 -0.3571 1 0 0 0 0 0 1 1 0 2 0 0 2 2 4 7 5 9 3 6 8 9 1 
1 5 5 29 4 260 255 5 6 1 0 0 1 0 0 0 0 0 1 2 10 0.3448 15 14 0.0577 0.0538 1 1 5 4 0.3333 0.2857 1 0 0 0 0 0 1 0 0 0 1 0 2 0 4 0 4 3 4 7 9 8 1 

0 6 4 29 5 261 256 5 6 1 0 1 0 0 4 0 0 0 3 2 10 0.3448 14 4 0.0536 0.0153 1 0 4 -6.0000 0.2857 -1.5000 1 1 0 0 1 0 2 0 1 1 0 0 2 4 4 4 7 4 3 4 6 10 1 
1 6 5 29 5 261 256 5 6 1 0 1 0 0 0 0 0 0 1 2 9 0.3103 19 4 0.0728 0.0153 1 0 10 -5.0000 0.5263 -1.2500 1 1 0 0 0 1 2 0 1 1 0 0 2 4 4 4 4 13 3 4 6 10 1 
1 6 5 29 5 261 256 5 6 1 0 1 0 0 0 0 0 0 2 1 6 0.2069 14 11 0.0536 0.0421 1 1 8 5 0.5714 0.4545 1 0 0 0 0 0 1 0 0 0 1 0 2 0 4 4 4 2 3 4 7 10 1 
1 6 5 29 5 261 256 5 6 1 0 1 0 0 4 0 0 0 3 1 12 0.4138 14 23 0.0536 0.0881 1 1 2 11 0.1429 0.4783 1 0 0 0 1 1 1 1 2 0 0 0 2 0 5 3 6 9 3 6 9 10 1 
0 6 3 29 5 261 256 5 6 1 0 1 0 0 3 4 4 4 1 3 20 0.6897 24 14 0.0920 0.0536 1 0 4 -6.0000 0.1667 -0.4286 1 0 0 0 0 0 1 1 0 2 0 0 2 2 6 4 8 6 3 6 8 9 1 
1 6 5 29 5 261 256 5 6 1 0 0 1 0 0 0 0 0 1 2 10 0.3448 15 14 0.0575 0.0536 1 1 5 4 0.3333 0.2857 1 0 0 0 0 0 1 0 0 0 1 0 2 0 4 0 4 3 4 7 9 8 1 

0 7 5 29 3 260 254 6 7 1 0 1 0 0 4 0 0 0 3 2 10 0.3448 14 4 0.0538 0.0154 1 0 4 -6.0000 0.2857 -1.5000 1 1 0 0 1 0 2 0 1 1 0 0 2 4 4 4 7 4 3 4 6 10 1 
0 7 6 29 3 260 254 6 7 1 0 1 0 0 0 0 0 0 1 2 9 0.3103 19 4 0.0731 0.0154 1 0 10 -5.0000 0.5263 -1.2500 1 1 0 0 0 1 2 0 1 1 0 0 2 4 4 4 4 13 3 4 6 10 1 
0 7 6 29 3 260 254 6 7 1 0 1 0 0 0 0 0 0 2 1 6 0.2069 14 11 0.0538 0.0423 1 1 8 5 0.5714 0.4545 1 0 0 0 0 0 1 0 0 0 1 0 2 0 4 4 4 2 3 4 7 10 1 
0 7 6 29 3 260 254 6 7 1 0 1 0 0 4 0 0 0 3 1 12 0.4138 14 23 0.0538 0.0885 1 1 2 11 0.1429 0.4783 1 0 0 0 1 1 1 1 2 0 0 0 2 0 5 3 6 9 3 6 9 10 1 
0 7 4 29 3 260 254 6 7 1 0 1 0 0 3 4 4 4 1 3 18 0.6207 22 14 0.0846 0.0538 1 0 4 -4.0000 0.1818 -0.2857 1 0 0 0 0 0 1 1 0 2 0 0 2 2 4 4 9 6 3 6 8 9 1 
1 7 7 29 3 260 254 6 7 1 0 0 1 0 0 1 0 0 1 1 5 0.1724 19 15 0.0731 0.0577 1 1 14 10 0.7368 0.6667 1 0 0 0 0 0 1 0 0 0 0 0 2 0 4 2 4 8 4 6 9 13 1 
0 7 6 29 3 260 254 6 7 1 0 0 1 0 0 0 0 0 1 2 10 0.3448 15 14 0.0577 0.0538 1 1 5 4 0.3333 0.2857 1 0 0 0 0 0 1 0 0 0 1 0 2 0 4 0 4 3 4 7 9 8 1 

0 8 5 29 4 260 255 5 7 1 0 1 0 0 5 0 0 0 3 2 10 0.3448 14 4 0.0538 0.0154 1 0 4 -6.0000 0.2857 -1.5000 1 1 0 0 1 0 2 0 1 1 0 0 2 4 4 4 7 4 3 4 6 10 1 
0 8 6 29 4 260 255 5 7 1 0 1 0 0 0 0 0 0 1 2 9 0.3103 19 4 0.0731 0.0154 1 0 10 -5.0000 0.5263 -1.2500 1 1 0 0 0 1 2 0 1 1 0 0 2 4 4 4 4 13 3 4 6 10 1 
0 8 6 29 4 260 255 5 7 1 0 1 0 0 0 0 0 0 2 1 6 0.2069 14 11 0.0538 0.0423 1 1 8 5 0.5714 0.4545 1 0 0 0 0 0 1 0 0 0 1 0 2 0 4 4 4 2 3 4 7 10 1 
0 8 6 29 4 260 255 5 7 1 0 1 0 0 5 0 0 0 3 1 12 0.4138 14 23 0.0538 0.0885 1 1 2 11 0.1429 0.4783 1 0 0 0 1 1 1 1 2 0 0 0 2 0 5 3 6 9 3 6 9 10 1 
0 8 4 29 4 260 255 5 7 1 0 1 0 0 4 5 5 5 1 3 19 0.6552 23 14 0.0885 0.0538 1 0 4 -5.0000 0.1739 -0.3571 1 0 0 0 0 0 1 1 0 2 0 0 2 2 4 7 5 9 3 6 8 9 1 
1 8 7 29 4 260 255 5 7 1 0 0 1 0 0 1 0 0 1 1 5 0.1724 19 15 0.0731 0.0577 1 1 14 10 0.7368 0.6667 1 0 0 0 0 0 1 0 0 0 0 0 2 0 4 2 4 8 4 6 9 13 1 
0 8 6 29 4 260 255 5 7 1 0 0 1 0 0 0 0 0 1 2 10 0.3448 15 14 0.0577 0.0538 1 1 5 4 0.3333 0.2857 1 0 0 0 0 0 1 0 0 0 1 0 2 0 4 0 4 3 4 7 9 8 1 

0 9 5 29 5 261 256 5 7 1 0 1 0 0 6 0 0 0 3 2 10 0.3448 14 4 0.0536 0.0153 1 0 4 -6.0000 0.2857 -1.5000 1 1 0 0 1 0 2 0 1 1 0 0 2 4 4 4 7 4 3 4 6 10 1 
0 9 6 29 5 261 256 5 7 1 0 1 0 0 0 0 0 0 1 2 9 0.3103 19 4 0.0728 0.0153 1 0 10 -5.0000 0.5263 -1.2500 1 1 0 0 0 1 2 0 1 1 0 0 2 4 4 4 4 13 3 4 6 10 1 
0 9 6 29 5 261 256 5 7 1 0 1 0 0 0 0 0 0 2 1 6 0.2069 14 11 0.0536 0.0421 1 1 8 5 0.5714 0.4545 1 0 0 0 0 0 1 0 0 0 1 0 2 0 4 4 4 2 3 4 7 10 1 
0 9 6 29 5 261 256 5 7 1 0 1 0 0 6 0 0 0 3 1 12 0.4138 14 23 0.0536 0.0881 1 1 2 11 0.1429 0.4783 1 0 0 0 1 1 1 1 2 0 0 0 2 0 5 3 6 9 3 6 9 10 1 
0 9 4 29 5 261 256 5 7 1 0 1 0 0 5 6 6 6 1 3 20 0.6897 24 14 0.0920 0.0536 1 0 4 -6.0000 0.1667 -0.4286 1 0 0 0 0 0 1 1 0 2 0 0 2 2 6 4 8 6 3 6 8 9 1 
1 9 7 29 5 261 256 5 7 1 0 0 1 0 0 1 0 0 1 1 5 0.1724 19 15 0.0728 0.0575 1 1 14 10 0.7368 0.6667 1 0 0 0 0 0 1 0 0 0 0 0 2 0 4 2 4 8 4 6 9 13 1 
0 9 6 29 5 261 256 5 7 1 0 0 1 0 0 0 0 0 1 2 10 0.3448 15 14 0.0575 0.0536 1 1 5 4 0.3333 0.2857 1 0 0 0 0 0 1 0 0 0 1 0 2 0 4 0 4 3 4 7 9 8 1 

0 10 5 29 2 261 257 4 6 1 0 1 0 0 0 0 0 0 1 1 9 0.3103 19 4 0.0728 0.0153 1 0 10 -5.0000 0.5263 -1.2500 1 0 0 0 0 0 1 0 0 0 0 0 2 2 4 2 4 11 3 4 6 10 1 
0 10 5 29 2 261 257 4 6 1 0 1 0 0 0 0 0 0 2 1 6 0.2069 14 11 0.0536 0.0421 1 1 8 5 0.5714 0.4545 1 0 0 0 0 0 1 0 0 0 1 1 2 0 4 4 4 2 3 4 7 10 1 
0 10 3 29 2 261 257 4 6 1 0 1 0 0 1 1 1 1 2 3 11 0.3793 17 15 0.0651 0.0575 1 1 6 4 0.3529 0.2667 1 0 1 0 0 0 1 1 0 0 0 0 2 0 4 0 4 0 3 6 7 10 1 
0 10 3 29 2 261 257 4 6 1 0 1 0 0 1 1 0 0 2 3 12 0.4138 17 15 0.0651 0.0575 1 1 5 3 0.2941 0.2000 1 0 1 0 0 0 1 1 0 0 0 1 2 0 4 0 4 1 3 5 8 8 1 
1 10 6 29 2 261 257 4 6 1 0 0 1 0 0 1 0 0 1 3 5 0.1724 19 15 0.0728 0.0575 1 1 14 10 0.7368 0.6667 1 0 0 0 0 0 1 0 0 0 0 0 2 0 4 0 9 6 4 6 9 13 1 
0 10 5 29 2 261 257 4 6 1 0 0 1 0 0 0 0 0 1 2 10 0.3448 15 14 0.0575 0.0536 1 1 5 4 0.3333 0.2857 1 0 0 0 0 0 1 0 0 0 1 0 2 0 4 0 4 3 4 7 9 8 1 

