0 1 4 35 0 313 307 6 5 1 0 1 0 0 0 0 0 0 1 2 7 0.2000 26 3 0.0831 0.0096 1 0 19 -4.0000 0.7308 -1.3333 1 0 0 0 0 0 2 0 0 1 0 0 2 2 4 2 8 2 3 6 8 9 1 
0 1 4 35 0 313 307 6 5 1 0 1 0 0 0 0 0 0 1 1 17 0.4857 20 17 0.0639 0.0543 1 0 3 0 0.1500 0 1 0 0 0 0 1 1 0 0 2 0 0 2 2 3 3 5 16 3 4 6 10 1 
0 1 3 35 0 313 307 6 5 1 0 1 0 0 0 0 0 0 1 2 10 0.2857 12 10 0.0383 0.0319 1 0 2 0 0.1667 0 1 0 0 0 0 1 1 0 1 0 0 0 2 2 3 3 6 10 3 4 7 10 1 
1 1 6 35 0 313 307 6 5 1 0 1 0 0 0 0 0 0 2 1 7 0.2000 10 10 0.0319 0.0319 1 1 3 3 0.3000 0.3000 1 0 0 0 0 1 1 0 1 0 0 0 2 2 4 6 4 11 4 4 6 8 1 
0 1 3 35 0 313 307 6 5 1 0 0 1 0 0 0 0 0 1 2 15 0.4286 23 3 0.0735 0.0096 1 0 8 -12.0000 0.3478 -4.0000 1 0 0 0 0 1 2 0 0 1 0 0 2 2 4 2 8 7 3 6 8 9 1 

1 2 2 35 1 313 309 4 3 1 0 1 0 0 0 0 0 0 1 2 7 0.2000 26 3 0.0831 0.0096 1 0 19 -4.0000 0.7308 -1.3333 1 0 0 0 0 0 2 0 0 1 0 0 2 2 4 2 8 2 3 6 8 9 1 
1 2 2 35 1 313 309 4 3 1 0 1 0 0 0 0 0 0 1 1 17 0.4857 20 17 0.0639 0.0543 1 0 3 0 0.1500 0 1 0 0 0 0 1 1 0 0 2 0 0 2 2 3 3 5 16 3 4 6 10 1 
0 2 1 35 1 313 309 4 3 1 0 0 1 0 0 0 0 0 1 2 15 0.4286 23 3 0.0735 0.0096 1 0 8 -12.0000 0.3478 -4.0000 1 0 0 0 0 1 2 0 0 1 0 0 2 2 4 2 8 7 3 6 8 9 1 

1 3 2 35 3 313 310 3 3 1 0 1 0 0 0 0 0 0 1 1 17 0.4857 20 17 0.0639 0.0543 1 0 3 0 0.1500 0 1 0 0 0 0 0 1 0 0 1 0 0 2 2 3 3 5 10 3 4 6 10 1 
0 3 1 35 3 313 310 3 3 1 0 1 0 0 1 2 2 2 2 1 8 0.2286 27 3 0.0863 0.0096 1 0 19 -5.0000 0.7037 -1.6667 1 0 0 0 0 0 1 0 0 1 1 0 2 2 4 3 3 8 3 6 8 9 1 
1 3 2 35 3 313 310 3 3 0 1 0 0 1 1 0 0 0 2 1 13 0.3714 27 36 0.0863 0.1150 1 1 14 23 0.5185 0.6389 1 0 0 0 0 0 1 0 0 0 1 0 1 0 1 0 2 2 2 3 4 7 1 

