0 1 6 35 0 275 269 6 9 1 0 1 0 0 0 0 0 0 1 3 16 0.4571 25 6 0.0909 0.0218 1 0 9 -10.0000 0.3600 -1.6667 1 0 0 0 0 0 1 0 0 1 1 0 2 2 4 4 8 10 3 6 8 9 1 
1 1 8 35 0 275 269 6 9 1 0 1 0 0 0 0 0 0 1 1 10 0.2857 15 7 0.0545 0.0255 1 0 5 -3.0000 0.3333 -0.4286 1 0 0 0 0 0 1 0 0 0 0 1 2 2 4 2 4 1 3 5 8 7 1 
1 1 8 35 0 275 269 6 9 1 0 1 0 0 0 0 0 0 1 5 6 0.1714 21 14 0.0764 0.0509 1 1 15 8 0.7143 0.5714 1 0 1 0 0 0 1 1 0 0 0 0 2 0 5 4 9 2 3 6 7 11 1 
0 1 7 35 0 275 269 6 9 1 0 1 0 0 0 0 0 0 2 3 1 0.0286 7 6 0.0255 0.0218 1 1 6 5 0.8571 0.8333 1 0 1 0 0 0 1 1 0 0 2 0 2 0 4 0 2 5 3 6 9 10 1 
0 1 7 35 0 275 269 6 9 1 0 1 0 0 0 0 0 0 2 3 2 0.0571 7 6 0.0255 0.0218 1 1 5 4 0.7143 0.6667 1 0 1 0 0 0 1 1 0 1 0 1 2 0 4 2 4 5 3 5 8 10 1 
0 1 5 35 0 275 269 6 9 1 0 0 1 0 0 0 0 0 1 5 14 0.4000 20 14 0.0727 0.0509 1 0 6 0 0.3000 0 1 1 0 1 0 0 2 1 0 0 0 0 2 4 3 7 3 7 3 4 7 8 1 
0 1 4 35 0 275 269 6 9 1 0 0 1 0 0 0 0 0 1 5 15 0.4286 20 14 0.0727 0.0509 1 0 5 -1.0000 0.2500 -0.0714 1 1 0 0 1 0 2 1 0 0 0 0 2 4 4 3 8 4 3 4 7 8 1 
1 1 8 35 0 275 269 6 9 1 0 0 1 0 0 0 0 0 1 5 12 0.3429 20 14 0.0727 0.0509 1 1 8 2 0.4000 0.1429 1 0 0 1 1 0 1 2 0 0 0 0 2 0 4 4 9 6 4 7 6 8 1 
1 1 8 35 0 275 269 6 9 0 1 0 1 0 0 0 0 0 1 5 5 0.1429 26 14 0.0945 0.0509 1 1 21 9 0.8077 0.6429 1 0 1 0 0 0 1 1 0 0 0 2 1 0 4 1 2 1 3 5 7 9 1 

0 2 5 35 1 275 269 6 8 1 0 1 0 0 0 0 0 0 1 3 16 0.4571 25 6 0.0909 0.0218 1 0 9 -10.0000 0.3600 -1.6667 1 0 0 0 0 0 1 0 0 1 1 0 2 2 4 4 8 10 3 6 8 9 1 
1 2 7 35 1 275 269 6 8 1 0 1 0 0 0 0 0 0 1 1 10 0.2857 15 7 0.0545 0.0255 1 0 5 -3.0000 0.3333 -0.4286 1 0 0 0 0 0 1 0 0 0 0 1 2 2 4 2 4 1 3 5 8 7 1 
1 2 7 35 1 275 269 6 8 1 0 1 0 0 0 1 0 0 1 4 6 0.1714 21 14 0.0764 0.0509 1 1 15 8 0.7143 0.5714 1 0 1 0 0 0 1 1 0 0 0 0 2 0 5 4 9 2 3 6 7 11 1 
0 2 6 35 1 275 269 6 8 1 0 1 0 0 0 0 0 0 2 3 1 0.0286 7 6 0.0255 0.0218 1 1 6 5 0.8571 0.8333 1 0 1 0 0 0 1 1 0 0 2 0 2 0 4 0 2 5 3 6 9 10 1 
0 2 6 35 1 275 269 6 8 1 0 1 0 0 0 0 0 0 2 3 2 0.0571 7 6 0.0255 0.0218 1 1 5 4 0.7143 0.6667 1 0 1 0 0 0 1 1 0 1 0 1 2 0 4 2 4 5 3 5 8 10 1 
0 2 4 35 1 275 269 6 8 1 0 0 1 0 0 1 1 1 1 4 14 0.4000 20 14 0.0727 0.0509 1 0 6 0 0.3000 0 1 0 0 1 0 0 1 1 0 0 0 0 2 3 3 8 3 7 3 4 7 8 1 
1 2 7 35 1 275 269 6 8 1 0 0 1 0 0 1 0 0 1 4 12 0.3429 20 14 0.0727 0.0509 1 1 8 2 0.4000 0.1429 1 0 0 1 0 0 1 1 0 0 0 0 2 0 4 4 10 6 4 7 6 8 1 
1 2 7 35 1 275 269 6 8 0 1 0 1 0 0 1 0 0 1 4 5 0.1429 26 14 0.0945 0.0509 1 1 21 9 0.8077 0.6429 1 0 1 0 0 0 1 1 0 0 0 2 1 0 4 1 2 1 3 5 7 9 1 

0 3 1 35 2 275 271 4 4 1 0 1 0 0 0 0 0 0 1 3 16 0.4571 25 6 0.0909 0.0218 1 0 9 -10.0000 0.3600 -1.6667 1 0 0 0 0 0 1 0 0 1 1 0 2 2 4 4 8 10 3 6 8 9 1 
1 3 3 35 2 275 271 4 4 1 0 1 0 0 0 0 0 0 1 1 10 0.2857 15 7 0.0545 0.0255 1 0 5 -3.0000 0.3333 -0.4286 1 0 0 0 0 0 1 0 0 0 0 0 2 2 4 2 5 1 3 5 8 7 1 
0 3 2 35 2 275 271 4 4 1 0 1 0 0 0 0 0 0 2 3 1 0.0286 7 6 0.0255 0.0218 1 1 6 5 0.8571 0.8333 1 0 1 0 0 0 1 1 0 0 1 0 2 0 4 0 2 5 3 6 9 10 1 
0 3 2 35 2 275 271 4 4 1 0 1 0 0 0 0 0 0 2 3 2 0.0571 7 6 0.0255 0.0218 1 1 5 4 0.7143 0.6667 1 0 1 0 0 0 1 1 0 1 0 0 2 0 4 2 4 5 3 5 8 10 1 

1 4 3 35 3 275 272 3 4 1 0 1 0 0 0 0 0 0 1 1 10 0.2857 15 7 0.0545 0.0255 1 0 5 -3.0000 0.3333 -0.4286 1 0 0 0 0 0 1 0 0 0 0 0 2 2 4 2 5 1 3 5 8 7 1 
0 4 2 35 3 275 272 3 4 1 0 1 0 0 0 1 0 0 2 3 1 0.0286 7 6 0.0255 0.0218 1 1 6 5 0.8571 0.8333 1 0 1 0 0 0 1 1 0 0 1 0 2 0 4 0 2 5 3 6 9 10 1 
0 4 2 35 3 275 272 3 4 1 0 1 0 0 0 1 0 0 2 3 2 0.0571 7 6 0.0255 0.0218 1 1 5 4 0.7143 0.6667 1 0 1 0 0 0 1 1 0 1 0 0 2 0 4 2 4 5 3 5 8 10 1 
0 4 1 35 3 275 272 3 4 1 0 1 0 0 1 1 1 1 1 3 17 0.4857 26 6 0.0945 0.0218 1 0 9 -11.0000 0.3462 -1.8333 1 0 0 0 0 0 1 0 0 1 1 0 2 2 4 5 7 8 3 6 8 9 1 

1 5 2 35 4 276 273 3 3 1 0 1 0 0 0 0 0 0 1 1 10 0.2857 15 7 0.0543 0.0254 1 0 5 -3.0000 0.3333 -0.4286 1 0 0 0 0 0 1 0 0 0 0 0 2 2 6 2 8 1 3 5 8 7 1 
0 5 1 35 4 276 273 3 3 1 0 1 0 0 0 2 0 0 2 2 1 0.0286 7 6 0.0254 0.0217 1 1 6 5 0.8571 0.8333 1 0 1 0 0 0 1 1 0 0 0 0 2 0 4 0 2 5 3 6 9 10 1 
0 5 1 35 4 276 273 3 3 1 0 1 0 0 0 2 0 0 2 2 2 0.0571 7 6 0.0254 0.0217 1 1 5 4 0.7143 0.6667 1 0 1 0 0 0 1 1 0 0 0 0 2 0 4 2 4 5 3 5 8 10 1 

0 6 4 35 2 275 269 6 7 1 0 1 0 0 2 2 2 2 1 3 16 0.4571 25 6 0.0909 0.0218 1 0 9 -10.0000 0.3600 -1.6667 1 0 0 0 0 0 1 0 0 1 1 0 2 2 4 4 8 10 3 6 8 9 1 
1 6 6 35 2 275 269 6 7 1 0 1 0 0 0 0 0 0 1 1 10 0.2857 15 7 0.0545 0.0255 1 0 5 -3.0000 0.3333 -0.4286 1 0 0 0 0 0 1 0 0 0 0 1 2 2 4 2 4 1 3 5 8 7 1 
1 6 6 35 2 275 269 6 7 1 0 1 0 0 0 2 0 0 1 3 6 0.1714 21 14 0.0764 0.0509 1 1 15 8 0.7143 0.5714 1 0 1 0 0 0 1 1 0 0 0 0 2 0 5 4 9 2 3 6 7 11 1 
0 6 5 35 2 275 269 6 7 1 0 1 0 0 0 2 0 0 2 3 1 0.0286 7 6 0.0255 0.0218 1 1 6 5 0.8571 0.8333 1 0 1 0 0 0 1 1 0 0 2 0 2 0 4 0 2 5 3 6 9 10 1 
0 6 5 35 2 275 269 6 7 1 0 1 0 0 0 2 0 0 2 3 2 0.0571 7 6 0.0255 0.0218 1 1 5 4 0.7143 0.6667 1 0 1 0 0 0 1 1 0 1 0 1 2 0 4 2 4 5 3 5 8 10 1 
1 6 6 35 2 275 269 6 7 1 0 0 1 0 0 2 0 0 1 3 12 0.3429 20 14 0.0727 0.0509 1 1 8 2 0.4000 0.1429 1 0 0 0 0 0 1 0 0 0 0 0 2 0 4 5 10 5 4 7 6 8 1 
1 6 6 35 2 275 269 6 7 0 1 0 1 0 0 2 0 0 1 3 5 0.1429 26 14 0.0945 0.0509 1 1 21 9 0.8077 0.6429 1 0 1 0 0 0 1 1 0 0 0 2 1 0 4 1 2 1 3 5 7 9 1 

1 7 6 35 3 275 270 5 7 1 0 1 0 0 0 0 0 0 1 1 10 0.2857 15 7 0.0545 0.0255 1 0 5 -3.0000 0.3333 -0.4286 1 0 0 0 0 0 1 0 0 0 0 1 2 2 4 2 4 1 3 5 8 7 1 
1 7 6 35 3 275 270 5 7 1 0 1 0 0 0 2 0 0 1 3 6 0.1714 21 14 0.0764 0.0509 1 1 15 8 0.7143 0.5714 1 0 1 0 0 0 1 1 0 0 0 0 2 0 5 4 9 2 3 6 7 11 1 
0 7 5 35 3 275 270 5 7 1 0 1 0 0 0 3 0 0 2 3 1 0.0286 7 6 0.0255 0.0218 1 1 6 5 0.8571 0.8333 1 0 1 0 0 0 1 1 0 0 2 0 2 0 4 0 2 5 3 6 9 10 1 
0 7 5 35 3 275 270 5 7 1 0 1 0 0 0 3 0 0 2 3 2 0.0571 7 6 0.0255 0.0218 1 1 5 4 0.7143 0.6667 1 0 1 0 0 0 1 1 0 1 0 1 2 0 4 2 4 5 3 5 8 10 1 
0 7 4 35 3 275 270 5 7 1 0 1 0 0 3 3 3 3 1 3 17 0.4857 26 6 0.0945 0.0218 1 0 9 -11.0000 0.3462 -1.8333 1 0 0 0 0 0 1 0 0 1 1 0 2 2 4 5 7 8 3 6 8 9 1 
1 7 6 35 3 275 270 5 7 1 0 0 1 0 0 2 0 0 1 3 12 0.3429 20 14 0.0727 0.0509 1 1 8 2 0.4000 0.1429 1 0 0 0 0 0 1 0 0 0 0 0 2 0 4 5 10 5 4 7 6 8 1 
1 7 6 35 3 275 270 5 7 0 1 0 1 0 0 2 0 0 1 3 5 0.1429 26 14 0.0945 0.0509 1 1 21 9 0.8077 0.6429 1 0 1 0 0 0 1 1 0 0 0 2 1 0 4 1 2 1 3 5 7 9 1 

1 8 5 35 4 276 271 5 6 1 0 1 0 0 0 0 0 0 1 1 10 0.2857 15 7 0.0543 0.0254 1 0 5 -3.0000 0.3333 -0.4286 1 0 0 0 0 0 1 0 0 0 0 1 2 2 6 2 7 1 3 5 8 7 1 
1 8 5 35 4 276 271 5 6 1 0 1 0 0 0 2 0 0 1 3 6 0.1714 21 14 0.0761 0.0507 1 1 15 8 0.7143 0.5714 1 0 1 0 0 0 1 1 0 0 0 0 2 0 5 4 9 2 3 6 7 11 1 
0 8 4 35 4 276 271 5 6 1 0 1 0 0 0 4 0 0 2 2 1 0.0286 7 6 0.0254 0.0217 1 1 6 5 0.8571 0.8333 1 0 1 0 0 0 1 1 0 0 1 0 2 0 4 0 2 5 3 6 9 10 1 
0 8 4 35 4 276 271 5 6 1 0 1 0 0 0 4 0 0 2 2 2 0.0571 7 6 0.0254 0.0217 1 1 5 4 0.7143 0.6667 1 0 1 0 0 0 1 1 0 0 0 1 2 0 4 2 4 5 3 5 8 10 1 
1 8 5 35 4 276 271 5 6 1 0 0 1 0 0 2 0 0 1 3 12 0.3429 20 14 0.0725 0.0507 1 1 8 2 0.4000 0.1429 1 0 0 0 0 0 1 0 0 0 0 0 2 0 4 5 10 5 4 7 6 8 1 
1 8 5 35 4 276 271 5 6 0 1 0 1 0 0 2 0 0 1 3 5 0.1429 26 14 0.0942 0.0507 1 1 21 9 0.8077 0.6429 1 0 1 0 0 0 1 1 0 0 0 2 1 0 4 1 2 1 3 5 7 9 1 

