0 1 8 29 0 262 255 7 9 1 0 1 0 0 0 0 0 0 1 1 17 0.5862 20 17 0.0763 0.0649 1 0 3 0 0.1500 0 1 0 0 0 0 0 1 0 0 0 0 0 2 2 3 2 6 4 3 4 6 10 1 
0 1 7 29 0 262 255 7 9 1 0 1 0 0 0 0 0 0 1 2 23 0.7931 25 8 0.0954 0.0305 1 0 2 -15.0000 0.0800 -1.8750 1 0 0 0 0 0 2 0 0 0 0 0 2 2 4 3 5 7 3 4 7 10 1 
0 1 8 29 0 262 255 7 9 1 0 1 0 0 0 0 0 0 1 2 11 0.3793 17 8 0.0649 0.0305 1 0 6 -3.0000 0.3529 -0.3750 1 0 0 0 0 0 2 0 0 0 0 0 2 2 4 2 5 9 3 4 7 10 1 
0 1 6 29 0 262 255 7 9 1 0 1 0 0 0 0 0 0 4 4 17 0.5862 23 22 0.0878 0.0840 1 1 6 5 0.2609 0.2273 3 0 2 0 0 0 3 2 0 0 0 0 2 3 6 4 6 4 3 6 9 10 1 
0 1 6 29 0 262 255 7 9 1 0 1 0 0 0 0 0 0 4 4 18 0.6207 23 22 0.0878 0.0840 1 1 5 4 0.2174 0.1818 1 0 3 0 1 0 1 3 1 0 0 0 2 0 5 6 6 5 3 5 8 10 1 
1 1 9 29 0 262 255 7 9 0 1 1 0 0 0 0 0 0 1 1 4 0.1379 12 26 0.0458 0.0992 1 1 8 22 0.6667 0.8462 1 0 0 0 0 0 1 0 0 0 0 0 1 0 1 0 2 3 2 4 5 6 1 
0 1 6 29 0 262 255 7 9 1 0 0 1 0 0 0 0 0 4 4 16 0.5517 23 22 0.0878 0.0840 1 1 7 6 0.3043 0.2727 1 2 1 0 1 0 3 1 1 0 0 0 2 2 5 4 6 6 4 6 8 10 1 
0 1 6 29 0 262 255 7 9 0 1 0 1 0 0 0 0 0 4 2 17 0.5862 23 30 0.0878 0.1145 1 1 6 13 0.2609 0.4333 2 1 0 0 0 0 3 0 0 0 0 0 1 0 2 2 3 2 3 5 6 7 1 
0 1 8 29 0 262 255 7 9 0 1 0 0 1 0 0 0 0 4 2 17 0.5862 22 30 0.0840 0.1145 1 1 5 13 0.2273 0.4333 2 1 0 0 0 0 3 0 0 0 0 0 1 0 2 2 3 2 3 5 6 7 1 

0 2 5 29 1 262 256 6 6 1 0 1 0 0 0 0 0 0 1 1 17 0.5862 20 17 0.0763 0.0649 1 0 3 0 0.1500 0 1 0 0 0 0 0 1 0 0 0 0 0 2 2 3 2 6 4 3 4 6 10 1 
0 2 4 29 1 262 256 6 6 1 0 1 0 0 0 0 0 0 1 2 23 0.7931 25 8 0.0954 0.0305 1 0 2 -15.0000 0.0800 -1.8750 1 0 0 0 0 0 2 0 0 0 0 0 2 2 4 3 5 7 3 4 7 10 1 
0 2 5 29 1 262 256 6 6 1 0 1 0 0 0 0 0 0 1 2 11 0.3793 17 8 0.0649 0.0305 1 0 6 -3.0000 0.3529 -0.3750 1 0 0 0 0 0 2 0 0 0 0 0 2 2 4 2 5 9 3 4 7 10 1 
1 2 6 29 1 262 256 6 6 0 1 1 0 0 0 0 0 0 1 1 4 0.1379 12 26 0.0458 0.0992 1 1 8 22 0.6667 0.8462 1 0 0 0 0 0 1 0 0 0 0 0 1 0 1 0 2 3 2 4 5 6 1 
0 2 5 29 1 262 256 6 6 0 1 0 1 0 1 0 0 1 1 2 17 0.5862 23 30 0.0878 0.1145 1 1 6 13 0.2609 0.4333 2 0 0 0 0 0 2 0 0 0 0 0 2 0 3 3 3 3 3 5 6 7 1 
0 2 5 29 1 262 256 6 6 1 0 0 0 1 1 0 0 0 1 2 17 0.5862 23 30 0.0878 0.1145 1 1 6 13 0.2609 0.4333 2 0 0 0 0 0 2 0 0 0 0 0 2 2 5 5 5 5 4 6 8 10 1 

0 3 5 29 2 263 257 6 6 1 0 1 0 0 0 0 0 0 1 1 17 0.5862 20 17 0.0760 0.0646 1 0 3 0 0.1500 0 1 0 0 0 0 0 1 0 0 0 0 0 2 2 3 2 6 4 3 4 6 10 1 
0 3 5 29 2 263 257 6 6 1 0 1 0 0 0 1 1 1 1 2 11 0.3793 17 8 0.0646 0.0304 1 0 6 -3.0000 0.3529 -0.3750 1 0 0 0 0 0 2 0 0 0 0 0 2 2 4 2 5 9 3 4 7 10 1 
1 3 6 29 2 263 257 6 6 0 1 1 0 0 0 0 0 0 1 1 4 0.1379 12 26 0.0456 0.0989 1 1 8 22 0.6667 0.8462 1 0 0 0 0 0 1 0 0 0 0 0 1 0 1 0 2 3 2 4 5 6 1 
0 3 4 29 2 263 257 6 6 1 0 1 0 0 1 1 1 1 1 2 24 0.8276 26 8 0.0989 0.0304 1 0 2 -16.0000 0.0769 -2.0000 1 0 0 0 0 0 2 0 0 0 0 0 2 2 4 4 4 10 3 4 7 10 1 
0 3 5 29 2 263 257 6 6 0 1 0 1 0 1 0 0 1 1 2 17 0.5862 23 30 0.0875 0.1141 1 1 6 13 0.2609 0.4333 2 0 0 0 0 0 2 0 0 0 0 0 2 0 3 3 3 3 3 5 6 7 1 
0 3 5 29 2 263 257 6 6 1 0 0 0 1 1 0 0 0 1 2 17 0.5862 23 30 0.0875 0.1141 1 1 6 13 0.2609 0.4333 2 0 0 0 0 0 2 0 0 0 0 0 2 2 5 5 5 5 4 6 8 10 1 

0 4 5 29 1 262 256 6 6 1 0 1 0 0 0 0 0 0 1 1 17 0.5862 20 17 0.0763 0.0649 1 0 3 0 0.1500 0 1 0 0 0 0 0 1 0 0 0 0 0 2 2 3 2 6 4 3 4 6 10 1 
0 4 4 29 1 262 256 6 6 1 0 1 0 0 1 1 1 1 1 2 23 0.7931 25 8 0.0954 0.0305 1 0 2 -15.0000 0.0800 -1.8750 1 0 0 0 0 0 2 0 0 0 0 0 2 2 4 3 5 7 3 4 7 10 1 
0 4 5 29 1 262 256 6 6 1 0 1 0 0 0 1 1 1 1 2 11 0.3793 17 8 0.0649 0.0305 1 0 6 -3.0000 0.3529 -0.3750 1 0 0 0 0 0 2 0 0 0 0 0 2 2 4 2 5 9 3 4 7 10 1 
1 4 6 29 1 262 256 6 6 0 1 1 0 0 0 0 0 0 1 1 4 0.1379 12 26 0.0458 0.0992 1 1 8 22 0.6667 0.8462 1 0 0 0 0 0 1 0 0 0 0 0 1 0 1 0 2 3 2 4 5 6 1 
0 4 5 29 1 262 256 6 6 1 0 0 1 0 1 0 0 0 1 2 17 0.5862 24 30 0.0916 0.1145 1 1 7 13 0.2917 0.4333 2 0 0 0 0 0 2 0 0 0 0 0 2 2 5 5 5 5 4 6 8 10 1 
0 4 5 29 1 262 256 6 6 0 1 0 0 1 1 0 0 1 1 2 17 0.5862 22 30 0.0840 0.1145 1 1 5 13 0.2273 0.4333 2 0 0 0 0 0 2 0 0 0 0 0 2 0 3 3 3 3 3 5 6 7 1 

0 5 5 29 2 263 257 6 6 1 0 1 0 0 0 0 0 0 1 1 17 0.5862 20 17 0.0760 0.0646 1 0 3 0 0.1500 0 1 0 0 0 0 0 1 0 0 0 0 0 2 2 3 2 6 4 3 4 6 10 1 
0 5 5 29 2 263 257 6 6 1 0 1 0 0 0 2 2 2 1 2 11 0.3793 17 8 0.0646 0.0304 1 0 6 -3.0000 0.3529 -0.3750 1 0 0 0 0 0 2 0 0 0 0 0 2 2 4 2 5 9 3 4 7 10 1 
1 5 6 29 2 263 257 6 6 0 1 1 0 0 0 0 0 0 1 1 4 0.1379 12 26 0.0456 0.0989 1 1 8 22 0.6667 0.8462 1 0 0 0 0 0 1 0 0 0 0 0 1 0 1 0 2 3 2 4 5 6 1 
0 5 4 29 2 263 257 6 6 1 0 1 0 0 2 2 2 2 1 2 24 0.8276 26 8 0.0989 0.0304 1 0 2 -16.0000 0.0769 -2.0000 1 0 0 0 0 0 2 0 0 0 0 0 2 2 4 4 4 10 3 4 7 10 1 
0 5 5 29 2 263 257 6 6 1 0 0 1 0 1 0 0 0 1 2 17 0.5862 24 30 0.0913 0.1141 1 1 7 13 0.2917 0.4333 2 0 0 0 0 0 2 0 0 0 0 0 2 2 5 5 5 5 4 6 8 10 1 
0 5 5 29 2 263 257 6 6 0 1 0 0 1 1 0 0 1 1 2 17 0.5862 22 30 0.0837 0.1141 1 1 5 13 0.2273 0.4333 2 0 0 0 0 0 2 0 0 0 0 0 2 0 3 3 3 3 3 5 6 7 1 

0 6 4 29 3 264 258 6 5 1 0 1 0 0 0 0 0 0 1 1 17 0.5862 20 17 0.0758 0.0644 1 0 3 0 0.1500 0 1 0 0 0 0 0 1 0 0 0 0 0 2 2 3 2 8 4 3 4 6 10 1 
0 6 4 29 3 264 258 6 5 1 0 1 0 0 0 3 3 3 1 1 11 0.3793 17 8 0.0644 0.0303 1 0 6 -3.0000 0.3529 -0.3750 1 0 0 0 0 0 1 0 0 0 0 0 2 2 4 2 5 9 3 4 7 10 1 
1 6 5 29 3 264 258 6 5 0 1 1 0 0 0 0 0 0 1 1 4 0.1379 12 26 0.0455 0.0985 1 1 8 22 0.6667 0.8462 1 0 0 0 0 0 1 0 0 0 0 0 1 0 2 0 4 3 2 4 5 6 1 
0 6 4 29 3 264 258 6 5 0 1 0 1 0 1 0 0 1 1 2 17 0.5862 23 30 0.0871 0.1136 1 1 6 13 0.2609 0.4333 2 0 0 0 0 0 2 0 0 0 0 0 2 0 3 3 3 3 3 5 6 7 1 
0 6 4 29 3 264 258 6 5 1 0 0 0 1 1 0 0 0 1 2 17 0.5862 23 30 0.0871 0.1136 1 1 6 13 0.2609 0.4333 2 0 0 0 0 0 2 0 0 0 0 0 2 2 5 5 5 5 4 6 8 10 1 

0 7 4 29 3 264 258 6 5 1 0 1 0 0 0 0 0 0 1 1 17 0.5862 20 17 0.0758 0.0644 1 0 3 0 0.1500 0 1 0 0 0 0 0 1 0 0 0 0 0 2 2 3 2 8 4 3 4 6 10 1 
0 7 4 29 3 264 258 6 5 1 0 1 0 0 0 4 4 4 1 1 11 0.3793 17 8 0.0644 0.0303 1 0 6 -3.0000 0.3529 -0.3750 1 0 0 0 0 0 1 0 0 0 0 0 2 2 4 2 5 9 3 4 7 10 1 
1 7 5 29 3 264 258 6 5 0 1 1 0 0 0 0 0 0 1 1 4 0.1379 12 26 0.0455 0.0985 1 1 8 22 0.6667 0.8462 1 0 0 0 0 0 1 0 0 0 0 0 1 0 2 0 4 3 2 4 5 6 1 
0 7 4 29 3 264 258 6 5 1 0 0 1 0 1 0 0 0 1 2 17 0.5862 24 30 0.0909 0.1136 1 1 7 13 0.2917 0.4333 2 0 0 0 0 0 2 0 0 0 0 0 2 2 5 5 5 5 4 6 8 10 1 
0 7 4 29 3 264 258 6 5 0 1 0 0 1 1 0 0 1 1 2 17 0.5862 22 30 0.0833 0.1136 1 1 5 13 0.2273 0.4333 2 0 0 0 0 0 2 0 0 0 0 0 2 0 3 3 3 3 3 5 6 7 1 

0 8 3 29 4 264 260 4 4 1 0 1 0 0 0 4 4 4 1 1 11 0.3793 17 8 0.0644 0.0303 1 0 6 -3.0000 0.3529 -0.3750 1 0 0 0 0 0 1 0 0 0 0 0 2 2 4 4 5 8 3 4 7 10 1 
1 8 4 29 4 264 260 4 4 0 1 1 0 0 0 0 0 0 1 1 4 0.1379 12 26 0.0455 0.0985 1 1 8 22 0.6667 0.8462 1 0 0 0 0 0 1 0 0 0 0 0 1 0 2 0 4 3 2 4 5 6 1 
0 8 3 29 4 264 260 4 4 0 1 0 1 0 1 0 0 1 1 2 17 0.5862 23 30 0.0871 0.1136 1 1 6 13 0.2609 0.4333 2 0 0 0 0 0 2 0 0 0 0 0 2 0 3 3 3 4 3 5 6 7 1 
0 8 3 29 4 264 260 4 4 1 0 0 0 1 1 0 0 0 1 2 17 0.5862 23 30 0.0871 0.1136 1 1 6 13 0.2609 0.4333 2 0 0 0 0 0 2 0 0 0 0 0 2 2 5 5 5 6 4 6 8 10 1 

1 9 4 29 5 264 261 3 4 0 1 1 0 0 0 0 0 0 1 1 4 0.1379 12 26 0.0455 0.0985 1 1 8 22 0.6667 0.8462 1 0 0 0 0 0 1 0 0 0 0 0 1 0 2 0 4 3 2 4 5 6 1 
0 9 3 29 5 264 261 3 4 1 0 1 0 0 1 5 5 5 1 1 12 0.4138 18 8 0.0682 0.0303 1 0 6 -4.0000 0.3333 -0.5000 1 0 0 0 0 0 1 0 0 0 0 0 2 2 4 3 7 7 3 4 7 10 1 
0 9 3 29 5 264 261 3 4 0 1 0 1 0 1 0 0 1 1 2 17 0.5862 23 30 0.0871 0.1136 1 1 6 13 0.2609 0.4333 2 0 0 0 0 0 2 0 0 0 0 0 2 0 3 3 3 4 3 5 6 7 1 
0 9 3 29 5 264 261 3 4 1 0 0 0 1 1 0 0 0 1 2 17 0.5862 23 30 0.0871 0.1136 1 1 6 13 0.2609 0.4333 2 0 0 0 0 0 2 0 0 0 0 0 2 2 5 5 5 6 4 6 8 10 1 

1 10 3 29 6 264 262 2 3 0 1 1 0 0 0 0 0 0 1 1 4 0.1379 12 26 0.0455 0.0985 1 1 8 22 0.6667 0.8462 1 0 0 0 0 0 1 0 0 0 0 0 1 0 2 0 4 3 2 4 5 6 1 
0 10 2 29 6 264 262 2 3 0 1 0 1 0 1 0 0 1 1 2 17 0.5862 23 30 0.0871 0.1136 1 1 6 13 0.2609 0.4333 2 0 0 0 0 0 2 0 0 0 0 0 2 0 3 3 3 4 3 5 6 7 1 
0 10 2 29 6 264 262 2 3 1 0 0 0 1 1 0 0 0 1 2 17 0.5862 23 30 0.0871 0.1136 1 1 6 13 0.2609 0.4333 2 0 0 0 0 0 2 0 0 0 0 0 2 2 5 5 5 6 4 6 8 10 1 

1 11 2 29 7 264 262 2 2 0 1 1 0 0 0 0 0 0 1 1 4 0.1379 12 26 0.0455 0.0985 1 1 8 22 0.6667 0.8462 1 0 0 0 0 0 1 0 0 0 0 0 1 0 2 0 4 3 2 4 5 6 1 
0 11 1 29 7 264 262 2 2 1 0 0 1 0 1 0 0 0 1 1 17 0.5862 30 8 0.1136 0.0303 1 0 13 -9.0000 0.4333 -1.1250 1 0 0 0 0 0 1 0 0 0 0 0 2 3 7 5 5 5 3 6 7 8 1 

0 12 4 29 4 264 259 5 5 1 0 1 0 0 2 6 6 6 1 1 11 0.3793 17 8 0.0644 0.0303 1 0 6 -3.0000 0.3529 -0.3750 1 0 0 0 0 0 1 0 0 0 0 0 2 2 4 2 5 9 3 4 7 10 1 
1 12 5 29 4 264 259 5 5 0 1 1 0 0 0 0 0 0 1 1 4 0.1379 12 26 0.0455 0.0985 1 1 8 22 0.6667 0.8462 1 0 0 0 0 0 1 0 0 0 0 0 1 0 2 0 4 3 2 4 5 6 1 
0 12 4 29 4 264 259 5 5 1 0 1 0 0 1 1 1 1 1 1 18 0.6207 21 17 0.0795 0.0644 1 0 3 -1.0000 0.1429 -0.0588 1 0 0 0 0 0 1 0 0 0 0 0 2 2 4 2 3 12 3 4 6 10 1 
0 12 4 29 4 264 259 5 5 0 1 0 1 0 2 2 0.5000 1.5000 1 2 17 0.5862 23 30 0.0871 0.1136 1 1 6 13 0.2609 0.4333 2 0 0 0 0 0 2 0 0 0 0 0 2 0 3 3 3 4 3 5 6 7 1 
0 12 4 29 4 264 259 5 5 1 0 0 0 1 1 2 0.5000 0.5000 1 2 17 0.5862 23 30 0.0871 0.1136 1 1 6 13 0.2609 0.4333 2 0 0 0 0 0 2 0 0 0 0 0 2 2 5 5 5 6 4 6 8 10 1 

1 13 5 29 5 264 260 4 5 0 1 1 0 0 0 0 0 0 1 1 4 0.1379 12 26 0.0455 0.0985 1 1 8 22 0.6667 0.8462 1 0 0 0 0 0 1 0 0 0 0 0 1 0 2 0 4 3 2 4 5 6 1 
0 13 4 29 5 264 260 4 5 1 0 1 0 0 1 1 1 1 1 1 18 0.6207 21 17 0.0795 0.0644 1 0 3 -1.0000 0.1429 -0.0588 1 0 0 0 0 0 1 0 0 0 0 0 2 2 4 2 3 12 3 4 6 10 1 
0 13 4 29 5 264 260 4 5 1 0 1 0 0 3 7 7 7 1 1 12 0.4138 18 8 0.0682 0.0303 1 0 6 -4.0000 0.3333 -0.5000 1 0 0 0 0 0 1 0 0 0 0 0 2 2 4 3 4 7 3 4 7 10 1 
0 13 4 29 5 264 260 4 5 0 1 0 1 0 2 2 0.5000 1.5000 1 2 17 0.5862 23 30 0.0871 0.1136 1 1 6 13 0.2609 0.4333 2 0 0 0 0 0 2 0 0 0 0 0 2 0 3 3 3 4 3 5 6 7 1 
0 13 4 29 5 264 260 4 5 1 0 0 0 1 1 2 0.5000 0.5000 1 2 17 0.5862 23 30 0.0871 0.1136 1 1 6 13 0.2609 0.4333 2 0 0 0 0 0 2 0 0 0 0 0 2 2 5 5 5 6 4 6 8 10 1 

1 14 5 29 6 264 261 3 5 0 1 1 0 0 0 0 0 0 1 1 4 0.1379 12 26 0.0455 0.0985 1 1 8 22 0.6667 0.8462 1 0 0 0 0 0 1 0 0 0 0 0 1 0 2 0 4 3 2 4 5 6 1 
0 14 4 29 6 264 261 3 5 1 0 1 0 0 3 7 7 7 1 1 12 0.4138 18 8 0.0682 0.0303 1 0 6 -4.0000 0.3333 -0.5000 1 0 0 0 0 0 1 0 0 0 0 0 2 2 4 3 4 7 3 4 7 10 1 
0 14 4 29 6 264 261 3 5 0 1 0 1 0 2 2 0.5000 1.5000 1 2 17 0.5862 23 30 0.0871 0.1136 1 1 6 13 0.2609 0.4333 2 0 0 0 0 0 2 0 0 0 0 0 2 0 3 3 3 5 3 5 6 7 1 
0 14 4 29 6 264 261 3 5 1 0 0 1 0 2 2 2 2 1 1 19 0.6552 22 17 0.0833 0.0644 1 0 3 -2.0000 0.1364 -0.1176 1 0 0 0 0 0 1 0 0 0 0 0 2 2 4 3 2 5 3 4 6 10 1 
0 14 4 29 6 264 261 3 5 1 0 0 0 1 1 2 0.5000 0.5000 1 2 17 0.5862 23 30 0.0871 0.1136 1 1 6 13 0.2609 0.4333 2 0 0 0 0 0 2 0 0 0 0 0 2 2 5 5 5 7 4 6 8 10 1 

1 15 4 29 7 264 262 2 4 0 1 1 0 0 0 0 0 0 1 1 4 0.1379 12 26 0.0455 0.0985 1 1 8 22 0.6667 0.8462 1 0 0 0 0 0 1 0 0 0 0 0 1 0 2 0 4 3 2 4 5 6 1 
0 15 3 29 7 264 262 2 4 0 1 0 1 0 2 2 0.5000 1.5000 1 2 17 0.5862 23 30 0.0871 0.1136 1 1 6 13 0.2609 0.4333 2 0 0 0 0 0 2 0 0 0 0 0 2 0 3 3 3 5 3 5 6 7 1 
0 15 3 29 7 264 262 2 4 1 0 0 1 0 2 2 2 2 1 1 19 0.6552 22 17 0.0833 0.0644 1 0 3 -2.0000 0.1364 -0.1176 1 0 0 0 0 0 1 0 0 0 0 0 2 2 4 3 2 5 3 4 6 10 1 
0 15 3 29 7 264 262 2 4 1 0 0 0 1 1 2 0.5000 0.5000 1 2 17 0.5862 23 30 0.0871 0.1136 1 1 6 13 0.2609 0.4333 2 0 0 0 0 0 2 0 0 0 0 0 2 2 5 5 5 7 4 6 8 10 1 

1 16 3 29 8 264 262 2 3 0 1 1 0 0 0 0 0 0 1 1 4 0.1379 12 26 0.0455 0.0985 1 1 8 22 0.6667 0.8462 1 0 0 0 0 0 1 0 0 0 0 0 1 0 2 0 4 3 2 4 5 6 1 
0 16 2 29 8 264 262 2 3 1 0 0 1 0 2 2 2 2 1 1 19 0.6552 22 17 0.0833 0.0644 1 0 3 -2.0000 0.1364 -0.1176 1 0 0 0 0 0 1 0 0 0 0 0 2 2 4 3 2 5 3 4 6 10 1 
0 16 2 29 8 264 262 2 3 1 0 0 1 0 3 1 1 1 1 1 17 0.5862 30 8 0.1136 0.0303 1 0 13 -9.0000 0.4333 -1.1250 1 0 0 0 0 0 1 0 0 0 0 0 2 3 7 5 5 5 3 6 7 8 1 

1 17 3 29 9 264 262 2 3 0 1 1 0 0 0 0 0 0 1 1 4 0.1379 12 26 0.0455 0.0985 1 1 8 22 0.6667 0.8462 1 0 0 0 0 0 1 0 0 0 0 0 1 0 2 0 4 3 2 4 5 6 1 
0 17 2 29 9 264 262 2 3 1 0 0 1 0 3 1 1 1 2 1 17 0.5862 30 8 0.1136 0.0303 1 0 13 -9.0000 0.4333 -1.1250 1 0 0 0 1 0 1 0 1 0 0 0 2 3 7 5 9 5 3 6 7 8 1 
0 17 2 29 9 264 262 2 3 1 0 0 1 0 3 3 0 0 1 2 15 0.5172 22 30 0.0833 0.1136 1 1 7 15 0.3182 0.5000 1 0 0 0 1 0 1 0 1 0 0 0 2 0 5 7 12 5 3 5 8 10 1 

0 18 3 29 4 264 260 4 4 1 0 1 0 0 4 8 8 8 1 1 11 0.3793 17 8 0.0644 0.0303 1 0 6 -3.0000 0.3529 -0.3750 1 0 0 0 0 0 1 0 0 0 0 0 2 2 4 4 5 8 3 4 7 10 1 
1 18 4 29 4 264 260 4 4 0 1 1 0 0 0 0 0 0 1 1 4 0.1379 12 26 0.0455 0.0985 1 1 8 22 0.6667 0.8462 1 0 0 0 0 0 1 0 0 0 0 0 1 0 2 0 4 3 2 4 5 6 1 
0 18 3 29 4 264 260 4 4 1 0 0 1 0 3 4 1 1 1 2 17 0.5862 24 30 0.0909 0.1136 1 1 7 13 0.2917 0.4333 2 0 0 0 0 0 2 0 0 0 0 0 2 2 5 5 5 6 4 6 8 10 1 
0 18 3 29 4 264 260 4 4 0 1 0 0 1 1 4 1 2 1 2 17 0.5862 22 30 0.0833 0.1136 1 1 5 13 0.2273 0.4333 2 0 0 0 0 0 2 0 0 0 0 0 2 0 3 3 3 4 3 5 6 7 1 

1 19 4 29 5 264 261 3 4 0 1 1 0 0 0 0 0 0 1 1 4 0.1379 12 26 0.0455 0.0985 1 1 8 22 0.6667 0.8462 1 0 0 0 0 0 1 0 0 0 0 0 1 0 2 0 4 3 2 4 5 6 1 
0 19 3 29 5 264 261 3 4 1 0 1 0 0 5 9 9 9 1 1 12 0.4138 18 8 0.0682 0.0303 1 0 6 -4.0000 0.3333 -0.5000 1 0 0 0 0 0 1 0 0 0 0 0 2 2 4 3 7 7 3 4 7 10 1 
0 19 3 29 5 264 261 3 4 1 0 0 1 0 3 4 1 1 1 2 17 0.5862 24 30 0.0909 0.1136 1 1 7 13 0.2917 0.4333 2 0 0 0 0 0 2 0 0 0 0 0 2 2 5 5 5 6 4 6 8 10 1 
0 19 3 29 5 264 261 3 4 0 1 0 0 1 1 4 1 2 1 2 17 0.5862 22 30 0.0833 0.1136 1 1 5 13 0.2273 0.4333 2 0 0 0 0 0 2 0 0 0 0 0 2 0 3 3 3 4 3 5 6 7 1 

1 20 3 29 6 264 262 2 3 0 1 1 0 0 0 0 0 0 1 1 4 0.1379 12 26 0.0455 0.0985 1 1 8 22 0.6667 0.8462 1 0 0 0 0 0 1 0 0 0 0 0 1 0 2 0 4 3 2 4 5 6 1 
0 20 2 29 6 264 262 2 3 1 0 0 1 0 3 4 1 1 1 2 17 0.5862 24 30 0.0909 0.1136 1 1 7 13 0.2917 0.4333 2 0 0 0 0 0 2 0 0 0 0 0 2 2 5 5 5 6 4 6 8 10 1 
0 20 2 29 6 264 262 2 3 0 1 0 0 1 1 4 1 2 1 2 17 0.5862 22 30 0.0833 0.1136 1 1 5 13 0.2273 0.4333 2 0 0 0 0 0 2 0 0 0 0 0 2 0 3 3 3 4 3 5 6 7 1 

1 21 2 29 7 264 262 2 2 0 1 1 0 0 0 0 0 0 1 1 4 0.1379 12 26 0.0455 0.0985 1 1 8 22 0.6667 0.8462 1 0 0 0 0 0 1 0 0 0 0 0 1 0 2 0 4 3 2 4 5 6 1 
0 21 1 29 7 264 262 2 2 1 0 0 1 0 5 2 2 2 1 1 17 0.5862 30 8 0.1136 0.0303 1 0 13 -9.0000 0.4333 -1.1250 1 0 0 0 0 0 1 0 0 0 0 0 2 3 6 5 6 5 3 6 7 8 1 

0 22 4 29 4 264 259 5 5 1 0 1 0 0 6 10 10 10 1 1 11 0.3793 17 8 0.0644 0.0303 1 0 6 -3.0000 0.3529 -0.3750 1 0 0 0 0 0 1 0 0 0 0 0 2 2 4 2 5 9 3 4 7 10 1 
1 22 5 29 4 264 259 5 5 0 1 1 0 0 0 0 0 0 1 1 4 0.1379 12 26 0.0455 0.0985 1 1 8 22 0.6667 0.8462 1 0 0 0 0 0 1 0 0 0 0 0 1 0 2 0 4 3 2 4 5 6 1 
0 22 4 29 4 264 259 5 5 1 0 1 0 0 4 4 4 4 1 1 18 0.6207 21 17 0.0795 0.0644 1 0 3 -1.0000 0.1429 -0.0588 1 0 0 0 0 0 1 0 0 0 0 0 2 2 4 2 3 12 3 4 6 10 1 
0 22 4 29 4 264 259 5 5 1 0 0 1 0 4 6 2 2 1 2 17 0.5862 24 30 0.0909 0.1136 1 1 7 13 0.2917 0.4333 2 0 0 0 0 0 2 0 0 0 0 0 2 2 5 5 5 6 4 6 8 10 1 
0 22 4 29 4 264 259 5 5 0 1 0 0 1 1 6 2 2 1 2 17 0.5862 22 30 0.0833 0.1136 1 1 5 13 0.2273 0.4333 2 0 0 0 0 0 2 0 0 0 0 0 2 0 3 3 3 4 3 5 6 7 1 

1 23 5 29 5 264 260 4 5 0 1 1 0 0 0 0 0 0 1 1 4 0.1379 12 26 0.0455 0.0985 1 1 8 22 0.6667 0.8462 1 0 0 0 0 0 1 0 0 0 0 0 1 0 2 0 4 3 2 4 5 6 1 
0 23 4 29 5 264 260 4 5 1 0 1 0 0 4 4 4 4 1 1 18 0.6207 21 17 0.0795 0.0644 1 0 3 -1.0000 0.1429 -0.0588 1 0 0 0 0 0 1 0 0 0 0 0 2 2 4 2 3 12 3 4 6 10 1 
0 23 4 29 5 264 260 4 5 1 0 1 0 0 7 11 11 11 1 1 12 0.4138 18 8 0.0682 0.0303 1 0 6 -4.0000 0.3333 -0.5000 1 0 0 0 0 0 1 0 0 0 0 0 2 2 4 3 4 7 3 4 7 10 1 
0 23 4 29 5 264 260 4 5 1 0 0 1 0 4 6 2 2 1 2 17 0.5862 24 30 0.0909 0.1136 1 1 7 13 0.2917 0.4333 2 0 0 0 0 0 2 0 0 0 0 0 2 2 5 5 5 6 4 6 8 10 1 
0 23 4 29 5 264 260 4 5 0 1 0 0 1 1 6 2 2 1 2 17 0.5862 22 30 0.0833 0.1136 1 1 5 13 0.2273 0.4333 2 0 0 0 0 0 2 0 0 0 0 0 2 0 3 3 3 4 3 5 6 7 1 

1 24 5 29 6 264 261 3 5 0 1 1 0 0 0 0 0 0 1 1 4 0.1379 12 26 0.0455 0.0985 1 1 8 22 0.6667 0.8462 1 0 0 0 0 0 1 0 0 0 0 0 1 0 2 0 4 3 2 4 5 6 1 
0 24 4 29 6 264 261 3 5 1 0 1 0 0 7 11 11 11 1 1 12 0.4138 18 8 0.0682 0.0303 1 0 6 -4.0000 0.3333 -0.5000 1 0 0 0 0 0 1 0 0 0 0 0 2 2 4 3 4 7 3 4 7 10 1 
0 24 4 29 6 264 261 3 5 1 0 0 1 0 4 6 2 2 1 2 17 0.5862 24 30 0.0909 0.1136 1 1 7 13 0.2917 0.4333 2 0 0 0 0 0 2 0 0 0 0 0 2 2 5 5 5 7 4 6 8 10 1 
0 24 4 29 6 264 261 3 5 1 0 0 1 0 5 5 5 5 1 1 19 0.6552 22 17 0.0833 0.0644 1 0 3 -2.0000 0.1364 -0.1176 1 0 0 0 0 0 1 0 0 0 0 0 2 2 4 3 2 8 3 4 6 10 1 
0 24 4 29 6 264 261 3 5 0 1 0 0 1 1 6 2 2 1 2 17 0.5862 22 30 0.0833 0.1136 1 1 5 13 0.2273 0.4333 2 0 0 0 0 0 2 0 0 0 0 0 2 0 3 3 3 5 3 5 6 7 1 

1 25 4 29 7 264 262 2 4 0 1 1 0 0 0 0 0 0 1 1 4 0.1379 12 26 0.0455 0.0985 1 1 8 22 0.6667 0.8462 1 0 0 0 0 0 1 0 0 0 0 0 1 0 2 0 4 3 2 4 5 6 1 
0 25 3 29 7 264 262 2 4 1 0 0 1 0 4 6 2 2 1 2 17 0.5862 24 30 0.0909 0.1136 1 1 7 13 0.2917 0.4333 2 0 0 0 0 0 2 0 0 0 0 0 2 2 5 5 5 7 4 6 8 10 1 
0 25 3 29 7 264 262 2 4 1 0 0 1 0 5 5 5 5 1 1 19 0.6552 22 17 0.0833 0.0644 1 0 3 -2.0000 0.1364 -0.1176 1 0 0 0 0 0 1 0 0 0 0 0 2 2 4 3 2 8 3 4 6 10 1 
0 25 3 29 7 264 262 2 4 0 1 0 0 1 1 6 2 2 1 2 17 0.5862 22 30 0.0833 0.1136 1 1 5 13 0.2273 0.4333 2 0 0 0 0 0 2 0 0 0 0 0 2 0 3 3 3 5 3 5 6 7 1 

1 26 3 29 8 264 262 2 3 0 1 1 0 0 0 0 0 0 1 1 4 0.1379 12 26 0.0455 0.0985 1 1 8 22 0.6667 0.8462 1 0 0 0 0 0 1 0 0 0 0 0 1 0 2 0 4 3 2 4 5 6 1 
0 26 2 29 8 264 262 2 3 1 0 0 1 0 5 5 5 5 1 1 19 0.6552 22 17 0.0833 0.0644 1 0 3 -2.0000 0.1364 -0.1176 1 0 0 0 0 0 1 0 0 0 0 0 2 2 4 3 2 8 3 4 6 10 1 
0 26 2 29 8 264 262 2 3 1 0 0 1 0 7 3 3 3 1 1 17 0.5862 30 8 0.1136 0.0303 1 0 13 -9.0000 0.4333 -1.1250 1 0 0 0 0 0 1 0 0 0 0 0 2 3 6 5 6 5 3 6 7 8 1 

1 27 3 29 9 264 262 2 3 0 1 1 0 0 0 0 0 0 1 1 4 0.1379 12 26 0.0455 0.0985 1 1 8 22 0.6667 0.8462 1 0 0 0 0 0 1 0 0 0 0 0 1 0 2 0 4 3 2 4 5 6 1 
0 27 2 29 9 264 262 2 3 1 0 0 1 0 7 3 3 3 2 1 17 0.5862 30 8 0.1136 0.0303 1 0 13 -9.0000 0.4333 -1.1250 1 0 0 0 1 0 1 0 1 0 0 0 2 3 6 5 10 5 3 6 7 8 1 
0 27 2 29 9 264 262 2 3 1 0 0 1 0 6 7 0 0 1 2 15 0.5172 22 30 0.0833 0.1136 1 1 7 15 0.3182 0.5000 1 0 0 0 1 0 1 0 1 0 0 0 2 0 5 7 12 5 3 5 8 10 1 

1 28 2 29 9 265 263 2 2 0 1 1 0 0 8 0 0 0 1 1 3 0.1034 30 11 0.1132 0.0415 1 1 27 8 0.9000 0.7273 1 0 0 0 0 0 1 0 0 0 0 0 1 0 1 0 1 0 2 2 2 3 1 
0 28 1 29 9 265 263 2 2 1 0 1 0 0 1 1 0.5000 0.5000 1 1 4 0.1379 27 12 0.1019 0.0453 1 1 23 8 0.8519 0.6667 1 0 0 0 0 0 1 0 0 0 0 0 2 1 3 2 3 4 3 6 8 7 1 

0 29 0 30 12 266 265 1 2 1 0 1 0 0 10 5 2 2 2 1 17 0.5667 31 23 0.1165 0.0865 1 1 14 6 0.4516 0.2609 1 1 0 0 0 0 2 0 0 0 0 0 2 3 6 4 7 5 3 6 9 10 1 
1 29 2 30 12 266 265 1 2 0 1 0 0 1 10 1 2 3 2 1 18 0.6000 31 23 0.1165 0.0865 1 1 13 5 0.4194 0.2174 1 1 0 0 0 0 2 0 0 0 0 0 1 3 3 3 3 4 2 4 7 8 1 

1 30 2 29 11 265 263 2 2 0 1 1 0 0 10 2 1.5000 0.5000 1 1 3 0.1034 30 11 0.1132 0.0415 1 1 27 8 0.9000 0.7273 1 0 0 0 0 0 1 0 0 0 0 0 1 0 1 0 1 0 2 2 2 3 1 
0 30 1 29 11 265 263 2 2 1 0 1 0 0 3 3 2 2 1 1 4 0.1379 27 12 0.1019 0.0453 1 1 23 8 0.8519 0.6667 1 0 0 0 0 0 1 0 0 0 0 0 2 1 3 2 3 4 3 6 8 7 1 

0 31 0 30 14 266 265 1 2 1 0 1 0 0 12 5 2 2 2 1 17 0.5667 31 23 0.1165 0.0865 1 1 14 6 0.4516 0.2609 1 1 0 0 0 0 2 0 0 0 0 0 2 3 6 8 7 7 3 6 9 10 1 
1 31 2 30 14 266 265 1 2 0 1 0 0 1 12 1 2 3 2 1 18 0.6000 31 23 0.1165 0.0865 1 1 13 5 0.4194 0.2174 1 1 0 0 0 0 2 0 0 0 0 0 1 3 3 3 8 4 2 4 7 8 1 

1 32 2 29 11 265 263 2 2 0 1 1 0 0 12 4 3 1 1 1 3 0.1034 30 11 0.1132 0.0415 1 1 27 8 0.9000 0.7273 1 0 0 0 0 0 1 0 0 0 0 0 1 0 1 0 1 0 2 2 2 3 1 
0 32 1 29 11 265 263 2 2 1 0 1 0 0 4 4 1 1 1 1 4 0.1379 13 26 0.0491 0.0981 1 1 9 22 0.6923 0.8462 1 0 0 0 0 0 1 0 0 0 0 0 2 1 4 1 6 4 3 6 9 10 1 

0 33 0 30 14 266 265 1 2 1 0 1 0 0 14 5 2 2 2 1 17 0.5667 31 23 0.1165 0.0865 1 1 14 6 0.4516 0.2609 1 1 0 0 0 0 2 0 0 0 0 0 2 3 6 8 7 5 3 6 9 10 1 
1 33 2 30 14 266 265 1 2 0 1 0 0 1 14 1 2 3 2 1 18 0.6000 31 23 0.1165 0.0865 1 1 13 5 0.4194 0.2174 1 1 0 0 0 0 2 0 0 0 0 0 1 3 3 3 8 4 2 4 7 8 1 

0 34 1 29 8 265 264 1 2 1 0 1 0 0 6 6 3.5000 3.5000 1 1 4 0.1379 27 12 0.1019 0.0453 1 1 23 8 0.8519 0.6667 1 0 0 0 0 0 1 0 0 0 0 0 2 1 3 2 3 4 3 6 8 7 1 
1 34 2 29 8 265 264 1 2 0 1 0 0 1 1 14 3 2 1 1 17 0.5862 22 30 0.0830 0.1132 1 1 5 13 0.2273 0.4333 1 0 0 0 0 0 1 0 0 0 0 0 1 2 3 2 4 3 3 5 6 7 1 

0 35 1 29 8 265 264 1 2 1 0 1 0 0 7 7 2.5000 2.5000 1 1 4 0.1379 13 26 0.0491 0.0981 1 1 9 22 0.6923 0.8462 1 0 0 0 0 0 1 0 0 0 0 0 2 1 4 1 6 4 3 6 9 10 1 
1 35 2 29 8 265 264 1 2 0 1 0 0 1 2 16 3.5000 2.5000 1 1 17 0.5862 22 30 0.0830 0.1132 1 1 5 13 0.2273 0.4333 1 0 0 0 0 0 1 0 0 0 0 0 1 2 3 2 4 3 3 5 6 7 1 

1 36 2 29 9 265 263 2 2 0 1 1 0 0 18 6 4.5000 1.5000 1 1 3 0.1034 30 11 0.1132 0.0415 1 1 27 8 0.9000 0.7273 1 0 0 0 0 0 1 0 0 0 0 0 1 0 1 0 1 0 2 2 2 3 1 
0 36 1 29 9 265 263 2 2 1 0 1 0 0 9 9 5 5 1 1 4 0.1379 27 12 0.1019 0.0453 1 1 23 8 0.8519 0.6667 1 0 0 0 0 0 1 0 0 0 0 0 2 1 3 2 3 4 3 6 8 7 1 

0 37 0 30 12 266 265 1 2 1 0 1 0 0 20 3 3 3 2 1 17 0.5667 31 22 0.1165 0.0827 1 1 14 5 0.4516 0.2273 1 1 0 0 0 0 2 0 0 0 0 0 2 3 6 4 7 5 3 6 9 10 1 
1 37 1 30 12 266 265 1 2 0 1 0 1 0 20 5 3 4 2 1 18 0.6000 31 24 0.1165 0.0902 1 1 13 6 0.4194 0.2500 1 1 0 0 0 0 2 0 0 0 0 0 1 3 3 3 3 4 2 4 7 8 1 

1 38 2 29 9 265 263 2 2 0 1 1 0 0 20 8 6 2 1 1 3 0.1034 30 11 0.1132 0.0415 1 1 27 8 0.9000 0.7273 1 0 0 0 0 0 1 0 0 0 0 0 1 0 1 0 1 0 2 2 2 3 1 
0 38 1 29 9 265 263 2 2 1 0 1 0 0 10 10 4 4 1 1 4 0.1379 13 26 0.0491 0.0981 1 1 9 22 0.6923 0.8462 1 0 0 0 0 0 1 0 0 0 0 0 2 1 4 1 6 4 3 6 9 10 1 

0 39 0 30 12 266 265 1 2 1 0 1 0 0 22 3 3 3 2 1 17 0.5667 31 22 0.1165 0.0827 1 1 14 5 0.4516 0.2273 1 1 0 0 0 0 2 0 0 0 0 0 2 3 6 4 7 3 3 6 9 10 1 
1 39 1 30 12 266 265 1 2 0 1 0 1 0 22 5 3 4 2 1 18 0.6000 31 24 0.1165 0.0902 1 1 13 6 0.4194 0.2500 1 1 0 0 0 0 2 0 0 0 0 0 1 3 3 3 3 4 2 4 7 8 1 

1 40 2 29 9 265 263 2 2 0 1 1 0 0 22 10 7.5000 2.5000 1 1 3 0.1034 30 11 0.1132 0.0415 1 1 27 8 0.9000 0.7273 1 0 0 0 0 0 1 0 0 0 0 0 1 0 1 0 1 0 2 2 2 3 1 
0 40 1 29 9 265 263 2 2 1 0 1 0 0 11 11 5 5 1 1 4 0.1379 13 26 0.0491 0.0981 1 1 9 22 0.6923 0.8462 1 0 0 0 0 0 1 0 0 0 0 0 2 1 4 1 6 4 3 6 9 10 1 

0 41 0 30 12 266 265 1 2 1 0 1 0 0 24 5 3 3 2 1 17 0.5667 31 23 0.1165 0.0865 1 1 14 6 0.4516 0.2609 1 1 0 0 0 0 2 0 0 0 0 0 2 3 6 4 7 3 3 6 9 10 1 
1 41 2 30 12 266 265 1 2 0 1 0 0 1 24 3 3 4 2 1 18 0.6000 31 23 0.1165 0.0865 1 1 13 5 0.4194 0.2174 1 1 0 0 0 0 2 0 0 0 0 0 1 3 3 3 3 4 2 4 7 8 1 

1 42 2 29 11 265 263 2 2 0 1 1 0 0 24 12 9 3 1 1 3 0.1034 30 11 0.1132 0.0415 1 1 27 8 0.9000 0.7273 1 0 0 0 0 0 1 0 0 0 0 0 1 0 1 0 1 0 2 2 2 3 1 
0 42 1 29 11 265 263 2 2 1 0 1 0 0 13 13 6.5000 6.5000 1 1 4 0.1379 27 12 0.1019 0.0453 1 1 23 8 0.8519 0.6667 1 0 0 0 0 0 1 0 0 0 0 0 2 1 3 2 3 4 3 6 8 7 1 

0 43 0 30 14 266 265 1 2 1 0 1 0 0 26 3 3 3 2 1 17 0.5667 31 22 0.1165 0.0827 1 1 14 5 0.4516 0.2273 1 1 0 0 0 0 2 0 0 0 0 0 2 3 6 8 7 7 3 6 9 10 1 
1 43 1 30 14 266 265 1 2 0 1 0 1 0 26 5 3 4 2 1 18 0.6000 31 24 0.1165 0.0902 1 1 13 6 0.4194 0.2500 1 1 0 0 0 0 2 0 0 0 0 0 1 3 3 3 8 4 2 4 7 8 1 

1 44 2 29 11 265 263 2 2 0 1 1 0 0 26 14 10.5000 3.5000 1 1 3 0.1034 30 11 0.1132 0.0415 1 1 27 8 0.9000 0.7273 1 0 0 0 0 0 1 0 0 0 0 0 1 0 1 0 1 0 2 2 2 3 1 
0 44 1 29 11 265 263 2 2 1 0 1 0 0 14 14 6.5000 6.5000 1 1 4 0.1379 13 26 0.0491 0.0981 1 1 9 22 0.6923 0.8462 1 0 0 0 0 0 1 0 0 0 0 0 2 1 4 1 6 4 3 6 9 10 1 

0 45 0 30 14 266 265 1 2 1 0 1 0 0 28 3 3 3 2 1 17 0.5667 31 22 0.1165 0.0827 1 1 14 5 0.4516 0.2273 1 1 0 0 0 0 2 0 0 0 0 0 2 3 6 8 7 5 3 6 9 10 1 
1 45 1 30 14 266 265 1 2 0 1 0 1 0 28 5 3 4 2 1 18 0.6000 31 24 0.1165 0.0902 1 1 13 6 0.4194 0.2500 1 1 0 0 0 0 2 0 0 0 0 0 1 3 3 3 8 4 2 4 7 8 1 

1 46 3 29 8 265 263 2 3 0 1 1 0 0 15 15 7.5000 7.5000 1 1 4 0.1379 12 26 0.0453 0.0981 1 1 8 22 0.6667 0.8462 1 0 0 0 0 0 1 0 0 0 0 0 1 0 2 0 4 3 2 4 5 6 1 
0 46 2 29 8 265 263 2 3 1 0 0 1 0 6 6 6 6 1 1 19 0.6552 22 17 0.0830 0.0642 1 0 3 -2.0000 0.1364 -0.1176 1 0 0 0 0 0 1 0 0 0 0 0 2 2 4 3 2 8 3 4 6 10 1 
1 46 3 29 8 265 263 2 3 0 1 0 0 1 3 28 4 3 1 1 17 0.5862 22 30 0.0830 0.1132 1 1 5 13 0.2273 0.4333 1 0 0 0 0 0 1 0 0 0 0 0 1 2 3 2 4 4 3 5 6 7 1 

1 47 3 29 9 265 263 2 3 0 1 1 0 0 15 15 7.5000 7.5000 1 1 4 0.1379 12 26 0.0453 0.0981 1 1 8 22 0.6667 0.8462 1 0 0 0 0 0 1 0 0 0 0 0 1 0 2 0 4 3 2 4 5 6 1 
0 47 2 29 9 265 263 2 3 1 0 0 1 0 7 28 0 0 1 2 15 0.5172 22 30 0.0830 0.1132 1 1 7 15 0.3182 0.5000 1 0 0 1 0 0 1 1 0 0 0 0 2 0 5 6 10 8 3 5 8 10 1 
0 47 2 29 9 265 263 2 3 0 1 0 0 1 3 28 4 3 1 2 17 0.5862 22 30 0.0830 0.1132 1 1 5 13 0.2273 0.4333 1 0 0 0 0 0 1 0 0 0 0 0 1 2 3 2 4 2 3 5 6 7 1 

1 48 6 29 7 266 263 3 6 0 1 1 0 0 15 15 7.5000 7.5000 1 1 4 0.1379 12 26 0.0451 0.0977 1 1 8 22 0.6667 0.8462 1 0 0 0 0 0 1 0 0 0 0 0 1 0 2 0 4 3 2 4 5 6 1 
0 48 2 29 7 266 263 3 6 1 0 1 0 0 5 3 3 3 4 4 18 0.6207 24 23 0.0902 0.0865 1 1 6 5 0.2500 0.2174 1 0 4 0 0 0 1 4 0 0 0 0 2 1 9 3 7 4 3 6 9 10 1 
0 48 2 29 7 266 263 3 6 1 0 1 0 0 5 3 1 1 4 4 19 0.6552 24 23 0.0902 0.0865 1 1 5 4 0.2083 0.1739 1 0 1 0 3 0 1 1 3 0 0 0 2 0 5 2 11 3 3 5 8 10 1 
0 48 2 29 7 266 263 3 6 1 0 0 1 0 5 3 4 4 4 4 17 0.5862 24 23 0.0902 0.0865 1 1 7 6 0.2917 0.2609 3 0 1 0 1 0 3 1 1 0 0 0 3 1 6 4 6 5 4 6 8 10 1 
0 48 2 29 7 266 263 3 6 1 0 0 1 0 5 29 4 4 4 2 17 0.5862 24 30 0.0902 0.1128 1 1 7 13 0.2917 0.4333 3 0 1 0 1 0 3 1 1 0 0 0 3 1 6 4 6 5 4 6 8 10 1 
0 48 5 29 7 266 263 3 6 1 0 0 0 1 3 29 4 4 4 2 17 0.5862 23 30 0.0865 0.1128 1 1 6 13 0.2609 0.4333 3 0 1 0 1 0 3 1 1 0 0 0 3 1 6 4 6 5 4 6 8 10 1 

1 49 7 29 8 266 263 3 7 0 1 1 0 0 15 15 7.5000 7.5000 1 1 4 0.1379 12 26 0.0451 0.0977 1 1 8 22 0.6667 0.8462 1 0 0 0 0 0 1 0 0 0 0 0 1 0 2 0 4 3 2 4 5 6 1 
0 49 3 29 8 266 263 3 7 1 0 1 0 0 5 3 3 3 4 4 18 0.6207 24 23 0.0902 0.0865 1 1 6 5 0.2500 0.2174 1 0 4 0 0 0 1 4 0 0 0 0 2 1 9 3 7 4 3 6 9 10 1 
0 49 3 29 8 266 263 3 7 1 0 1 0 0 5 3 1 1 4 4 19 0.6552 24 23 0.0902 0.0865 1 1 5 4 0.2083 0.1739 1 0 1 0 3 0 1 1 3 0 0 0 2 0 5 2 11 3 3 5 8 10 1 
0 49 6 29 8 266 263 3 7 1 0 0 1 0 8 7 7 7 1 1 19 0.6552 22 17 0.0827 0.0639 1 0 3 -2.0000 0.1364 -0.1176 1 0 0 0 0 0 1 0 0 0 0 0 2 2 4 3 2 5 3 4 6 10 1 
0 49 3 29 8 266 263 3 7 1 0 0 1 0 5 3 4 4 4 4 17 0.5862 24 23 0.0902 0.0865 1 1 7 6 0.2917 0.2609 3 0 1 0 1 0 3 1 1 0 0 0 3 1 6 4 6 6 4 6 8 10 1 
0 49 3 29 8 266 263 3 7 1 0 0 1 0 5 29 4 4 4 2 17 0.5862 24 30 0.0902 0.1128 1 1 7 13 0.2917 0.4333 3 0 1 0 1 0 3 1 1 0 0 0 3 1 6 4 6 6 4 6 8 10 1 
0 49 6 29 8 266 263 3 7 1 0 0 0 1 3 29 4 4 4 2 17 0.5862 23 30 0.0865 0.1128 1 1 6 13 0.2609 0.4333 3 0 1 0 1 0 3 1 1 0 0 0 3 1 6 4 6 6 4 6 8 10 1 

