0 1 289 30 0 289 267 22 5 1 0 1 0 0 0 0 0 0 1 2 22 0.7333 24 9 0.0830 0.0311 1 0 2 -13.0000 0.0833 -1.4444 1 0 0 0 0 0 1 0 1 0 0 0 2 2 6 8 10 10 4 5 5 8 5 
1 1 290 30 0 289 267 22 5 1 0 1 0 0 0 0 0 0 2 1 6 0.2000 9 4 0.0311 0.0138 1 0 3 -2.0000 0.3333 -0.5000 1 0 0 0 0 0 1 0 1 0 0 0 2 2 4 4 3 5 3 5 5 5 5 
0 1 289 30 0 289 267 22 5 1 0 1 0 0 0 0 0 0 1 1 11 0.3667 13 4 0.0450 0.0138 1 0 2 -7.0000 0.1538 -1.7500 1 0 0 0 0 0 1 0 0 0 0 0 2 2 4 3 5 3 3 4 5 7 9 
0 1 289 30 0 289 267 22 5 0 1 1 0 0 0 0 0 0 1 1 13 0.4333 25 23 0.0865 0.0796 1 1 12 10 0.4800 0.4348 1 0 0 0 0 0 1 0 0 0 0 0 1 0 2 2 7 1 3 4 6 7 7 
0 1 289 30 0 289 267 22 5 0 1 1 0 0 0 0 0 0 1 1 2 0.0667 17 22 0.0588 0.0761 1 1 15 20 0.8824 0.9091 1 0 0 0 0 0 1 0 0 0 0 0 1 0 1 0 4 5 3 4 5 7 9 

0 2 290 30 1 290 268 22 5 1 0 1 0 0 0 0 0 0 1 1 11 0.3667 13 4 0.0448 0.0138 1 0 2 -7.0000 0.1538 -1.7500 1 0 0 0 0 0 1 0 0 0 0 0 2 2 4 3 5 3 3 4 5 7 9 
0 2 290 30 1 290 268 22 5 0 1 1 0 0 0 0 0 0 1 1 13 0.4333 25 23 0.0862 0.0793 1 1 12 10 0.4800 0.4348 1 0 0 0 0 0 1 0 0 0 0 0 1 0 2 2 7 1 3 4 6 7 7 
0 2 290 30 1 290 268 22 5 0 1 1 0 0 0 0 0 0 1 1 2 0.0667 17 22 0.0586 0.0759 1 1 15 20 0.8824 0.9091 1 0 0 0 0 0 1 0 0 0 0 0 1 0 1 0 4 5 3 4 5 7 9 
0 2 290 30 1 290 268 22 5 1 0 1 0 0 0 1 0 0 1 2 22 0.7333 24 10 0.0828 0.0345 1 0 2 -12.0000 0.0833 -1.2000 1 0 0 0 0 0 1 0 1 0 0 0 2 2 6 8 10 10 4 5 5 8 5 
1 2 291 30 1 290 268 22 5 1 0 1 0 0 1 1 1 1 2 1 7 0.2333 10 4 0.0345 0.0138 1 0 3 -3.0000 0.3000 -0.7500 1 0 0 0 0 0 1 0 1 0 0 0 2 2 5 3 5 3 3 5 5 5 5 

0 3 291 30 2 291 269 22 5 1 0 1 0 0 0 0 0 0 1 1 11 0.3667 13 4 0.0447 0.0137 1 0 2 -7.0000 0.1538 -1.7500 1 0 0 0 0 0 1 0 0 0 0 0 2 2 4 3 5 3 3 4 5 7 9 
0 3 291 30 2 291 269 22 5 0 1 1 0 0 0 0 0 0 1 1 13 0.4333 25 23 0.0859 0.0790 1 1 12 10 0.4800 0.4348 1 0 0 0 0 0 1 0 0 0 0 0 1 0 2 2 7 1 3 4 6 7 7 
0 3 291 30 2 291 269 22 5 0 1 1 0 0 0 0 0 0 1 1 2 0.0667 17 22 0.0584 0.0756 1 1 15 20 0.8824 0.9091 1 0 0 0 0 0 1 0 0 0 0 0 1 0 1 0 4 5 3 4 5 7 9 
0 3 291 30 2 291 269 22 5 1 0 1 0 0 0 2 0 0 1 2 22 0.7333 24 11 0.0825 0.0378 1 0 2 -11.0000 0.0833 -1.0000 1 0 0 0 0 0 1 0 1 0 0 0 2 2 6 8 10 10 4 5 5 8 5 
1 3 292 30 2 291 269 22 5 1 0 1 0 0 2 2 2 2 2 1 8 0.2667 11 4 0.0378 0.0137 1 0 3 -4.0000 0.2727 -1.0000 1 0 0 0 0 0 1 0 1 0 0 0 2 2 4 5 3 6 3 5 5 5 5 

1 4 293 30 7 292 274 18 5 1 0 1 0 0 4 3 3 3 2 1 9 0.3000 12 4 0.0411 0.0137 1 0 3 -5.0000 0.2500 -1.2500 1 0 0 0 0 0 1 0 1 0 0 0 2 2 4 3 6 5 3 5 5 5 5 
0 4 292 30 7 292 274 18 5 1 0 1 0 0 2 2 2 2 1 1 12 0.4000 14 4 0.0479 0.0137 1 0 2 -8.0000 0.1429 -2.0000 1 0 0 0 0 0 1 0 0 0 0 0 2 2 4 4 3 6 3 4 5 7 9 
0 4 292 30 7 292 274 18 5 1 0 1 0 0 2 2 1.5000 1.5000 1 1 13 0.4333 24 25 0.0822 0.0856 1 1 11 12 0.4583 0.4800 1 0 0 0 0 0 1 0 0 0 0 0 2 3 6 3 10 3 3 5 6 10 14 
0 4 292 30 7 292 274 18 5 1 0 1 0 0 1 1 0.5000 0.5000 1 1 2 0.0667 23 17 0.0788 0.0582 1 1 21 15 0.9130 0.8824 1 0 0 0 0 0 1 0 0 0 0 0 2 1 3 5 8 2 3 6 8 9 10 
0 4 292 30 7 292 274 18 5 1 0 1 0 0 1 4 1 1 1 2 23 0.7667 25 12 0.0856 0.0411 1 0 2 -11.0000 0.0800 -0.9167 1 0 0 0 0 0 1 0 1 0 0 0 2 2 6 9 9 11 4 5 5 8 5 

0 5 293 30 8 293 275 18 5 1 0 1 0 0 2 2 2 2 1 1 12 0.4000 14 4 0.0478 0.0137 1 0 2 -8.0000 0.1429 -2.0000 1 0 0 0 0 0 1 0 0 0 0 0 2 2 4 4 3 6 3 4 5 7 9 
0 5 293 30 8 293 275 18 5 1 0 1 0 0 2 2 1.5000 1.5000 1 1 13 0.4333 24 25 0.0819 0.0853 1 1 11 12 0.4583 0.4800 1 0 0 0 0 0 1 0 0 0 0 0 2 3 6 3 10 3 3 5 6 10 14 
0 5 293 30 8 293 275 18 5 1 0 1 0 0 1 1 0.5000 0.5000 1 1 2 0.0667 23 17 0.0785 0.0580 1 1 21 15 0.9130 0.8824 1 0 0 0 0 0 1 0 0 0 0 0 2 1 3 5 8 2 3 6 8 9 10 
0 5 293 30 8 293 275 18 5 1 0 1 0 0 1 5 1 1 1 2 23 0.7667 25 13 0.0853 0.0444 1 0 2 -10.0000 0.0800 -0.7692 1 0 0 0 0 0 1 0 1 0 0 0 2 2 6 9 9 11 4 5 5 8 5 
1 5 294 30 8 293 275 18 5 1 0 1 0 0 5 4 4 4 2 1 10 0.3333 13 4 0.0444 0.0137 1 0 3 -6.0000 0.2308 -1.5000 1 0 0 0 0 0 1 0 1 0 0 0 2 2 4 3 4 10 3 5 5 5 5 

1 6 293 30 7 292 274 18 5 1 0 1 0 0 6 4 4 4 2 1 9 0.3000 12 4 0.0411 0.0137 1 0 3 -5.0000 0.2500 -1.2500 1 0 0 0 0 0 1 0 1 0 0 0 2 2 4 3 6 5 3 5 5 5 5 
0 6 292 30 7 292 274 18 5 1 0 1 0 0 3 3 3 3 1 1 12 0.4000 14 4 0.0479 0.0137 1 0 2 -8.0000 0.1429 -2.0000 1 0 0 0 0 0 1 0 0 0 0 0 2 2 4 4 3 6 3 4 5 7 9 
0 6 292 30 7 292 274 18 5 1 0 1 0 0 3 3 2.5000 2.5000 1 1 13 0.4333 24 25 0.0822 0.0856 1 1 11 12 0.4583 0.4800 1 0 0 0 0 0 1 0 0 0 0 0 2 3 6 3 5 9 3 5 6 10 14 
0 6 292 30 7 292 274 18 5 1 0 1 0 0 1 1 0.5000 0.5000 1 1 2 0.0667 18 22 0.0616 0.0753 1 1 16 20 0.8889 0.9091 1 0 0 0 0 0 1 0 0 0 0 0 2 1 3 1 8 5 4 5 6 8 10 
0 6 292 30 7 292 274 18 5 1 0 1 0 0 2 6 2 2 1 2 23 0.7667 25 12 0.0856 0.0411 1 0 2 -11.0000 0.0800 -0.9167 1 0 0 0 0 0 1 0 1 0 0 0 2 2 6 9 9 11 4 5 5 8 5 

0 7 293 30 8 293 275 18 5 1 0 1 0 0 3 3 3 3 1 1 12 0.4000 14 4 0.0478 0.0137 1 0 2 -8.0000 0.1429 -2.0000 1 0 0 0 0 0 1 0 0 0 0 0 2 2 4 4 3 6 3 4 5 7 9 
0 7 293 30 8 293 275 18 5 1 0 1 0 0 3 3 2.5000 2.5000 1 1 13 0.4333 24 25 0.0819 0.0853 1 1 11 12 0.4583 0.4800 1 0 0 0 0 0 1 0 0 0 0 0 2 3 6 3 5 9 3 5 6 10 14 
0 7 293 30 8 293 275 18 5 1 0 1 0 0 1 1 0.5000 0.5000 1 1 2 0.0667 18 22 0.0614 0.0751 1 1 16 20 0.8889 0.9091 1 0 0 0 0 0 1 0 0 0 0 0 2 1 3 1 8 5 4 5 6 8 10 
0 7 293 30 8 293 275 18 5 1 0 1 0 0 2 7 2 2 1 2 23 0.7667 25 13 0.0853 0.0444 1 0 2 -10.0000 0.0800 -0.7692 1 0 0 0 0 0 1 0 1 0 0 0 2 2 6 9 9 11 4 5 5 8 5 
1 7 294 30 8 293 275 18 5 1 0 1 0 0 7 5 5 5 2 1 10 0.3333 13 4 0.0444 0.0137 1 0 3 -6.0000 0.2308 -1.5000 1 0 0 0 0 0 1 0 1 0 0 0 2 2 4 3 4 10 3 5 5 5 5 

