0 1 333 30 0 333 316 17 13 1 0 1 0 0 0 0 0 0 1 4 23 0.7667 25 15 0.0751 0.0450 1 0 2 -8.0000 0.0800 -0.5333 1 0 0 1 1 0 3 0 0 1 0 0 2 2 5 10 13 9 4 5 5 8 5 
0 1 333 30 0 333 316 17 13 1 0 1 0 0 0 0 0 0 2 4 19 0.6333 25 15 0.0751 0.0450 1 0 6 -4.0000 0.2400 -0.2667 1 0 0 0 1 0 3 0 0 1 0 0 2 2 5 5 13 6 4 5 5 8 5 
1 1 334 30 0 333 316 17 13 1 0 1 0 0 0 0 0 0 1 3 11 0.3667 22 10 0.0661 0.0300 1 0 11 -1.0000 0.5000 -0.1000 1 0 0 0 0 0 1 0 0 0 1 1 2 2 4 1 4 1 3 5 6 8 10 
0 1 333 30 0 333 316 17 13 1 0 1 0 0 0 0 0 0 2 1 13 0.4333 15 14 0.0450 0.0420 1 1 2 1 0.1333 0.0714 1 0 0 0 0 0 1 0 0 0 0 0 2 1 4 2 4 4 3 4 5 7 9 
0 1 333 30 0 333 316 17 13 1 0 1 0 0 0 0 0 0 2 1 10 0.3333 21 18 0.0631 0.0541 1 1 11 8 0.5238 0.4444 1 0 0 0 0 1 1 0 0 0 2 1 2 0 4 2 4 6 3 3 6 8 9 
1 1 334 30 0 333 316 17 13 1 0 1 0 0 0 0 0 0 2 1 15 0.5000 21 31 0.0631 0.0931 1 1 6 16 0.2857 0.5161 1 0 0 0 0 1 1 1 0 0 0 2 2 0 4 4 4 8 3 5 7 8 8 
0 1 333 30 0 333 316 17 13 0 1 1 0 0 0 0 0 0 3 1 7 0.2333 29 16 0.0871 0.0480 1 1 22 9 0.7586 0.5625 1 0 0 0 0 0 1 0 0 0 0 1 1 0 1 0 1 1 3 4 5 7 12 
0 1 333 30 0 333 316 17 13 1 0 1 0 0 0 0 0 0 3 1 11 0.3667 29 23 0.0871 0.0691 1 1 18 12 0.6207 0.5217 1 0 0 0 0 2 1 1 0 0 2 0 2 0 4 4 4 14 3 4 6 9 12 
0 1 333 30 0 333 316 17 13 0 1 1 0 0 0 0 0 0 2 3 4 0.1333 25 10 0.0751 0.0300 1 1 21 6 0.8400 0.6000 1 0 1 0 0 0 1 1 0 0 0 1 1 0 4 4 2 1 2 2 3 5 6 
0 1 333 30 0 333 316 17 13 1 0 0 1 0 0 0 0 0 1 1 12 0.4000 17 12 0.0511 0.0360 1 0 5 0 0.2941 0 1 0 0 0 0 0 1 0 0 0 0 0 2 2 3 2 3 2 2 4 7 6 9 
0 1 333 30 0 333 316 17 13 1 0 0 1 0 0 0 0 0 3 4 26 0.8667 29 15 0.0871 0.0450 1 0 3 -11.0000 0.1034 -0.7333 1 0 0 1 0 0 3 0 0 1 0 0 2 3 7 8 9 10 4 5 5 8 5 
0 1 333 30 0 333 316 17 13 1 0 0 1 0 0 0 0 0 2 3 5 0.1667 15 10 0.0450 0.0300 1 1 10 5 0.6667 0.5000 1 0 1 0 0 0 1 1 0 0 1 0 2 1 4 7 4 4 3 5 6 8 9 
0 1 333 30 0 333 316 17 13 1 0 0 0 1 0 0 0 0 4 1 11 0.3667 15 14 0.0450 0.0420 1 1 4 3 0.2667 0.2143 1 0 0 0 0 0 1 0 0 3 0 0 2 0 4 0 4 8 4 5 8 10 11 

0 2 334 30 1 334 317 17 13 1 0 1 0 0 0 0 0 0 1 4 23 0.7667 25 15 0.0749 0.0449 1 0 2 -8.0000 0.0800 -0.5333 1 0 0 1 1 0 3 0 0 1 0 0 2 2 5 10 13 9 4 5 5 8 5 
0 2 334 30 1 334 317 17 13 1 0 1 0 0 0 0 0 0 2 4 19 0.6333 25 15 0.0749 0.0449 1 0 6 -4.0000 0.2400 -0.2667 1 0 0 0 1 0 3 0 0 1 0 0 2 2 5 5 13 6 4 5 5 8 5 
0 2 334 30 1 334 317 17 13 1 0 1 0 0 0 0 0 0 2 1 13 0.4333 15 14 0.0449 0.0419 1 1 2 1 0.1333 0.0714 1 0 0 0 0 0 1 0 0 0 0 0 2 1 4 2 4 4 3 4 5 7 9 
0 2 334 30 1 334 317 17 13 1 0 1 0 0 0 0 0 0 2 1 10 0.3333 21 18 0.0629 0.0539 1 1 11 8 0.5238 0.4444 1 0 0 0 0 1 1 0 0 0 2 1 2 0 4 2 4 6 3 3 6 8 9 
1 2 335 30 1 334 317 17 13 1 0 1 0 0 0 0 0 0 2 1 15 0.5000 21 31 0.0629 0.0928 1 1 6 16 0.2857 0.5161 1 0 0 0 0 1 1 1 0 0 0 2 2 0 4 4 4 8 3 5 7 8 8 
0 2 334 30 1 334 317 17 13 0 1 1 0 0 0 0 0 0 3 1 7 0.2333 29 16 0.0868 0.0479 1 1 22 9 0.7586 0.5625 1 0 0 0 0 0 1 0 0 0 0 1 1 0 1 0 1 1 3 4 5 7 12 
0 2 334 30 1 334 317 17 13 1 0 1 0 0 0 0 0 0 3 1 11 0.3667 29 23 0.0868 0.0689 1 1 18 12 0.6207 0.5217 1 0 0 0 0 2 1 1 0 0 2 0 2 0 4 4 4 14 3 4 6 9 12 
0 2 334 30 1 334 317 17 13 0 1 1 0 0 0 1 0 0 2 3 4 0.1333 25 10 0.0749 0.0299 1 1 21 6 0.8400 0.6000 1 0 1 0 0 0 1 1 0 0 0 1 1 0 4 4 2 1 2 2 3 5 6 
1 2 335 30 1 334 317 17 13 1 0 1 0 0 1 1 1 1 1 3 12 0.4000 23 10 0.0689 0.0299 1 0 11 -2.0000 0.4783 -0.2000 1 0 0 0 0 0 1 0 0 0 1 1 2 2 4 3 2 3 3 5 6 8 10 
0 2 334 30 1 334 317 17 13 1 0 0 1 0 0 0 0 0 1 1 12 0.4000 17 12 0.0509 0.0359 1 0 5 0 0.2941 0 1 0 0 0 0 0 1 0 0 0 0 0 2 2 3 2 3 2 2 4 7 6 9 
0 2 334 30 1 334 317 17 13 1 0 0 1 0 0 0 0 0 3 4 26 0.8667 29 15 0.0868 0.0449 1 0 3 -11.0000 0.1034 -0.7333 1 0 0 1 0 0 3 0 0 1 0 0 2 3 7 8 9 10 4 5 5 8 5 
0 2 334 30 1 334 317 17 13 1 0 0 1 0 0 1 0 0 2 3 5 0.1667 15 10 0.0449 0.0299 1 1 10 5 0.6667 0.5000 1 0 1 0 0 0 1 1 0 0 1 0 2 1 4 7 4 4 3 5 6 8 9 
0 2 334 30 1 334 317 17 13 1 0 0 0 1 0 0 0 0 4 1 11 0.3667 15 14 0.0449 0.0419 1 1 4 3 0.2667 0.2143 1 0 0 0 0 0 1 0 0 3 0 0 2 0 4 0 4 8 4 5 8 10 11 

0 3 335 30 1 335 319 16 12 1 0 1 0 0 0 0 0 0 1 4 23 0.7667 25 15 0.0746 0.0448 1 0 2 -8.0000 0.0800 -0.5333 1 0 0 1 1 0 3 0 0 1 0 0 2 2 5 10 13 9 4 5 5 8 5 
0 3 335 30 1 335 319 16 12 1 0 1 0 0 0 0 0 0 2 4 19 0.6333 25 15 0.0746 0.0448 1 0 6 -4.0000 0.2400 -0.2667 1 0 0 0 1 0 3 0 0 1 0 0 2 2 5 5 13 6 4 5 5 8 5 
0 3 335 30 1 335 319 16 12 1 0 1 0 0 0 0 0 0 2 1 13 0.4333 15 14 0.0448 0.0418 1 1 2 1 0.1333 0.0714 1 0 0 0 0 0 1 0 0 0 0 0 2 1 4 2 4 4 3 4 5 7 9 
0 3 335 30 1 335 319 16 12 1 0 1 0 0 0 0 0 0 2 1 10 0.3333 21 18 0.0627 0.0537 1 1 11 8 0.5238 0.4444 1 0 0 0 0 1 1 0 0 0 2 1 2 0 4 2 4 6 3 3 6 8 9 
1 3 336 30 1 335 319 16 12 1 0 1 0 0 0 0 0 0 2 1 15 0.5000 21 31 0.0627 0.0925 1 1 6 16 0.2857 0.5161 1 0 0 0 0 1 1 1 0 0 0 2 2 0 4 4 4 8 3 5 7 8 8 
0 3 335 30 1 335 319 16 12 0 1 1 0 0 0 0 0 0 3 1 7 0.2333 29 16 0.0866 0.0478 1 1 22 9 0.7586 0.5625 1 0 0 0 0 0 1 0 0 0 0 1 1 0 1 0 1 1 3 4 5 7 12 
0 3 335 30 1 335 319 16 12 1 0 1 0 0 0 0 0 0 3 1 11 0.3667 29 23 0.0866 0.0687 1 1 18 12 0.6207 0.5217 1 0 0 0 0 2 1 1 0 0 2 0 2 0 4 4 4 14 3 4 6 9 12 
0 3 335 30 1 335 319 16 12 1 0 0 1 0 0 0 0 0 1 1 12 0.4000 17 12 0.0507 0.0358 1 0 5 0 0.2941 0 1 0 0 0 0 0 1 0 0 0 0 0 2 2 3 2 3 2 2 4 7 6 9 
0 3 335 30 1 335 319 16 12 1 0 0 1 0 0 0 0 0 3 4 26 0.8667 29 15 0.0866 0.0448 1 0 3 -11.0000 0.1034 -0.7333 1 0 0 1 0 0 3 0 0 1 0 0 2 3 7 8 9 10 4 5 5 8 5 
0 3 335 30 1 335 319 16 12 0 1 0 1 0 1 0 0 0 2 2 4 0.1333 13 25 0.0388 0.0746 1 1 9 21 0.6923 0.8400 1 0 0 0 0 0 1 0 0 0 0 0 1 0 1 0 1 5 1 2 3 3 2 
0 3 335 30 1 335 319 16 12 1 0 0 0 1 0 0 0 0 4 1 11 0.3667 15 14 0.0448 0.0418 1 1 4 3 0.2667 0.2143 1 0 0 0 0 0 1 0 0 3 0 0 2 0 4 0 4 8 4 5 8 10 11 
0 3 335 30 1 335 319 16 12 0 1 0 0 1 1 0 0 0 2 2 6 0.2000 13 15 0.0388 0.0448 1 1 7 9 0.5385 0.6000 1 0 1 0 0 0 2 0 0 0 0 0 1 2 1 6 1 4 2 2 4 7 8 

0 4 335 31 2 335 318 17 12 1 0 1 0 0 0 0 0 0 1 4 23 0.7419 25 15 0.0746 0.0448 1 0 2 -8.0000 0.0800 -0.5333 1 0 0 1 1 0 3 0 0 1 0 0 2 2 5 10 13 9 4 5 5 8 5 
0 4 335 31 2 335 318 17 12 1 0 1 0 0 0 0 0 0 2 4 19 0.6129 25 15 0.0746 0.0448 1 0 6 -4.0000 0.2400 -0.2667 1 0 0 0 1 0 3 0 0 1 0 0 2 2 5 5 13 6 4 5 5 8 5 
0 4 335 31 2 335 318 17 12 1 0 1 0 0 0 0 0 0 2 1 13 0.4194 15 14 0.0448 0.0418 1 1 2 1 0.1333 0.0714 1 0 0 0 0 0 1 0 0 0 0 0 2 1 4 2 4 4 3 4 5 7 9 
0 4 335 31 2 335 318 17 12 1 0 1 0 0 1 0 0 0 1 1 10 0.3226 21 18 0.0627 0.0537 1 1 11 8 0.5238 0.4444 1 0 0 0 0 1 1 0 0 0 2 0 2 0 4 2 4 6 3 3 6 8 9 
0 4 335 31 2 335 318 17 12 0 1 1 0 0 0 0 0 0 3 1 7 0.2258 29 16 0.0866 0.0478 1 1 22 9 0.7586 0.5625 1 0 0 0 0 0 1 0 0 0 0 1 1 0 1 0 1 1 3 4 5 7 12 
0 4 335 31 2 335 318 17 12 1 0 1 0 0 0 0 0 0 3 1 11 0.3548 29 23 0.0866 0.0687 1 1 18 12 0.6207 0.5217 1 0 0 0 0 1 1 0 0 0 2 0 2 0 4 4 4 12 3 4 6 9 12 
0 4 335 31 2 335 318 17 12 0 1 1 0 0 0 1 0 0 2 3 4 0.1290 25 10 0.0746 0.0299 1 1 21 6 0.8400 0.6000 1 0 1 0 0 0 1 1 0 0 0 1 1 0 4 4 2 1 2 2 3 5 6 
1 4 336 31 2 335 318 17 12 1 0 1 0 0 1 1 1 1 1 3 12 0.3871 23 10 0.0687 0.0299 1 0 11 -2.0000 0.4783 -0.2000 1 0 0 0 0 0 1 0 0 0 1 1 2 2 4 3 2 3 3 5 6 8 10 
0 4 335 31 2 335 318 17 12 1 0 0 1 0 0 0 0 0 1 1 12 0.3871 17 12 0.0507 0.0358 1 0 5 0 0.2941 0 1 0 0 0 0 0 1 0 0 0 0 0 2 2 3 2 3 2 2 4 7 6 9 
0 4 335 31 2 335 318 17 12 1 0 0 1 0 0 0 0 0 3 4 26 0.8387 29 15 0.0866 0.0448 1 0 3 -11.0000 0.1034 -0.7333 1 0 0 1 0 0 3 0 0 1 0 0 2 3 7 8 9 10 4 5 5 8 5 
0 4 335 31 2 335 318 17 12 1 0 0 1 0 0 1 0 0 2 3 5 0.1613 15 10 0.0448 0.0299 1 1 10 5 0.6667 0.5000 1 0 1 0 0 0 1 1 0 0 1 0 2 1 4 7 4 4 3 5 6 8 9 
0 4 335 31 2 335 318 17 12 1 0 0 0 1 0 0 0 0 4 1 11 0.3548 15 14 0.0448 0.0418 1 1 4 3 0.2667 0.2143 1 0 0 0 0 0 1 0 0 3 0 0 2 0 4 0 4 8 4 5 8 10 11 

0 5 335 30 2 335 318 17 13 1 0 1 0 0 0 0 0 0 1 4 23 0.7667 25 15 0.0746 0.0448 1 0 2 -8.0000 0.0800 -0.5333 1 0 0 1 1 0 3 0 0 1 0 0 2 2 5 10 13 9 4 5 5 8 5 
0 5 335 30 2 335 318 17 13 1 0 1 0 0 0 0 0 0 2 4 19 0.6333 25 15 0.0746 0.0448 1 0 6 -4.0000 0.2400 -0.2667 1 0 0 0 1 0 3 0 0 1 0 0 2 2 5 5 13 6 4 5 5 8 5 
0 5 335 30 2 335 318 17 13 1 0 1 0 0 0 0 0 0 2 1 13 0.4333 15 14 0.0448 0.0418 1 1 2 1 0.1333 0.0714 1 0 0 0 0 0 1 0 0 0 0 0 2 1 4 2 4 4 3 4 5 7 9 
0 5 335 30 2 335 318 17 13 0 1 1 0 0 0 0 0 0 3 1 7 0.2333 29 16 0.0866 0.0478 1 1 22 9 0.7586 0.5625 1 0 0 0 0 0 1 0 0 0 0 1 1 0 1 0 1 1 3 4 5 7 12 
0 5 335 30 2 335 318 17 13 1 0 1 0 0 0 0 0 0 3 1 11 0.3667 29 23 0.0866 0.0687 1 1 18 12 0.6207 0.5217 1 0 0 0 0 2 2 0 0 0 2 0 2 0 4 4 5 13 3 4 6 9 12 
0 5 335 30 2 335 318 17 13 0 1 1 0 0 0 1 0 0 2 3 4 0.1333 25 10 0.0746 0.0299 1 1 21 6 0.8400 0.6000 1 0 1 0 0 0 1 1 0 0 0 1 1 0 4 4 2 1 2 2 3 5 6 
1 5 336 30 2 335 318 17 13 1 0 1 0 0 1 1 1 1 1 3 12 0.4000 23 10 0.0687 0.0299 1 0 11 -2.0000 0.4783 -0.2000 1 0 0 0 0 0 1 0 0 0 1 1 2 2 4 3 2 3 3 5 6 8 10 
0 5 335 30 2 335 318 17 13 0 1 1 0 0 1 1 0 1 2 1 16 0.5333 22 31 0.0657 0.0925 1 1 6 15 0.2727 0.4839 1 0 0 0 0 1 2 0 0 0 2 0 1 0 1 0 1 6 2 2 3 4 7 
0 5 335 30 2 335 318 17 13 1 0 0 1 0 0 0 0 0 1 1 12 0.4000 17 12 0.0507 0.0358 1 0 5 0 0.2941 0 1 0 0 0 0 0 1 0 0 0 0 0 2 2 3 2 3 2 2 4 7 6 9 
0 5 335 30 2 335 318 17 13 1 0 0 1 0 0 0 0 0 3 4 26 0.8667 29 15 0.0866 0.0448 1 0 3 -11.0000 0.1034 -0.7333 1 0 0 1 0 0 3 0 0 1 0 0 2 3 7 8 9 10 4 5 5 8 5 
0 5 335 30 2 335 318 17 13 1 0 0 1 0 0 1 0 0 2 3 5 0.1667 15 10 0.0448 0.0299 1 1 10 5 0.6667 0.5000 1 0 1 0 0 0 1 1 0 0 1 0 2 1 4 7 4 4 3 5 6 8 9 
0 5 335 30 2 335 318 17 13 1 0 0 1 0 1 0 0 0 2 1 10 0.3333 22 18 0.0657 0.0537 1 1 12 8 0.5455 0.4444 1 0 0 0 0 1 1 0 0 0 3 0 2 0 4 2 4 6 3 3 6 8 9 
0 5 335 30 2 335 318 17 13 1 0 0 0 1 0 0 0 0 4 1 11 0.3667 15 14 0.0448 0.0418 1 1 4 3 0.2667 0.2143 1 0 0 0 0 0 1 0 0 3 0 0 2 0 4 0 4 8 4 5 8 10 11 

0 6 337 31 13 337 336 1 2 1 0 0 1 0 6 1 0.5000 0.5000 2 1 6 0.1935 14 15 0.0415 0.0445 1 1 8 9 0.5714 0.6000 1 0 1 0 0 0 1 1 0 0 0 0 2 2 4 6 4 4 3 3 5 8 9 
1 6 338 31 13 337 336 1 2 0 1 0 1 0 6 2 0 1.5000 2 1 5 0.1613 14 25 0.0415 0.0742 1 1 9 20 0.6429 0.8000 1 0 0 0 0 0 1 0 0 0 0 0 1 0 1 0 1 6 2 3 3 2 2 

0 7 337 31 13 337 336 1 3 1 0 1 0 0 4 6 3.5000 3.5000 1 3 12 0.3871 23 13 0.0682 0.0386 1 1 11 1 0.4783 0.0769 1 0 0 0 0 0 1 0 0 0 0 1 2 2 3 2 3 2 3 5 6 8 10 
1 7 338 31 13 337 336 1 3 1 0 0 1 0 6 1 0.5000 0.5000 3 1 6 0.1935 13 15 0.0386 0.0445 1 1 7 9 0.5385 0.6000 1 0 1 0 0 0 1 1 0 0 0 1 2 2 4 7 3 5 3 3 5 8 9 
1 7 338 31 13 337 336 1 3 0 1 0 1 0 6 2 0 1.5000 3 1 5 0.1613 13 25 0.0386 0.0742 1 1 8 20 0.6154 0.8000 1 0 0 0 0 0 1 0 0 0 0 0 1 0 1 0 1 6 2 3 3 2 2 

0 8 337 31 7 337 334 3 7 1 0 1 0 0 2 2 1.5000 1.5000 1 1 7 0.2258 30 16 0.0890 0.0475 1 1 23 9 0.7667 0.5625 1 0 0 0 0 0 1 0 0 1 0 1 2 1 3 1 5 1 4 5 6 8 13 
1 8 338 31 7 337 334 3 7 1 0 1 0 0 4 2 1.5000 1.5000 3 1 11 0.3548 22 19 0.0653 0.0564 1 1 11 8 0.5000 0.4211 1 0 0 0 1 0 1 0 1 0 0 2 2 1 3 4 5 4 3 3 6 8 9 
1 8 338 31 7 337 334 3 7 1 0 1 0 0 4 2 2 2 3 1 16 0.5161 22 32 0.0653 0.0950 1 1 6 16 0.2727 0.5000 1 0 0 0 0 0 1 0 0 1 0 1 2 0 4 5 3 3 3 5 7 8 8 
1 8 338 31 7 337 334 3 7 1 0 1 0 0 4 0 0 0 3 1 13 0.4194 22 23 0.0653 0.0682 1 1 9 10 0.4091 0.4348 1 0 0 0 1 0 1 0 1 2 0 0 2 0 4 4 8 7 4 5 7 8 9 
0 8 337 31 7 337 334 3 7 1 0 0 1 0 2 1 1 1 1 1 12 0.3871 17 12 0.0504 0.0356 1 0 5 0 0.2941 0 1 0 0 0 0 0 1 0 0 0 0 0 2 2 3 2 3 2 2 4 7 6 9 
0 8 337 31 7 337 334 3 7 0 1 0 1 0 6 2 1.5000 0.5000 2 1 4 0.1290 13 25 0.0386 0.0742 1 1 9 21 0.6923 0.8400 1 0 0 0 0 0 1 0 0 0 0 0 1 0 1 0 1 5 1 2 3 3 2 
0 8 337 31 7 337 334 3 7 0 1 0 0 1 6 1 0.5000 0 2 1 6 0.1935 13 15 0.0386 0.0445 1 1 7 9 0.5385 0.6000 1 0 1 0 0 0 2 0 0 0 0 0 1 2 1 6 1 4 2 2 4 7 8 

1 9 337 31 6 336 333 3 7 1 0 1 0 0 2 0 0 0 3 1 11 0.3548 29 23 0.0863 0.0685 1 1 18 12 0.6207 0.5217 1 0 0 1 0 0 1 0 0 1 1 0 2 0 4 4 6 10 3 4 6 9 12 
0 9 336 31 6 336 333 3 7 0 1 1 0 0 2 4 0.5000 1.5000 1 1 11 0.3548 19 21 0.0565 0.0625 1 1 8 10 0.4211 0.4762 1 0 0 1 0 0 1 0 0 2 0 0 1 0 1 6 1 4 2 4 5 5 8 
0 9 336 31 6 336 333 3 7 1 0 1 0 0 2 2 0.5000 0.5000 1 3 7 0.2258 17 29 0.0506 0.0863 1 1 10 22 0.5882 0.7586 1 0 0 0 0 0 1 0 0 1 1 0 2 1 3 3 3 5 4 6 6 9 12 
0 9 336 31 6 336 333 3 7 1 0 0 1 0 2 1 1 1 1 1 12 0.3871 17 12 0.0506 0.0357 1 0 5 0 0.2941 0 1 0 0 0 0 0 1 0 0 0 0 0 2 2 3 2 3 2 2 4 7 6 9 
0 9 336 31 6 336 333 3 7 0 1 0 1 0 6 2 1.5000 0.5000 2 1 4 0.1290 13 25 0.0387 0.0744 1 1 9 21 0.6923 0.8400 1 0 0 0 0 0 1 0 0 0 0 0 1 0 1 0 1 5 1 2 3 3 2 
0 9 336 31 6 336 333 3 7 1 0 0 1 0 1 2 1 1 1 3 26 0.8387 25 29 0.0744 0.0863 0 1 -1.0000 3 -0.0400 0.1034 1 0 0 0 0 0 1 0 0 0 0 0 2 3 7 7 9 9 4 5 5 8 5 
0 9 336 31 6 336 333 3 7 0 1 0 0 1 6 1 0.5000 0 2 1 6 0.1935 13 15 0.0387 0.0446 1 1 7 9 0.5385 0.6000 1 0 1 0 0 0 2 0 0 0 0 0 1 2 1 6 1 4 2 2 4 7 8 

0 10 336 31 5 336 332 4 9 0 1 1 0 0 3 2 1.5000 0.5000 3 1 7 0.2258 29 16 0.0863 0.0476 1 1 22 9 0.7586 0.5625 1 0 0 0 0 0 1 0 0 0 0 2 1 0 1 0 1 1 3 4 5 7 12 
0 10 336 31 5 336 332 4 9 1 0 1 0 0 3 1 1 1 3 2 11 0.3548 29 23 0.0863 0.0685 1 1 18 12 0.6207 0.5217 1 0 0 0 2 0 1 1 1 0 2 0 2 0 4 0 9 10 3 4 6 9 12 
1 10 337 31 5 336 332 4 9 0 1 1 0 0 4 2 0 1.5000 3 1 11 0.3548 22 18 0.0655 0.0536 1 1 11 7 0.5000 0.3889 1 0 0 0 0 0 1 0 0 0 0 1 1 0 1 0 1 0 1 2 4 6 9 
1 10 337 31 5 336 332 4 9 1 0 1 0 0 4 2 2 2 3 1 16 0.5161 22 32 0.0655 0.0952 1 1 6 16 0.2727 0.5000 1 0 0 0 0 0 1 1 0 1 0 2 2 0 4 1 8 1 3 5 7 8 8 
1 10 337 31 5 336 332 4 9 1 0 1 0 0 4 1 0 0 3 2 13 0.4194 22 23 0.0655 0.0685 1 1 9 10 0.4091 0.4348 1 0 0 0 2 0 1 0 3 1 0 0 2 0 4 0 9 8 4 5 7 8 9 
0 10 336 31 5 336 332 4 9 1 0 0 1 0 2 1 1 1 1 1 12 0.3871 17 12 0.0506 0.0357 1 0 5 0 0.2941 0 1 0 0 0 0 0 1 0 0 0 0 0 2 2 3 2 3 2 2 4 7 6 9 
0 10 336 31 5 336 332 4 9 0 1 0 1 0 6 2 1.5000 0.5000 2 1 4 0.1290 13 25 0.0387 0.0744 1 1 9 21 0.6923 0.8400 1 0 0 0 0 0 1 0 0 0 0 0 1 0 1 0 1 5 1 2 3 3 2 
0 10 336 31 5 336 332 4 9 1 0 0 1 0 1 3 1 1 1 3 26 0.8387 25 29 0.0744 0.0863 0 1 -1.0000 3 -0.0400 0.1034 1 0 0 0 0 0 1 0 0 0 0 0 2 3 7 7 9 9 4 5 5 8 5 
0 10 336 31 5 336 332 4 9 0 1 0 0 1 6 1 0.5000 0 2 1 6 0.1935 13 15 0.0387 0.0446 1 1 7 9 0.5385 0.6000 1 0 1 0 0 0 2 0 0 0 0 0 1 2 1 6 1 4 2 2 4 7 8 

0 11 337 31 6 337 333 4 9 0 1 1 0 0 3 2 1.5000 0.5000 3 1 7 0.2258 29 16 0.0861 0.0475 1 1 22 9 0.7586 0.5625 1 0 0 0 0 0 1 0 0 0 0 2 1 0 1 0 1 1 3 4 5 7 12 
0 11 337 31 6 337 333 4 9 1 0 1 0 0 3 1 1 1 3 2 11 0.3548 29 23 0.0861 0.0682 1 1 18 12 0.6207 0.5217 1 0 0 0 2 0 1 1 1 0 2 0 2 0 4 0 10 9 3 4 6 9 12 
1 11 338 31 6 337 333 4 9 1 0 1 0 0 5 2 2 2 3 1 16 0.5161 22 32 0.0653 0.0950 1 1 6 16 0.2727 0.5000 1 0 0 0 0 0 1 1 0 1 0 2 2 0 4 1 8 1 3 5 7 8 8 
1 11 338 31 6 337 333 4 9 1 0 1 0 0 5 1 0 0 3 2 13 0.4194 22 23 0.0653 0.0682 1 1 9 10 0.4091 0.4348 1 0 0 0 2 0 1 0 3 1 0 0 2 0 4 0 12 5 4 5 7 8 9 
0 11 337 31 6 337 333 4 9 1 0 1 0 0 3 5 2 2 1 3 11 0.3548 19 22 0.0564 0.0653 1 1 8 11 0.4211 0.5000 1 0 0 0 2 0 1 0 1 0 2 1 2 1 3 2 8 2 3 3 6 8 9 
0 11 337 31 6 337 333 4 9 1 0 0 1 0 2 1 1 1 1 1 12 0.3871 17 12 0.0504 0.0356 1 0 5 0 0.2941 0 1 0 0 0 0 0 1 0 0 0 0 0 2 2 3 2 3 2 2 4 7 6 9 
0 11 337 31 6 337 333 4 9 0 1 0 1 0 6 2 1.5000 0.5000 2 1 4 0.1290 13 25 0.0386 0.0742 1 1 9 21 0.6923 0.8400 1 0 0 0 0 0 1 0 0 0 0 0 1 0 1 0 1 5 1 2 3 3 2 
0 11 337 31 6 337 333 4 9 1 0 0 1 0 1 3 1 1 1 3 26 0.8387 25 29 0.0742 0.0861 0 1 -1.0000 3 -0.0400 0.1034 1 0 0 0 0 0 1 0 0 0 0 0 2 3 7 7 9 9 4 5 5 8 5 
0 11 337 31 6 337 333 4 9 0 1 0 0 1 6 1 0.5000 0 2 1 6 0.1935 13 15 0.0386 0.0445 1 1 7 9 0.5385 0.6000 1 0 1 0 0 0 2 0 0 0 0 0 1 2 1 6 1 4 2 2 4 7 8 

