0 1 253 26 4 253 253 0 3 1 0 0 1 0 0 0 0 0 1 1 12 0.4615 27 18 0.1067 0.0711 1 1 15 6 0.5556 0.3333 1 0 0 0 0 0 1 0 0 0 0 0 2 0 4 1 5 5 4 6 7 9 16 
0 1 253 26 4 253 253 0 3 1 0 0 1 0 0 0 0 0 1 1 4 0.1538 25 14 0.0988 0.0553 1 1 21 10 0.8400 0.7143 1 0 0 0 0 0 1 0 0 0 0 0 2 0 4 0 4 2 4 7 10 12 9 
1 1 254 26 4 253 253 0 3 1 0 0 1 0 4 4 4 4 1 1 17 0.6538 19 3 0.0751 0.0119 1 0 2 -14.0000 0.1053 -4.6667 1 0 0 0 0 0 1 0 0 0 0 0 2 2 6 8 10 9 4 5 5 8 5 

0 2 254 26 6 254 254 0 3 1 0 0 1 0 0 0 0 0 1 1 12 0.4615 27 18 0.1063 0.0709 1 1 15 6 0.5556 0.3333 1 0 0 0 0 0 1 0 0 0 0 0 2 0 5 0 9 0 4 6 7 9 16 
0 2 254 26 6 254 254 0 3 1 0 0 1 0 0 0 0 0 1 1 4 0.1538 25 14 0.0984 0.0551 1 1 21 10 0.8400 0.7143 1 0 0 0 0 0 1 0 0 0 0 0 2 0 4 0 4 2 4 7 10 12 9 
1 2 255 26 6 254 254 0 3 1 0 0 1 0 6 5 5 5 1 1 18 0.6923 20 3 0.0787 0.0118 1 0 2 -15.0000 0.1000 -5.0000 1 0 0 0 0 0 1 0 0 0 0 0 2 2 6 9 8 12 4 5 5 8 5 

0 3 255 26 8 255 255 0 3 1 0 0 1 0 0 0 0 0 1 1 12 0.4615 27 18 0.1059 0.0706 1 1 15 6 0.5556 0.3333 1 0 0 0 0 0 1 0 0 0 0 0 2 0 4 5 4 2 4 6 7 9 16 
0 3 255 26 8 255 255 0 3 1 0 0 1 0 0 0 0 0 1 1 4 0.1538 25 14 0.0980 0.0549 1 1 21 10 0.8400 0.7143 1 0 0 0 0 0 1 0 0 0 0 0 2 0 4 0 4 2 4 7 10 12 9 
1 3 256 26 8 255 255 0 3 1 0 0 1 0 8 6 6 6 1 1 19 0.7308 21 3 0.0824 0.0118 1 0 2 -16.0000 0.0952 -5.3333 1 0 0 0 0 0 1 0 0 0 0 0 2 2 6 9 9 10 4 5 5 8 5 

0 4 256 26 10 256 256 0 3 1 0 0 1 0 0 0 0 0 1 1 12 0.4615 27 18 0.1055 0.0703 1 1 15 6 0.5556 0.3333 1 0 0 0 0 0 1 0 0 0 0 0 2 0 4 5 4 2 4 6 7 9 16 
0 4 256 26 10 256 256 0 3 1 0 0 1 0 0 0 0 0 1 1 4 0.1538 25 14 0.0977 0.0547 1 1 21 10 0.8400 0.7143 1 0 0 0 0 0 1 0 0 0 0 0 2 0 4 0 4 2 4 7 10 12 9 
1 4 257 26 10 256 256 0 3 1 0 0 1 0 10 7 7 7 1 1 20 0.7692 22 3 0.0859 0.0117 1 0 2 -17.0000 0.0909 -5.6667 1 0 0 0 0 0 1 0 0 0 0 0 2 2 6 9 9 11 4 5 5 8 5 

0 5 257 26 12 257 257 0 3 1 0 0 1 0 0 0 0 0 1 1 12 0.4615 27 18 0.1051 0.0700 1 1 15 6 0.5556 0.3333 1 0 0 0 0 0 1 0 0 0 0 0 2 3 4 2 4 2 4 6 7 9 16 
0 5 257 26 12 257 257 0 3 1 0 0 1 0 0 0 0 0 1 1 4 0.1538 25 14 0.0973 0.0545 1 1 21 10 0.8400 0.7143 1 0 0 0 0 0 1 0 0 0 0 0 2 0 4 0 4 2 4 7 10 12 9 
1 5 258 26 12 257 257 0 3 1 0 0 1 0 12 8 8 8 1 1 21 0.8077 23 3 0.0895 0.0117 1 0 2 -18.0000 0.0870 -6.0000 1 0 0 0 0 0 1 0 0 0 0 0 2 2 6 9 9 11 4 5 5 8 5 

0 6 258 26 14 258 258 0 3 1 0 0 1 0 0 0 0 0 1 1 12 0.4615 27 18 0.1047 0.0698 1 1 15 6 0.5556 0.3333 1 0 0 0 0 0 1 0 0 0 0 0 2 2 6 1 5 1 4 6 7 9 16 
0 6 258 26 14 258 258 0 3 1 0 0 1 0 0 0 0 0 1 1 4 0.1538 25 14 0.0969 0.0543 1 1 21 10 0.8400 0.7143 1 0 0 0 0 0 1 0 0 0 0 0 2 0 4 0 4 2 4 7 10 12 9 
1 6 259 26 14 258 258 0 3 1 0 0 1 0 14 9 9 9 1 1 22 0.8462 24 3 0.0930 0.0116 1 0 2 -19.0000 0.0833 -6.3333 1 0 0 0 0 0 1 0 0 0 0 0 2 2 6 9 9 11 4 5 5 8 5 

0 7 259 26 16 259 259 0 3 1 0 0 1 0 0 0 0 0 1 1 12 0.4615 27 18 0.1042 0.0695 1 1 15 6 0.5556 0.3333 1 0 0 0 0 0 1 0 0 0 0 0 2 1 4 4 4 2 4 6 7 9 16 
0 7 259 26 16 259 259 0 3 1 0 0 1 0 0 0 0 0 1 1 4 0.1538 25 14 0.0965 0.0541 1 1 21 10 0.8400 0.7143 1 0 0 0 0 0 1 0 0 0 0 0 2 0 4 0 4 2 4 7 10 12 9 
1 7 260 26 16 259 259 0 3 1 0 0 1 0 16 10 10 10 1 1 23 0.8846 25 3 0.0965 0.0116 1 0 2 -20.0000 0.0800 -6.6667 1 0 0 0 0 0 1 0 0 0 0 0 2 2 6 9 9 11 4 5 5 8 5 

0 8 260 26 18 260 260 0 3 1 0 0 1 0 0 0 0 0 1 1 12 0.4615 27 18 0.1038 0.0692 1 1 15 6 0.5556 0.3333 1 0 0 0 0 0 1 0 0 0 0 0 2 0 5 0 9 0 4 6 7 9 16 
0 8 260 26 18 260 260 0 3 1 0 0 1 0 0 0 0 0 1 1 4 0.1538 25 14 0.0962 0.0538 1 1 21 10 0.8400 0.7143 1 0 0 0 0 0 1 0 0 0 0 0 2 0 4 0 4 2 4 7 10 12 9 
1 8 261 26 18 260 260 0 3 1 0 0 1 0 18 11 11 11 1 1 24 0.9231 26 3 0.1000 0.0115 1 0 2 -21.0000 0.0769 -7.0000 1 0 0 0 0 0 1 0 0 0 0 0 2 2 6 9 9 11 4 5 5 8 5 

