1 1 320 31 0 319 310 9 21 1 0 1 0 0 0 0 0 0 2 3 27 0.8710 29 26 0.0909 0.0815 1 0 2 -1.0000 0.0690 -0.0385 1 0 1 0 0 0 2 0 0 0 0 0 2 2 8 5 10 7 4 5 5 8 5 
0 1 319 31 0 319 310 9 21 1 0 1 0 0 0 0 0 0 1 1 5 0.1613 9 19 0.0282 0.0596 1 1 4 14 0.4444 0.7368 1 0 0 0 0 0 1 0 0 0 0 0 2 0 7 0 6 0 3 4 7 7 7 
0 1 319 31 0 319 310 9 21 1 0 1 0 0 0 0 0 0 9 9 12 0.3871 21 32 0.0658 0.1003 1 1 9 20 0.4286 0.6250 3 0 4 0 3 0 4 3 3 3 1 1 3 0 9 4 18 7 4 5 7 8 9 
0 1 319 31 0 319 310 9 21 1 0 1 0 0 0 0 0 0 9 9 14 0.4516 21 32 0.0658 0.1003 1 1 7 18 0.3333 0.5625 3 0 4 0 4 0 3 4 5 2 0 0 3 0 9 0 17 0 3 4 6 9 12 
0 1 319 31 0 319 310 9 21 1 0 1 0 0 0 0 0 0 9 9 15 0.4839 21 32 0.0658 0.1003 1 1 6 17 0.2857 0.5312 3 0 4 0 1 0 3 4 1 4 2 0 3 0 9 0 16 0 3 5 7 8 8 
0 1 319 31 0 319 310 9 21 1 0 1 0 0 0 0 0 0 9 2 3 0.0968 21 7 0.0658 0.0219 1 1 18 4 0.8571 0.5714 1 0 0 0 1 0 1 0 1 0 0 0 2 0 4 0 9 0 4 6 7 8 9 
0 1 319 31 0 319 310 9 21 1 0 1 0 0 0 0 0 0 9 9 12 0.3871 21 25 0.0658 0.0784 1 1 9 13 0.4286 0.5200 3 0 4 0 3 0 4 3 3 3 1 1 3 0 9 4 18 7 4 5 7 8 9 
0 1 319 31 0 319 310 9 21 1 0 1 0 0 0 0 0 0 9 9 14 0.4516 21 25 0.0658 0.0784 1 1 7 11 0.3333 0.4400 3 0 4 0 4 0 3 4 5 2 0 0 3 0 9 0 17 0 3 4 6 9 12 
0 1 319 31 0 319 310 9 21 1 0 1 0 0 0 0 0 0 9 9 15 0.4839 21 25 0.0658 0.0784 1 1 6 10 0.2857 0.4000 3 0 4 0 1 0 3 4 1 4 2 0 3 0 9 0 16 0 3 5 7 8 8 
0 1 319 31 0 319 310 9 21 0 1 1 0 0 0 0 0 0 9 3 11 0.3548 32 21 0.1003 0.0658 1 1 21 10 0.6562 0.4762 1 0 0 1 0 4 1 0 0 2 4 1 1 0 4 4 3 9 3 5 4 8 12 
0 1 319 31 0 319 310 9 21 1 0 1 0 0 0 0 0 0 9 9 12 0.3871 32 25 0.1003 0.0784 1 1 20 13 0.6250 0.5200 3 0 4 0 3 0 4 3 3 3 1 1 3 0 9 4 18 7 4 5 7 8 9 
0 1 319 31 0 319 310 9 21 1 0 1 0 0 0 0 0 0 9 9 14 0.4516 32 25 0.1003 0.0784 1 1 18 11 0.5625 0.4400 3 0 4 0 4 0 3 4 5 2 0 0 3 0 9 0 17 0 3 4 6 9 12 
0 1 319 31 0 319 310 9 21 1 0 1 0 0 0 0 0 0 9 9 15 0.4839 32 25 0.1003 0.0784 1 1 17 10 0.5312 0.4000 3 0 4 0 1 0 3 4 1 4 2 0 3 0 9 0 16 0 3 5 7 8 8 
0 1 319 31 0 319 310 9 21 1 0 1 0 0 0 0 0 0 1 2 5 0.1613 27 7 0.0846 0.0219 1 1 22 2 0.8148 0.2857 1 0 0 0 1 0 1 0 1 0 0 0 2 0 4 1 9 1 3 3 6 10 10 
0 1 319 31 0 319 310 9 21 0 1 1 0 0 0 0 0 0 3 2 10 0.3226 21 29 0.0658 0.0909 1 1 11 19 0.5238 0.6552 1 0 4 0 1 1 4 2 3 3 2 0 1 0 10 1 12 3 3 4 5 7 9 
0 1 319 31 0 319 310 9 21 1 0 0 1 0 0 0 0 0 3 1 18 0.5806 21 11 0.0658 0.0345 1 0 3 -7.0000 0.1429 -0.6364 1 0 0 0 0 0 1 0 0 0 1 0 2 2 4 2 4 4 3 5 6 6 8 
0 1 319 31 0 319 310 9 21 1 0 0 1 0 0 0 0 0 9 3 29 0.9355 32 26 0.1003 0.0815 1 0 3 -3.0000 0.0938 -0.1154 1 0 1 0 0 0 2 0 0 0 0 0 2 3 8 6 10 8 4 5 5 8 5 
0 1 319 31 0 319 310 9 21 1 0 0 1 0 0 0 0 0 9 9 11 0.3548 21 25 0.0658 0.0784 1 1 10 14 0.4762 0.5600 1 0 5 0 1 0 1 4 2 3 3 1 2 0 8 5 17 5 3 6 6 6 8 
0 1 319 31 0 319 310 9 21 1 0 0 1 0 0 0 0 0 1 3 3 0.0968 11 26 0.0345 0.0815 1 1 8 23 0.7273 0.8846 1 0 0 0 0 0 1 0 0 1 2 3 2 0 9 3 13 7 4 6 10 9 9 
0 1 319 31 0 319 310 9 21 1 0 0 0 1 0 0 0 0 9 9 13 0.4194 21 25 0.0658 0.0784 1 1 8 12 0.3810 0.4800 1 0 6 0 6 0 1 7 5 1 0 0 2 0 10 0 17 6 2 4 6 9 11 
0 1 319 31 0 319 310 9 21 1 0 0 0 1 0 0 0 0 9 9 16 0.5161 32 25 0.1003 0.0784 1 1 16 9 0.5000 0.3600 1 0 3 0 3 0 1 3 3 1 4 2 2 0 8 0 15 0 3 6 6 6 9 

0 2 320 32 5 320 315 5 10 1 0 1 0 0 1 1 1 1 2 2 28 0.8750 30 26 0.0938 0.0813 1 0 2 -2.0000 0.0667 -0.0769 1 0 0 0 0 0 1 0 0 0 0 0 2 2 5 7 6 9 4 5 5 8 5 
0 2 320 32 5 320 315 5 10 0 1 1 0 0 2 0 0 0 1 1 6 0.1875 8 27 0.0250 0.0844 1 1 2 21 0.2500 0.7778 1 0 0 0 0 0 1 0 0 0 0 0 1 0 1 0 6 0 1 3 5 5 6 
0 2 320 32 5 320 315 5 10 1 0 1 0 0 3 4 5 5 3 4 13 0.4062 26 33 0.0813 0.1031 1 1 13 20 0.5000 0.6061 1 0 0 2 1 0 2 1 1 1 0 1 2 2 4 11 9 14 4 5 7 8 9 
0 2 320 32 5 320 315 5 10 1 0 1 0 0 3 4 0 0 3 4 15 0.4688 26 33 0.0813 0.1031 1 1 11 18 0.4231 0.5455 1 0 1 0 1 0 1 1 2 1 0 0 2 2 4 9 4 12 3 4 6 9 12 
0 2 320 32 5 320 315 5 10 1 0 1 0 0 3 4 0 0 3 4 16 0.5000 26 33 0.0813 0.1031 1 1 10 17 0.3846 0.5152 1 0 1 0 0 0 1 1 0 2 1 0 2 2 4 8 4 12 3 5 7 8 8 
0 2 320 32 5 320 315 5 10 1 0 0 1 0 1 0 0 0 3 1 18 0.5625 21 11 0.0656 0.0344 1 0 3 -7.0000 0.1429 -0.6364 1 0 0 0 0 0 1 0 0 0 1 0 2 2 4 2 4 4 3 5 6 6 8 
0 2 320 32 5 320 315 5 10 1 0 0 1 0 0 1 0 0 1 2 3 0.0938 11 26 0.0344 0.0813 1 1 8 23 0.7273 0.8846 1 0 0 0 0 0 1 0 0 1 2 1 2 0 9 3 13 7 4 6 10 9 9 
1 2 321 32 5 320 315 5 10 0 1 0 1 0 1 1 0.5000 5 2 3 10 0.3125 30 21 0.0938 0.0656 1 1 20 11 0.6667 0.5238 1 1 0 0 0 0 2 0 0 0 1 0 1 3 5 4 4 3 2 4 5 5 6 
0 2 320 32 5 320 315 5 10 0 1 0 1 0 4 1 0.5000 0.5000 4 3 11 0.3438 33 21 0.1031 0.0656 1 1 22 10 0.6667 0.4762 1 0 0 0 0 1 1 0 0 1 2 0 1 0 5 3 4 7 3 5 4 8 12 
0 2 320 32 5 320 315 5 10 0 1 0 0 1 2 2 0 2 1 1 6 0.1875 10 19 0.0312 0.0594 1 1 4 13 0.4000 0.6842 1 0 0 0 0 0 1 0 0 0 0 0 1 0 3 0 3 0 2 4 5 4 5 

0 3 321 32 6 321 315 6 10 0 1 1 0 0 2 0 0 0 1 1 6 0.1875 8 27 0.0249 0.0841 1 1 2 21 0.2500 0.7778 1 0 0 0 0 0 1 0 0 0 0 0 1 0 1 0 6 0 1 3 5 5 6 
0 3 321 32 6 321 315 6 10 1 0 1 0 0 3 4 5.5000 5.5000 3 4 13 0.4062 26 33 0.0810 0.1028 1 1 13 20 0.5000 0.6061 1 0 0 1 2 0 1 2 1 1 0 1 2 2 7 7 11 13 4 5 7 8 9 
0 3 321 32 6 321 315 6 10 1 0 1 0 0 3 4 0 0 3 4 15 0.4688 26 33 0.0810 0.1028 1 1 11 18 0.4231 0.5455 1 0 1 0 1 0 1 1 1 2 0 0 2 2 7 5 6 10 3 4 6 9 12 
0 3 321 32 6 321 315 6 10 1 0 1 0 0 3 4 0 0 3 4 16 0.5000 26 33 0.0810 0.1028 1 1 10 17 0.3846 0.5152 1 0 1 0 0 0 1 1 0 1 2 0 2 2 7 4 6 10 3 5 7 8 8 
0 3 321 32 6 321 315 6 10 1 0 1 0 0 2 1 1 1 2 2 28 0.8750 30 26 0.0935 0.0810 1 0 2 -2.0000 0.0667 -0.0769 1 0 0 0 0 0 1 0 0 0 0 0 2 2 5 6 7 8 4 5 5 8 5 
1 3 322 32 6 321 315 6 10 1 0 1 0 0 2 2 1 1 2 3 10 0.3125 30 21 0.0935 0.0654 1 1 20 11 0.6667 0.5238 1 1 0 0 1 0 2 1 0 1 2 0 2 4 7 10 8 13 3 6 7 7 9 
0 3 321 32 6 321 315 6 10 1 0 0 1 0 2 0 0 0 3 1 18 0.5625 21 11 0.0654 0.0343 1 0 3 -7.0000 0.1429 -0.6364 1 0 0 0 0 0 1 0 0 0 1 0 2 2 4 2 4 4 3 5 6 6 8 
0 3 321 32 6 321 315 6 10 1 0 0 1 0 0 1 0 0 1 2 3 0.0938 11 26 0.0343 0.0810 1 1 8 23 0.7273 0.8846 1 0 0 0 0 0 1 0 0 1 2 1 2 0 9 3 13 7 4 6 10 9 9 
0 3 321 32 6 321 315 6 10 0 1 0 1 0 4 2 0.5000 1 4 3 11 0.3438 33 21 0.1028 0.0654 1 1 22 10 0.6667 0.4762 1 0 0 0 0 0 1 0 0 1 1 0 1 0 5 3 5 5 3 5 4 8 12 
0 3 321 32 6 321 315 6 10 0 1 0 0 1 2 2 0 2 1 1 6 0.1875 10 19 0.0312 0.0592 1 1 4 13 0.4000 0.6842 1 0 0 0 0 0 1 0 0 0 0 0 1 0 3 0 3 0 2 4 5 4 5 

0 4 320 32 5 320 315 5 11 1 0 1 0 0 2 1 1 1 2 2 28 0.8750 30 26 0.0938 0.0813 1 0 2 -2.0000 0.0667 -0.0769 1 0 0 0 0 0 1 0 0 0 0 0 2 2 5 7 6 9 4 5 5 8 5 
0 4 320 32 5 320 315 5 11 0 1 1 0 0 2 0 0 0 1 1 6 0.1875 8 27 0.0250 0.0844 1 1 2 21 0.2500 0.7778 1 0 0 0 0 0 1 0 0 0 0 0 1 0 1 0 6 0 1 3 5 5 6 
0 4 320 32 5 320 315 5 11 1 0 1 0 0 6 4 5.5000 5.5000 4 5 13 0.4062 22 33 0.0688 0.1031 1 1 9 20 0.4091 0.6061 1 0 0 2 1 0 2 1 1 1 1 1 2 2 4 11 9 14 4 5 7 8 9 
0 4 320 32 5 320 315 5 11 1 0 1 0 0 6 4 0 0 4 5 15 0.4688 22 33 0.0688 0.1031 1 1 7 18 0.3182 0.5455 1 0 1 0 2 0 1 1 3 1 0 0 2 2 4 9 4 12 3 4 6 9 12 
0 4 320 32 5 320 315 5 11 1 0 1 0 0 6 4 0 0 4 5 16 0.5000 22 33 0.0688 0.1031 1 1 6 17 0.2727 0.5152 1 0 2 0 0 0 1 2 0 2 1 0 2 2 4 8 4 12 3 5 7 8 8 
0 4 320 32 5 320 315 5 11 1 0 0 1 0 2 0 0 0 3 1 18 0.5625 21 11 0.0656 0.0344 1 0 3 -7.0000 0.1429 -0.6364 1 0 0 0 0 0 1 0 0 0 1 0 2 2 4 2 4 4 3 5 6 6 8 
0 4 320 32 5 320 315 5 11 1 0 0 1 0 0 1 0 0 1 2 3 0.0938 11 26 0.0344 0.0813 1 1 8 23 0.7273 0.8846 1 0 0 0 0 0 1 0 0 1 2 1 2 0 9 3 13 7 4 6 10 9 9 
1 4 321 32 5 320 315 5 11 0 1 0 1 0 2 2 1 5.5000 2 3 10 0.3125 30 21 0.0938 0.0656 1 1 20 11 0.6667 0.5238 1 1 0 0 0 0 2 0 0 0 1 0 1 3 4 4 5 3 2 4 5 5 6 
0 4 320 32 5 320 315 5 11 0 1 0 1 0 4 2 0.5000 1 5 3 11 0.3438 33 21 0.1031 0.0656 1 1 22 10 0.6667 0.4762 1 0 0 0 0 1 1 0 0 1 2 0 1 0 4 3 5 7 3 5 4 8 12 
0 4 320 32 5 320 315 5 11 1 0 0 1 0 6 4 0 0 4 5 17 0.5312 22 33 0.0688 0.1031 1 1 5 16 0.2273 0.4848 1 0 1 0 1 0 1 1 1 0 2 1 2 0 4 8 4 12 3 5 6 7 8 
0 4 320 32 5 320 315 5 11 0 1 0 0 1 2 2 0 2 1 1 6 0.1875 10 19 0.0312 0.0594 1 1 4 13 0.4000 0.6842 1 0 0 0 0 0 1 0 0 0 0 0 1 0 3 0 3 0 2 4 5 4 5 

0 5 321 32 6 321 315 6 11 0 1 1 0 0 2 0 0 0 1 1 6 0.1875 8 27 0.0249 0.0841 1 1 2 21 0.2500 0.7778 1 0 0 0 0 0 1 0 0 0 0 0 1 0 1 0 6 0 1 3 5 5 6 
0 5 321 32 6 321 315 6 11 1 0 1 0 0 6 4 6 6 4 5 13 0.4062 22 33 0.0685 0.1028 1 1 9 20 0.4091 0.6061 1 0 0 1 2 0 1 2 1 1 1 1 2 2 7 7 11 13 4 5 7 8 9 
0 5 321 32 6 321 315 6 11 1 0 1 0 0 6 4 0 0 4 5 15 0.4688 22 33 0.0685 0.1028 1 1 7 18 0.3182 0.5455 1 0 1 0 2 0 1 1 2 2 0 0 2 2 7 5 6 10 3 4 6 9 12 
0 5 321 32 6 321 315 6 11 1 0 1 0 0 6 4 0 0 4 5 16 0.5000 22 33 0.0685 0.1028 1 1 6 17 0.2727 0.5152 1 0 2 0 0 0 1 2 0 1 2 0 2 2 7 4 6 10 3 5 7 8 8 
0 5 321 32 6 321 315 6 11 1 0 1 0 0 3 1 1 1 2 2 28 0.8750 30 26 0.0935 0.0810 1 0 2 -2.0000 0.0667 -0.0769 1 0 0 0 0 0 1 0 0 0 0 0 2 2 5 6 7 8 4 5 5 8 5 
1 5 322 32 6 321 315 6 11 1 0 1 0 0 3 3 1.5000 1.5000 2 3 10 0.3125 30 21 0.0935 0.0654 1 1 20 11 0.6667 0.5238 1 1 0 0 1 0 2 1 0 1 2 1 2 4 6 10 9 13 3 6 7 7 9 
0 5 321 32 6 321 315 6 11 1 0 0 1 0 3 0 0 0 3 1 18 0.5625 21 11 0.0654 0.0343 1 0 3 -7.0000 0.1429 -0.6364 1 0 0 0 0 0 1 0 0 0 1 0 2 2 4 2 4 4 3 5 6 6 8 
0 5 321 32 6 321 315 6 11 1 0 0 1 0 0 1 0 0 1 2 3 0.0938 11 26 0.0343 0.0810 1 1 8 23 0.7273 0.8846 1 0 0 0 0 0 1 0 0 1 2 1 2 0 9 3 13 7 4 6 10 9 9 
0 5 321 32 6 321 315 6 11 0 1 0 1 0 4 3 0.5000 1.5000 5 3 11 0.3438 33 21 0.1028 0.0654 1 1 22 10 0.6667 0.4762 1 0 0 0 0 0 1 0 0 1 1 0 1 0 4 3 6 5 3 5 4 8 12 
0 5 321 32 6 321 315 6 11 1 0 0 1 0 6 4 0 0 4 5 17 0.5312 22 33 0.0685 0.1028 1 1 5 16 0.2273 0.4848 1 0 1 0 1 0 1 1 1 0 1 2 2 0 7 4 6 10 3 5 6 7 8 
0 5 321 32 6 321 315 6 11 0 1 0 0 1 2 2 0 2 1 1 6 0.1875 10 19 0.0312 0.0592 1 1 4 13 0.4000 0.6842 1 0 0 0 0 0 1 0 0 0 0 0 1 0 3 0 3 0 2 4 5 4 5 

0 6 320 32 4 320 314 6 12 1 0 1 0 0 0 2 0 0 1 2 5 0.1562 27 7 0.0844 0.0219 1 1 22 2 0.8148 0.2857 1 0 1 0 0 0 1 1 0 0 0 0 2 0 4 4 6 2 3 3 6 10 10 
0 6 320 32 4 320 314 6 12 1 0 1 0 0 3 1 1 1 2 2 28 0.8750 30 26 0.0938 0.0813 1 0 2 -2.0000 0.0667 -0.0769 1 0 0 0 0 0 1 0 0 0 0 0 2 2 5 7 6 9 4 5 5 8 5 
0 6 320 32 4 320 314 6 12 1 0 1 0 0 6 4 6 6 5 5 13 0.4062 22 33 0.0688 0.1031 1 1 9 20 0.4091 0.6061 1 0 0 2 1 0 2 1 1 1 1 1 2 2 4 11 9 13 4 5 7 8 9 
0 6 320 32 4 320 314 6 12 1 0 1 0 0 6 4 0 0 5 5 15 0.4688 22 33 0.0688 0.1031 1 1 7 18 0.3182 0.5455 1 0 1 0 2 0 1 1 3 1 0 0 2 2 4 9 4 12 3 4 6 9 12 
0 6 320 32 4 320 314 6 12 1 0 1 0 0 6 4 0 0 5 5 16 0.5000 22 33 0.0688 0.1031 1 1 6 17 0.2727 0.5152 1 0 2 0 0 0 1 2 0 2 1 0 2 2 4 8 4 12 3 5 7 8 8 
0 6 320 32 4 320 314 6 12 0 1 1 0 0 6 2 0 2 5 2 4 0.1250 22 7 0.0688 0.0219 1 1 18 3 0.8182 0.4286 1 0 1 0 0 0 1 1 0 0 0 0 1 0 4 0 2 1 1 2 2 3 5 
0 6 320 32 4 320 314 6 12 1 0 0 1 0 3 0 0 0 3 1 18 0.5625 21 11 0.0656 0.0344 1 0 3 -7.0000 0.1429 -0.6364 1 0 0 0 0 0 1 0 0 0 1 0 2 2 4 2 4 4 3 5 6 6 8 
0 6 320 32 4 320 314 6 12 1 0 0 1 0 0 1 0 0 1 2 3 0.0938 11 26 0.0344 0.0813 1 1 8 23 0.7273 0.8846 1 0 0 0 0 0 1 0 0 1 2 1 2 0 9 3 13 7 4 6 10 9 9 
1 6 321 32 4 320 314 6 12 0 1 0 1 0 3 3 1.5000 6 2 3 10 0.3125 30 21 0.0938 0.0656 1 1 20 11 0.6667 0.5238 1 1 0 0 0 0 2 0 0 0 1 0 1 3 4 3 6 2 2 4 5 5 6 
0 6 320 32 4 320 314 6 12 0 1 0 1 0 4 3 0.5000 1.5000 5 3 11 0.3438 33 21 0.1031 0.0656 1 1 22 10 0.6667 0.4762 1 0 0 0 0 1 1 0 0 1 2 0 1 0 4 3 5 6 3 5 4 8 12 
0 6 320 32 4 320 314 6 12 1 0 0 1 0 6 4 0 0 5 5 17 0.5312 22 33 0.0688 0.1031 1 1 5 16 0.2273 0.4848 1 0 1 0 1 0 1 1 1 0 2 1 2 0 4 8 4 12 3 5 6 7 8 
0 6 320 32 4 320 314 6 12 0 1 0 0 1 2 2 0 2 1 1 6 0.1875 10 19 0.0312 0.0594 1 1 4 13 0.4000 0.6842 1 0 0 0 0 0 1 0 0 0 0 0 1 0 3 0 3 0 2 4 5 4 5 

0 7 321 32 5 321 314 7 12 1 0 1 0 0 0 2 0 0 1 2 5 0.1562 27 7 0.0841 0.0218 1 1 22 2 0.8148 0.2857 1 0 1 0 0 0 1 1 0 0 0 0 2 0 4 4 6 2 3 3 6 10 10 
0 7 321 32 5 321 314 7 12 1 0 1 0 0 6 4 6.5000 6.5000 5 5 13 0.4062 22 33 0.0685 0.1028 1 1 9 20 0.4091 0.6061 1 0 0 1 2 0 1 2 1 1 1 1 2 2 7 7 11 12 4 5 7 8 9 
0 7 321 32 5 321 314 7 12 1 0 1 0 0 6 4 0 0 5 5 15 0.4688 22 33 0.0685 0.1028 1 1 7 18 0.3182 0.5455 1 0 1 0 2 0 1 1 2 2 0 0 2 2 7 5 6 10 3 4 6 9 12 
0 7 321 32 5 321 314 7 12 1 0 1 0 0 6 4 0 0 5 5 16 0.5000 22 33 0.0685 0.1028 1 1 6 17 0.2727 0.5152 1 0 2 0 0 0 1 2 0 1 2 0 2 2 7 4 6 10 3 5 7 8 8 
0 7 321 32 5 321 314 7 12 0 1 1 0 0 6 2 0 2 5 2 4 0.1250 22 7 0.0685 0.0218 1 1 18 3 0.8182 0.4286 1 0 1 0 0 0 1 1 0 0 0 0 1 0 4 0 2 1 1 2 2 3 5 
0 7 321 32 5 321 314 7 12 1 0 1 0 0 4 1 1 1 2 2 28 0.8750 30 26 0.0935 0.0810 1 0 2 -2.0000 0.0667 -0.0769 1 0 0 0 0 0 1 0 0 0 0 0 2 2 5 6 7 8 4 5 5 8 5 
1 7 322 32 5 321 314 7 12 1 0 1 0 0 4 4 2 2 2 3 10 0.3125 30 21 0.0935 0.0654 1 1 20 11 0.6667 0.5238 1 1 0 0 1 0 2 1 0 1 2 1 2 4 6 9 10 12 3 6 7 7 9 
0 7 321 32 5 321 314 7 12 1 0 0 1 0 4 0 0 0 3 1 18 0.5625 21 11 0.0654 0.0343 1 0 3 -7.0000 0.1429 -0.6364 1 0 0 0 0 0 1 0 0 0 1 0 2 2 4 2 4 4 3 5 6 6 8 
0 7 321 32 5 321 314 7 12 1 0 0 1 0 0 1 0 0 1 2 3 0.0938 11 26 0.0343 0.0810 1 1 8 23 0.7273 0.8846 1 0 0 0 0 0 1 0 0 1 2 1 2 0 9 3 13 7 4 6 10 9 9 
0 7 321 32 5 321 314 7 12 0 1 0 1 0 4 4 0.5000 2 5 3 11 0.3438 33 21 0.1028 0.0654 1 1 22 10 0.6667 0.4762 1 0 0 0 0 0 1 0 0 1 1 0 1 0 4 3 6 4 3 5 4 8 12 
0 7 321 32 5 321 314 7 12 1 0 0 1 0 6 4 0 0 5 5 17 0.5312 22 33 0.0685 0.1028 1 1 5 16 0.2273 0.4848 1 0 1 0 1 0 1 1 1 0 1 2 2 0 7 4 6 10 3 5 6 7 8 
0 7 321 32 5 321 314 7 12 0 1 0 0 1 2 2 0 2 1 1 6 0.1875 10 19 0.0312 0.0592 1 1 4 13 0.4000 0.6842 1 0 0 0 0 0 1 0 0 0 0 0 1 0 3 0 3 0 2 4 5 4 5 

0 8 320 32 4 320 314 6 11 1 0 1 0 0 0 2 0 0 1 2 5 0.1562 27 7 0.0844 0.0219 1 1 22 2 0.8148 0.2857 1 0 0 0 1 0 1 0 1 0 0 0 2 0 4 1 9 1 3 3 6 10 10 
0 8 320 32 4 320 314 6 11 1 0 1 0 0 4 1 1 1 2 2 28 0.8750 30 26 0.0938 0.0813 1 0 2 -2.0000 0.0667 -0.0769 1 0 0 0 0 0 1 0 0 0 0 0 2 2 5 7 6 9 4 5 5 8 5 
0 8 320 32 4 320 314 6 11 1 0 1 0 0 5 6 6.5000 6.5000 4 4 13 0.4062 33 22 0.1031 0.0688 1 1 20 9 0.6061 0.4091 1 0 0 1 2 0 2 0 2 1 0 1 2 2 4 10 10 14 4 5 7 8 9 
0 8 320 32 4 320 314 6 11 1 0 1 0 0 5 6 0 0 4 4 15 0.4688 33 22 0.1031 0.0688 1 1 18 7 0.5455 0.3182 1 0 1 0 1 0 1 1 2 0 1 0 2 2 4 9 4 12 3 4 6 9 12 
0 8 320 32 4 320 314 6 11 1 0 1 0 0 5 6 0 0 4 4 16 0.5000 33 22 0.1031 0.0688 1 1 17 6 0.5152 0.2727 1 0 1 0 0 0 1 1 0 2 0 1 2 2 4 8 4 12 3 5 7 8 8 
0 8 320 32 4 320 314 6 11 1 0 1 0 0 5 5 1 1 4 3 11 0.3438 33 21 0.1031 0.0656 1 1 22 10 0.6667 0.4762 1 0 1 0 1 0 1 1 1 1 1 1 2 1 6 9 8 14 4 6 6 9 12 
0 8 320 32 4 320 314 6 11 1 0 0 1 0 5 0 0 0 3 1 18 0.5625 21 11 0.0656 0.0344 1 0 3 -7.0000 0.1429 -0.6364 1 0 0 0 0 0 1 0 0 0 1 0 2 2 4 2 4 4 3 5 6 6 8 
0 8 320 32 4 320 314 6 11 1 0 0 1 0 0 1 0 0 1 2 3 0.0938 11 26 0.0344 0.0813 1 1 8 23 0.7273 0.8846 1 0 0 0 0 0 1 0 0 1 2 1 2 0 9 3 13 7 4 6 10 9 9 
1 8 321 32 4 320 314 6 11 0 1 0 1 0 4 5 2.5000 6.5000 2 3 10 0.3125 30 21 0.0938 0.0656 1 1 20 11 0.6667 0.5238 1 0 1 0 0 0 1 1 0 0 1 0 1 2 5 4 5 3 2 4 5 5 6 
0 8 320 32 4 320 314 6 11 1 0 0 1 0 6 2 2 2 4 2 3 0.0938 22 7 0.0688 0.0219 1 1 19 4 0.8636 0.5714 1 0 0 0 1 0 1 0 1 0 0 0 2 0 4 0 9 0 4 6 7 8 9 
0 8 320 32 4 320 314 6 11 0 1 0 0 1 2 2 0 2 1 1 6 0.1875 10 19 0.0312 0.0594 1 1 4 13 0.4000 0.6842 1 0 0 0 0 0 1 0 0 0 0 0 1 0 3 0 3 0 2 4 5 4 5 

0 9 321 32 5 321 314 7 11 1 0 1 0 0 0 2 0 0 1 2 5 0.1562 27 7 0.0841 0.0218 1 1 22 2 0.8148 0.2857 1 0 0 0 1 0 1 0 1 0 0 0 2 0 4 1 9 1 3 3 6 10 10 
0 9 321 32 5 321 314 7 11 1 0 1 0 0 5 6 7 7 4 4 13 0.4062 33 22 0.1028 0.0685 1 1 20 9 0.6061 0.4091 1 0 0 0 3 0 1 1 2 1 0 1 2 2 7 6 12 13 4 5 7 8 9 
0 9 321 32 5 321 314 7 11 1 0 1 0 0 5 6 0 0 4 4 15 0.4688 33 22 0.1028 0.0685 1 1 18 7 0.5455 0.3182 1 0 1 0 1 0 1 1 1 1 1 0 2 2 7 5 6 10 3 4 6 9 12 
0 9 321 32 5 321 314 7 11 1 0 1 0 0 5 6 0 0 4 4 16 0.5000 33 22 0.1028 0.0685 1 1 17 6 0.5152 0.2727 1 0 1 0 0 0 1 1 0 1 1 1 2 2 7 4 6 10 3 5 7 8 8 
0 9 321 32 5 321 314 7 11 1 0 1 0 0 5 6 1 1 4 3 11 0.3438 33 21 0.1028 0.0654 1 1 22 10 0.6667 0.4762 1 0 1 0 1 0 1 1 1 1 1 1 2 1 8 7 9 13 4 6 6 9 12 
0 9 321 32 5 321 314 7 11 1 0 1 0 0 5 1 1 1 2 2 28 0.8750 30 26 0.0935 0.0810 1 0 2 -2.0000 0.0667 -0.0769 1 0 0 0 0 0 1 0 0 0 0 0 2 2 5 6 7 8 4 5 5 8 5 
1 9 322 32 5 321 314 7 11 1 0 1 0 0 5 6 3 3 2 3 10 0.3125 30 21 0.0935 0.0654 1 1 20 11 0.6667 0.5238 1 0 1 0 1 0 1 2 0 1 2 0 2 3 7 10 9 13 3 6 7 7 9 
0 9 321 32 5 321 314 7 11 1 0 0 1 0 6 0 0 0 3 1 18 0.5625 21 11 0.0654 0.0343 1 0 3 -7.0000 0.1429 -0.6364 1 0 0 0 0 0 1 0 0 0 1 0 2 2 4 2 4 4 3 5 6 6 8 
0 9 321 32 5 321 314 7 11 1 0 0 1 0 0 1 0 0 1 2 3 0.0938 11 26 0.0343 0.0810 1 1 8 23 0.7273 0.8846 1 0 0 0 0 0 1 0 0 1 2 1 2 0 9 3 13 7 4 6 10 9 9 
0 9 321 32 5 321 314 7 11 1 0 0 1 0 6 2 2 2 4 2 3 0.0938 22 7 0.0685 0.0218 1 1 19 4 0.8636 0.5714 1 0 0 0 1 0 1 0 1 0 0 0 2 0 4 0 9 0 4 6 7 8 9 
0 9 321 32 5 321 314 7 11 0 1 0 0 1 2 2 0 2 1 1 6 0.1875 10 19 0.0312 0.0592 1 1 4 13 0.4000 0.6842 1 0 0 0 0 0 1 0 0 0 0 0 1 0 3 0 3 0 2 4 5 4 5 

1 10 321 31 4 320 314 6 12 1 0 1 0 0 5 3 7 7 6 4 12 0.3871 32 25 0.1000 0.0781 1 1 20 13 0.6250 0.5200 1 0 2 0 1 0 2 1 1 1 1 1 2 2 9 4 18 7 4 5 7 8 9 
1 10 321 31 4 320 314 6 12 1 0 1 0 0 5 3 0 0 6 4 14 0.4516 32 25 0.1000 0.0781 1 1 18 11 0.5625 0.4400 1 0 1 0 2 0 1 1 3 1 0 0 2 2 7 2 15 2 3 4 6 9 12 
1 10 321 31 4 320 314 6 12 1 0 1 0 0 5 3 0 0 6 4 15 0.4839 32 25 0.1000 0.0781 1 1 17 10 0.5312 0.4000 1 0 2 0 0 0 1 2 0 2 1 0 2 2 7 2 14 2 3 5 7 8 8 
0 10 320 31 4 320 314 6 12 1 0 1 0 0 0 2 0 0 1 2 5 0.1613 27 7 0.0844 0.0219 1 1 22 2 0.8148 0.2857 1 0 0 0 1 0 1 0 1 0 0 0 2 0 4 1 9 1 3 3 6 10 10 
0 10 320 31 4 320 314 6 12 1 0 1 0 0 5 1 1 1 2 3 28 0.9032 30 26 0.0938 0.0813 1 0 2 -2.0000 0.0667 -0.0769 1 1 0 0 0 0 2 0 0 0 0 0 2 4 5 9 6 11 4 5 5 8 5 
0 10 320 31 4 320 314 6 12 1 0 1 0 0 6 5 3 3 2 6 11 0.3548 22 32 0.0688 0.1000 1 1 11 21 0.5000 0.6562 1 1 1 0 0 0 2 1 0 1 2 1 2 1 9 7 13 4 3 6 7 7 9 
0 10 320 31 4 320 314 6 12 1 0 0 1 0 5 1 1 1 6 3 29 0.9355 32 26 0.1000 0.0813 1 0 3 -3.0000 0.0938 -0.1154 1 1 0 0 0 0 2 0 0 0 0 0 2 4 6 7 10 8 4 5 5 8 5 
0 10 320 31 4 320 314 6 12 1 0 0 1 0 0 1 0 0 1 3 3 0.0968 11 26 0.0344 0.0813 1 1 8 23 0.7273 0.8846 1 0 0 0 0 0 1 0 0 0 2 1 2 0 9 3 13 7 4 6 10 9 9 
0 10 320 31 4 320 314 6 12 1 0 0 1 0 6 2 2 2 1 2 3 0.0968 22 7 0.0688 0.0219 1 1 19 4 0.8636 0.5714 1 0 0 0 1 0 1 0 1 0 0 0 2 0 4 0 9 0 4 6 7 8 9 
0 10 320 31 4 320 314 6 12 1 0 0 0 1 5 3 0 0 6 4 16 0.5161 32 25 0.1000 0.0781 1 1 16 9 0.5000 0.3600 1 0 1 0 1 0 1 1 1 0 2 1 2 1 6 2 13 2 3 6 6 6 9 
0 10 320 31 4 320 314 6 12 0 1 0 0 1 2 2 0 2 1 1 6 0.1935 10 19 0.0312 0.0594 1 1 4 13 0.4000 0.6842 1 0 0 0 0 0 1 0 0 0 0 0 1 0 3 0 3 0 2 4 5 4 5 
0 10 320 31 4 320 314 6 12 0 1 0 0 1 6 5 7 3 2 2 10 0.3226 22 30 0.0688 0.0938 1 1 12 20 0.5455 0.6667 1 0 1 0 0 0 2 0 1 1 1 0 1 0 8 4 11 3 3 4 5 7 9 

