0 1 7 32 0 321 308 13 9 1 0 1 0 0 0 0 0 0 1 2 19 0.5938 30 12 0.0935 0.0374 1 0 11 -7.0000 0.3667 -0.5833 1 0 0 0 0 0 1 0 0 0 1 0 2 2 4 2 6 2 3 4 7 6 6 
0 1 8 32 0 321 308 13 9 1 0 1 0 0 0 0 0 0 2 1 19 0.5938 22 9 0.0685 0.0280 1 0 3 -10.0000 0.1364 -1.1111 1 0 0 0 0 0 1 0 0 0 1 0 2 2 4 4 5 9 3 6 8 10 8 
1 1 9 32 0 321 308 13 9 0 1 1 0 0 0 0 0 0 2 2 5 0.1562 22 19 0.0685 0.0592 1 1 17 14 0.7727 0.7368 1 0 0 0 0 0 1 0 0 0 1 0 1 1 1 2 2 2 3 3 4 4 4 
1 1 9 32 0 321 308 13 9 1 0 1 0 0 0 0 0 0 2 2 3 0.0938 29 19 0.0903 0.0592 1 1 26 16 0.8966 0.8421 1 0 0 1 0 0 1 1 0 0 1 0 2 0 4 4 4 5 2 4 7 4 7 
0 1 7 32 0 321 308 13 9 1 0 0 1 0 0 0 0 0 2 2 4 0.1250 27 3 0.0841 0.0093 1 0 23 -1.0000 0.8519 -0.3333 1 0 0 0 2 0 1 1 1 0 0 0 2 2 4 1 9 6 3 6 9 11 10 
0 1 8 32 0 321 308 13 9 1 0 0 1 0 0 0 0 0 1 1 22 0.6875 27 19 0.0841 0.0592 1 0 5 -3.0000 0.1852 -0.1579 1 0 0 0 0 0 1 0 0 0 1 0 2 2 4 2 5 3 4 7 6 8 10 
0 1 8 32 0 321 308 13 9 0 1 0 1 0 0 0 0 0 1 2 1 0.0312 11 3 0.0343 0.0093 1 1 10 2 0.9091 0.6667 1 0 0 0 2 0 1 1 0 1 0 1 1 0 3 2 8 2 3 5 7 11 15 
0 1 7 32 0 321 308 13 9 1 0 0 1 0 0 0 0 0 2 1 2 0.0625 27 11 0.0841 0.0343 1 1 25 9 0.9259 0.8182 1 0 0 0 2 0 1 0 1 1 0 0 2 0 5 1 6 5 3 6 9 11 10 
0 1 8 32 0 321 308 13 9 1 0 0 1 0 0 0 0 0 2 2 7 0.2188 29 12 0.0903 0.0374 1 1 22 5 0.7586 0.4167 1 0 0 0 0 0 1 0 0 0 2 1 2 0 4 6 7 5 4 5 8 10 12 

0 2 6 32 1 321 317 4 7 1 0 1 0 0 0 0 0 0 2 1 19 0.5938 22 9 0.0685 0.0280 1 0 3 -10.0000 0.1364 -1.1111 1 0 0 0 0 0 1 0 0 0 1 0 2 2 4 4 5 9 3 6 8 10 8 
1 2 7 32 1 321 317 4 7 0 1 1 0 0 0 0 0 0 2 2 5 0.1562 22 19 0.0685 0.0592 1 1 17 14 0.7727 0.7368 1 0 0 0 0 0 1 0 0 0 1 0 1 1 1 2 2 2 3 3 4 4 4 
1 2 7 32 1 321 317 4 7 1 0 1 0 0 0 0 0 0 1 2 3 0.0938 29 19 0.0903 0.0592 1 1 26 16 0.8966 0.8421 1 0 0 1 0 0 1 1 0 0 0 0 2 0 4 4 4 5 2 4 7 4 7 
0 2 5 32 1 321 317 4 7 1 0 0 1 0 0 0 0 0 2 2 4 0.1250 27 3 0.0841 0.0093 1 0 23 -1.0000 0.8519 -0.3333 1 0 0 0 2 0 1 1 1 0 0 0 2 2 4 1 9 6 3 6 9 11 10 
0 2 6 32 1 321 317 4 7 1 0 0 1 0 0 0 0 0 1 1 22 0.6875 27 19 0.0841 0.0592 1 0 5 -3.0000 0.1852 -0.1579 1 0 0 0 0 0 1 0 0 0 1 0 2 2 4 2 5 3 4 7 6 8 10 
0 2 6 32 1 321 317 4 7 0 1 0 1 0 0 0 0 0 1 2 1 0.0312 11 3 0.0343 0.0093 1 1 10 2 0.9091 0.6667 1 0 0 0 2 0 1 1 0 1 0 1 1 0 3 2 8 2 3 5 7 11 15 
0 2 5 32 1 321 317 4 7 1 0 0 1 0 0 0 0 0 2 1 2 0.0625 27 11 0.0841 0.0343 1 1 25 9 0.9259 0.8182 1 0 0 0 2 0 1 0 1 1 0 0 2 0 5 1 6 5 3 6 9 11 10 

0 3 4 32 2 321 317 4 5 1 0 1 0 0 0 0 0 0 2 1 19 0.5938 22 9 0.0685 0.0280 1 0 3 -10.0000 0.1364 -1.1111 1 0 0 0 0 0 1 0 0 0 1 0 2 2 4 4 5 9 3 6 8 10 8 
1 3 5 32 2 321 317 4 5 0 1 1 0 0 0 0 0 0 2 2 5 0.1562 22 19 0.0685 0.0592 1 1 17 14 0.7727 0.7368 1 0 0 0 0 0 1 0 0 0 1 0 1 1 1 2 2 2 3 3 4 4 4 
1 3 5 32 2 321 317 4 5 1 0 1 0 0 0 0 0 0 1 2 3 0.0938 29 19 0.0903 0.0592 1 1 26 16 0.8966 0.8421 1 0 0 1 0 0 1 1 0 0 0 0 2 0 4 4 4 5 2 4 7 4 7 
0 3 4 32 2 321 317 4 5 1 0 0 1 0 0 0 0 0 1 1 22 0.6875 27 19 0.0841 0.0592 1 0 5 -3.0000 0.1852 -0.1579 1 0 0 0 0 0 1 0 0 0 1 0 2 2 4 2 5 3 4 7 6 8 10 
0 3 4 32 2 321 317 4 5 0 1 0 1 0 0 1 0 0 1 1 1 0.0312 11 3 0.0343 0.0093 1 1 10 2 0.9091 0.6667 1 0 0 0 0 0 1 0 0 0 0 1 1 0 3 2 6 2 3 5 7 11 15 

1 4 5 32 3 321 318 3 5 1 0 1 0 0 0 0 0 0 1 2 3 0.0938 29 19 0.0903 0.0592 1 1 26 16 0.8966 0.8421 1 0 0 1 0 0 1 1 0 0 0 0 2 0 4 4 4 5 2 4 7 4 7 
0 4 4 32 3 321 318 3 5 1 0 1 0 0 1 1 1 1 2 1 20 0.6250 23 9 0.0717 0.0280 1 0 3 -11.0000 0.1304 -1.2222 1 0 0 0 0 0 1 0 0 0 1 0 2 2 4 3 7 7 3 6 8 10 8 
0 4 4 32 3 321 318 3 5 1 0 0 1 0 0 0 0 0 1 1 22 0.6875 27 19 0.0841 0.0592 1 0 5 -3.0000 0.1852 -0.1579 1 0 0 0 0 0 1 0 0 0 1 0 2 2 4 2 5 3 4 7 6 8 10 
0 4 4 32 3 321 318 3 5 0 1 0 1 0 0 1 0 0 1 1 1 0.0312 11 3 0.0343 0.0093 1 1 10 2 0.9091 0.6667 1 0 0 0 0 0 1 0 0 0 0 1 1 0 3 2 6 2 3 5 7 11 15 
1 4 5 32 3 321 318 3 5 0 1 0 1 0 1 0 0 0 2 2 5 0.1562 23 19 0.0717 0.0592 1 1 18 14 0.7826 0.7368 1 0 0 0 0 0 1 0 0 0 1 0 1 1 1 2 2 2 3 3 4 4 4 

1 5 4 32 4 321 319 2 4 1 0 1 0 0 0 0 0 0 1 1 3 0.0938 29 19 0.0903 0.0592 1 1 26 16 0.8966 0.8421 1 0 0 0 0 0 1 0 0 0 0 0 2 0 4 1 4 5 2 4 7 4 7 
0 5 3 32 4 321 319 2 4 1 0 0 1 0 0 0 0 0 1 1 22 0.6875 27 19 0.0841 0.0592 1 0 5 -3.0000 0.1852 -0.1579 1 0 0 0 0 0 1 0 0 0 0 0 2 2 4 2 5 3 4 7 6 8 10 
0 5 3 32 4 321 319 2 4 0 1 0 1 0 0 1 0 0 1 1 1 0.0312 11 3 0.0343 0.0093 1 1 10 2 0.9091 0.6667 1 0 0 0 0 0 1 0 0 0 0 1 1 0 3 2 6 2 3 5 7 11 15 
0 5 3 32 4 321 319 2 4 1 0 0 1 0 2 2 2 2 1 1 21 0.6562 24 9 0.0748 0.0280 1 0 3 -12.0000 0.1250 -1.3333 1 0 0 0 0 0 1 0 0 0 1 0 2 2 4 2 5 10 3 6 8 10 8 

1 6 3 32 5 321 319 2 3 1 0 1 0 0 0 0 0 0 1 1 3 0.0938 29 19 0.0903 0.0592 1 1 26 16 0.8966 0.8421 1 0 0 0 0 0 1 0 0 0 0 0 2 0 4 1 4 5 2 4 7 4 7 
0 6 2 32 5 321 319 2 3 0 1 0 1 0 0 1 0 0 1 1 1 0.0312 11 3 0.0343 0.0093 1 1 10 2 0.9091 0.6667 1 0 0 0 0 0 1 0 0 0 0 1 1 0 3 2 6 2 3 5 7 11 15 
0 6 2 32 5 321 319 2 3 1 0 0 1 0 2 2 2 2 1 1 21 0.6562 24 9 0.0748 0.0280 1 0 3 -12.0000 0.1250 -1.3333 1 0 0 0 0 0 1 0 0 0 1 0 2 2 4 2 5 10 3 6 8 10 8 

1 7 2 32 6 321 319 2 2 1 0 1 0 0 0 0 0 0 1 1 3 0.0938 29 19 0.0903 0.0592 1 1 26 16 0.8966 0.8421 1 0 0 0 0 0 1 0 0 0 0 0 2 0 4 1 4 5 2 4 7 4 7 
0 7 1 32 6 321 319 2 2 1 0 0 1 0 2 2 2 2 1 1 21 0.6562 24 9 0.0748 0.0280 1 0 3 -12.0000 0.1250 -1.3333 1 0 0 0 0 0 1 0 0 0 0 0 2 2 4 2 5 10 3 6 8 10 8 

1 8 2 32 7 321 319 2 2 1 0 1 0 0 0 0 0 0 1 1 3 0.0938 29 19 0.0903 0.0592 1 1 26 16 0.8966 0.8421 1 0 0 0 0 0 1 0 0 0 0 0 2 0 4 1 4 5 2 4 7 4 7 
0 8 1 32 7 321 319 2 2 0 1 0 0 1 3 1 0 0 1 1 15 0.4688 24 27 0.0748 0.0841 1 1 9 12 0.3750 0.4444 1 0 0 0 0 0 1 0 0 0 0 0 1 0 2 4 10 5 3 6 9 9 12 

