1 1 16 30 0 268 260 8 17 1 0 1 0 0 0 0 0 0 1 1 14 0.4667 25 12 0.0933 0.0448 1 0 11 -2.0000 0.4400 -0.1667 1 0 0 0 0 0 2 1 1 1 1 1 2 2 4 2 3 2 3 4 7 6 6 
0 1 15 30 0 268 260 8 17 1 0 1 0 0 0 0 0 0 2 3 8 0.2667 13 7 0.0485 0.0261 1 0 5 -1.0000 0.3846 -0.1429 1 0 1 0 1 0 2 0 2 0 0 0 2 3 8 6 8 5 4 6 8 11 11 
0 1 11 30 0 268 260 8 17 1 0 1 0 0 0 0 0 0 5 6 4 0.1333 13 27 0.0485 0.1007 1 1 9 23 0.6923 0.8519 1 0 1 0 1 0 1 1 1 0 1 1 2 0 4 0 4 0 4 5 7 5 7 
0 1 11 30 0 268 260 8 17 1 0 1 0 0 0 0 0 0 5 6 5 0.1667 13 27 0.0485 0.1007 1 1 8 22 0.6154 0.8148 1 0 2 0 0 0 1 2 0 1 1 1 2 0 4 0 4 0 3 6 6 8 6 
0 1 11 30 0 268 260 8 17 1 0 1 0 0 0 0 0 0 5 6 6 0.2000 13 27 0.0485 0.1007 1 1 7 21 0.5385 0.7778 1 0 1 0 2 0 1 1 2 1 1 0 2 0 4 0 4 0 4 5 7 7 8 
0 1 11 30 0 268 260 8 17 1 0 1 0 0 0 0 0 0 5 6 8 0.2667 13 27 0.0485 0.1007 1 1 5 19 0.3846 0.7037 1 0 1 0 2 0 1 1 2 1 1 0 2 0 7 0 6 0 4 3 5 8 9 
0 1 11 30 0 268 260 8 17 1 0 1 0 0 0 0 0 0 5 6 10 0.3333 13 27 0.0485 0.1007 1 1 3 17 0.2308 0.6296 1 0 1 0 1 0 1 1 1 0 1 1 2 0 7 0 6 1 4 4 6 7 10 
0 1 11 30 0 268 260 8 17 1 0 1 0 0 0 0 0 0 6 6 2 0.0667 18 27 0.0672 0.1007 1 1 16 25 0.8889 0.9259 1 0 1 0 1 0 1 1 1 1 1 2 2 0 4 0 4 0 4 5 7 4 3 
0 1 11 30 0 268 260 8 17 1 0 1 0 0 0 0 0 0 6 6 3 0.1000 18 27 0.0672 0.1007 1 1 15 24 0.8333 0.8889 1 0 2 0 1 0 1 2 1 1 2 0 2 0 4 0 4 0 2 5 6 6 4 
0 1 11 30 0 268 260 8 17 1 0 1 0 0 0 0 0 0 6 6 4 0.1333 18 27 0.0672 0.1007 1 1 14 23 0.7778 0.8519 1 0 2 0 2 0 1 2 2 2 0 0 2 0 4 0 4 0 3 3 4 6 8 
0 1 11 30 0 268 260 8 17 1 0 1 0 0 0 0 0 0 6 6 5 0.1667 18 27 0.0672 0.1007 1 1 13 22 0.7222 0.8148 1 0 2 0 2 0 1 2 3 1 0 0 2 0 4 0 4 0 3 3 3 6 9 
0 1 11 30 0 268 260 8 17 1 0 1 0 0 0 0 0 0 6 6 6 0.2000 18 27 0.0672 0.1007 1 1 12 21 0.6667 0.7778 1 0 2 0 1 0 1 3 1 1 1 0 2 0 4 0 4 0 2 4 5 6 7 
0 1 11 30 0 268 260 8 17 1 0 1 0 0 0 0 0 0 6 6 7 0.2333 18 27 0.0672 0.1007 1 1 11 20 0.6111 0.7407 1 0 1 0 1 0 2 1 1 1 1 1 2 0 4 0 9 1 3 4 7 6 6 
0 1 14 30 0 268 260 8 17 1 0 0 1 0 0 0 0 0 1 3 10 0.3333 31 7 0.1157 0.0261 1 0 21 -3.0000 0.6774 -0.4286 1 0 1 0 0 0 2 0 2 0 0 0 2 2 8 7 8 6 4 6 8 11 11 
1 1 16 30 0 268 260 8 17 1 0 0 1 0 0 0 0 0 3 2 4 0.1333 7 2 0.0261 0.0075 1 0 3 -2.0000 0.4286 -1.0000 1 0 1 0 0 0 2 0 2 0 0 0 2 2 7 5 9 5 3 6 9 11 10 
0 1 15 30 0 268 260 8 17 1 0 0 1 0 0 0 0 0 2 2 6 0.2000 13 2 0.0485 0.0075 1 0 7 -4.0000 0.5385 -2.0000 1 0 1 0 1 0 2 0 2 0 0 0 2 3 9 5 9 5 3 6 9 11 10 
1 1 17 30 0 268 260 8 17 1 0 0 0 1 0 0 0 0 6 1 9 0.3000 27 20 0.1007 0.0746 1 1 18 11 0.6667 0.5500 1 0 2 0 0 0 1 2 0 1 1 1 2 0 7 0 6 0 2 5 5 7 10 

1 2 10 30 1 268 261 7 11 1 0 1 0 0 0 0 0 0 1 1 14 0.4667 25 12 0.0933 0.0448 1 0 11 -2.0000 0.4400 -0.1667 1 0 0 0 0 0 2 1 1 1 1 1 2 2 4 2 3 2 3 4 7 6 6 
0 2 9 30 1 268 261 7 11 1 0 1 0 0 0 0 0 0 2 3 8 0.2667 13 7 0.0485 0.0261 1 0 5 -1.0000 0.3846 -0.1429 1 0 1 0 1 0 2 0 2 0 0 0 2 3 8 6 8 5 4 6 8 11 11 
0 2 5 30 1 268 261 7 11 1 0 1 0 0 0 0 0 0 6 6 2 0.0667 18 27 0.0672 0.1007 1 1 16 25 0.8889 0.9259 1 0 1 0 1 0 1 1 1 1 1 2 2 0 4 0 4 0 4 5 7 4 3 
0 2 5 30 1 268 261 7 11 1 0 1 0 0 0 0 0 0 6 6 3 0.1000 18 27 0.0672 0.1007 1 1 15 24 0.8333 0.8889 1 0 2 0 1 0 1 2 1 1 2 0 2 0 4 0 4 0 2 5 6 6 4 
0 2 5 30 1 268 261 7 11 1 0 1 0 0 0 0 0 0 6 6 4 0.1333 18 27 0.0672 0.1007 1 1 14 23 0.7778 0.8519 1 0 2 0 2 0 1 2 2 2 0 0 2 0 4 0 4 0 3 3 4 6 8 
0 2 5 30 1 268 261 7 11 1 0 1 0 0 0 0 0 0 6 6 5 0.1667 18 27 0.0672 0.1007 1 1 13 22 0.7222 0.8148 1 0 2 0 2 0 1 2 3 1 0 0 2 0 4 0 4 0 3 3 3 6 9 
0 2 5 30 1 268 261 7 11 1 0 1 0 0 0 0 0 0 6 6 6 0.2000 18 27 0.0672 0.1007 1 1 12 21 0.6667 0.7778 1 0 2 0 1 0 1 3 1 1 1 0 2 0 4 0 4 0 2 4 5 6 7 
0 2 5 30 1 268 261 7 11 1 0 1 0 0 0 0 0 0 6 6 7 0.2333 18 27 0.0672 0.1007 1 1 11 20 0.6111 0.7407 1 0 1 0 1 0 2 1 1 1 1 1 2 0 4 0 9 1 3 4 7 6 6 
0 2 8 30 1 268 261 7 11 1 0 0 1 0 0 0 0 0 1 3 10 0.3333 31 7 0.1157 0.0261 1 0 21 -3.0000 0.6774 -0.4286 1 0 1 0 0 0 2 0 2 0 0 0 2 2 8 7 8 6 4 6 8 11 11 
1 2 10 30 1 268 261 7 11 1 0 0 1 0 0 0 0 0 3 2 4 0.1333 7 2 0.0261 0.0075 1 0 3 -2.0000 0.4286 -1.0000 1 0 1 0 0 0 2 0 2 0 0 0 2 2 7 5 9 5 3 6 9 11 10 
0 2 9 30 1 268 261 7 11 1 0 0 1 0 0 0 0 0 2 2 6 0.2000 13 2 0.0485 0.0075 1 0 7 -4.0000 0.5385 -2.0000 1 0 1 0 1 0 2 0 2 0 0 0 2 3 9 5 9 5 3 6 9 11 10 

1 3 4 30 2 268 262 6 5 1 0 1 0 0 0 0 0 0 1 1 14 0.4667 25 12 0.0933 0.0448 1 0 11 -2.0000 0.4400 -0.1667 1 0 0 0 0 0 1 0 0 0 0 0 2 2 4 2 3 2 3 4 7 6 6 
0 3 3 30 2 268 262 6 5 1 0 1 0 0 0 0 0 0 2 3 8 0.2667 13 7 0.0485 0.0261 1 0 5 -1.0000 0.3846 -0.1429 1 0 1 0 1 0 2 0 2 0 0 0 2 3 8 6 8 5 4 6 8 11 11 
0 3 2 30 2 268 262 6 5 1 0 0 1 0 0 0 0 0 1 3 10 0.3333 31 7 0.1157 0.0261 1 0 21 -3.0000 0.6774 -0.4286 1 0 1 0 0 0 2 0 2 0 0 0 2 2 8 7 8 6 4 6 8 11 11 
1 3 4 30 2 268 262 6 5 1 0 0 1 0 0 0 0 0 3 2 4 0.1333 7 2 0.0261 0.0075 1 0 3 -2.0000 0.4286 -1.0000 1 0 1 0 0 0 2 0 2 0 0 0 2 2 7 5 9 5 3 6 9 11 10 
0 3 3 30 2 268 262 6 5 1 0 0 1 0 0 0 0 0 2 2 6 0.2000 13 2 0.0485 0.0075 1 0 7 -4.0000 0.5385 -2.0000 1 0 1 0 1 0 2 0 2 0 0 0 2 3 9 5 9 5 3 6 9 11 10 

1 4 4 30 3 269 262 7 5 1 0 1 0 0 0 0 0 0 1 1 14 0.4667 25 12 0.0929 0.0446 1 0 11 -2.0000 0.4400 -0.1667 1 0 0 0 0 0 1 0 0 0 0 0 2 2 4 2 3 2 3 4 7 6 6 
0 4 3 30 3 269 262 7 5 1 0 1 0 0 0 1 1 1 2 2 8 0.2667 13 7 0.0483 0.0260 1 0 5 -1.0000 0.3846 -0.1429 1 0 1 0 1 0 1 0 3 0 0 0 2 3 7 6 9 5 4 6 8 11 11 
0 4 2 30 3 269 262 7 5 1 0 1 0 0 1 0 0 0 1 3 8 0.2667 31 2 0.1152 0.0074 1 0 23 -6.0000 0.7419 -3.0000 1 0 2 0 1 0 3 0 1 0 0 0 2 2 8 7 10 5 3 6 9 11 10 
1 4 4 30 3 269 262 7 5 1 0 0 1 0 1 0 0 0 2 3 4 0.1333 7 2 0.0260 0.0074 1 0 3 -2.0000 0.4286 -1.0000 1 0 1 0 1 0 3 0 1 0 0 0 2 2 7 5 10 5 3 6 9 11 10 
0 4 3 30 3 269 262 7 5 1 0 0 1 0 0 0 0 0 2 3 6 0.2000 13 2 0.0483 0.0074 1 0 7 -4.0000 0.5385 -2.0000 1 0 2 0 1 0 3 0 1 0 0 0 2 3 10 5 8 5 3 6 9 11 10 

1 5 4 30 2 268 262 6 5 1 0 1 0 0 0 0 0 0 1 1 14 0.4667 25 12 0.0933 0.0448 1 0 11 -2.0000 0.4400 -0.1667 1 0 0 0 0 0 1 0 0 0 0 0 2 2 4 2 3 2 3 4 7 6 6 
0 5 3 30 2 268 262 6 5 1 0 1 0 0 0 1 1 1 2 3 8 0.2667 13 7 0.0485 0.0261 1 0 5 -1.0000 0.3846 -0.1429 1 0 1 0 1 0 2 0 2 0 0 0 2 3 8 6 8 5 4 6 8 11 11 
0 5 2 30 2 268 262 6 5 1 0 0 1 0 1 1 1 1 1 3 10 0.3333 31 7 0.1157 0.0261 1 0 21 -3.0000 0.6774 -0.4286 1 0 1 0 0 0 2 0 2 0 0 0 2 2 8 7 8 6 4 6 8 11 11 
1 5 4 30 2 268 262 6 5 1 0 0 1 0 1 0 0 0 3 2 4 0.1333 7 2 0.0261 0.0075 1 0 3 -2.0000 0.4286 -1.0000 1 0 1 0 0 0 2 0 2 0 0 0 2 2 7 5 9 5 3 6 9 11 10 
0 5 3 30 2 268 262 6 5 1 0 0 1 0 0 0 0 0 2 2 6 0.2000 13 2 0.0485 0.0075 1 0 7 -4.0000 0.5385 -2.0000 1 0 1 0 1 0 2 0 2 0 0 0 2 3 9 5 9 5 3 6 9 11 10 

1 6 4 30 3 269 262 7 5 1 0 1 0 0 0 0 0 0 1 1 14 0.4667 25 12 0.0929 0.0446 1 0 11 -2.0000 0.4400 -0.1667 1 0 0 0 0 0 1 0 0 0 0 0 2 2 4 2 3 2 3 4 7 6 6 
0 6 3 30 3 269 262 7 5 1 0 1 0 0 0 2 2 2 2 2 8 0.2667 13 7 0.0483 0.0260 1 0 5 -1.0000 0.3846 -0.1429 1 0 1 0 1 0 1 0 3 0 0 0 2 3 7 6 9 5 4 6 8 11 11 
0 6 2 30 3 269 262 7 5 1 0 1 0 0 2 0 0 0 1 3 8 0.2667 31 2 0.1152 0.0074 1 0 23 -6.0000 0.7419 -3.0000 1 0 2 0 1 0 3 0 1 0 0 0 2 2 8 7 10 5 3 6 9 11 10 
1 6 4 30 3 269 262 7 5 1 0 0 1 0 2 0 0 0 2 3 4 0.1333 7 2 0.0260 0.0074 1 0 3 -2.0000 0.4286 -1.0000 1 0 1 0 1 0 3 0 1 0 0 0 2 2 7 5 10 5 3 6 9 11 10 
0 6 3 30 3 269 262 7 5 1 0 0 1 0 0 0 0 0 2 3 6 0.2000 13 2 0.0483 0.0074 1 0 7 -4.0000 0.5385 -2.0000 1 0 2 0 1 0 3 0 1 0 0 0 2 3 10 5 8 5 3 6 9 11 10 

1 7 11 30 1 268 261 7 12 1 0 1 0 0 0 0 0 0 1 1 14 0.4667 25 12 0.0933 0.0448 1 0 11 -2.0000 0.4400 -0.1667 1 0 0 0 0 0 2 1 1 1 1 1 2 2 4 2 3 2 3 4 7 6 6 
0 7 10 30 1 268 261 7 12 1 0 1 0 0 0 2 2 2 2 3 8 0.2667 13 7 0.0485 0.0261 1 0 5 -1.0000 0.3846 -0.1429 1 0 1 0 1 0 2 0 2 0 0 0 2 3 8 6 8 5 4 6 8 11 11 
0 7 6 30 1 268 261 7 12 1 0 1 0 0 1 1 1 1 6 6 2 0.0667 18 27 0.0672 0.1007 1 1 16 25 0.8889 0.9259 1 0 1 0 1 0 1 1 1 1 1 2 2 0 4 0 4 0 4 5 7 4 3 
0 7 6 30 1 268 261 7 12 1 0 1 0 0 1 1 0 0 6 6 3 0.1000 18 27 0.0672 0.1007 1 1 15 24 0.8333 0.8889 1 0 2 0 1 0 1 2 1 1 2 0 2 0 4 0 4 0 2 5 6 6 4 
0 7 6 30 1 268 261 7 12 1 0 1 0 0 1 1 0 0 6 6 4 0.1333 18 27 0.0672 0.1007 1 1 14 23 0.7778 0.8519 1 0 2 0 2 0 1 2 2 2 0 0 2 0 4 0 4 0 3 3 4 6 8 
0 7 6 30 1 268 261 7 12 1 0 1 0 0 1 1 0 0 6 6 5 0.1667 18 27 0.0672 0.1007 1 1 13 22 0.7222 0.8148 1 0 2 0 2 0 1 2 3 1 0 0 2 0 4 0 4 0 3 3 3 6 9 
0 7 6 30 1 268 261 7 12 1 0 1 0 0 1 1 0 0 6 6 6 0.2000 18 27 0.0672 0.1007 1 1 12 21 0.6667 0.7778 1 0 2 0 1 0 1 3 1 1 1 0 2 0 4 0 4 0 2 4 5 6 7 
0 7 6 30 1 268 261 7 12 1 0 1 0 0 1 1 0 0 6 6 7 0.2333 18 27 0.0672 0.1007 1 1 11 20 0.6111 0.7407 1 0 1 0 1 0 2 1 1 1 1 1 2 0 4 0 9 1 3 4 7 6 6 
0 7 9 30 1 268 261 7 12 1 0 0 1 0 2 2 2 2 1 3 10 0.3333 31 7 0.1157 0.0261 1 0 21 -3.0000 0.6774 -0.4286 1 0 1 0 0 0 2 0 2 0 0 0 2 2 8 7 8 6 4 6 8 11 11 
1 7 11 30 1 268 261 7 12 1 0 0 1 0 2 0 0 0 3 2 4 0.1333 7 2 0.0261 0.0075 1 0 3 -2.0000 0.4286 -1.0000 1 0 1 0 0 0 2 0 2 0 0 0 2 2 7 5 9 5 3 6 9 11 10 
0 7 10 30 1 268 261 7 12 1 0 0 1 0 0 0 0 0 2 2 6 0.2000 13 2 0.0485 0.0075 1 0 7 -4.0000 0.5385 -2.0000 1 0 1 0 1 0 2 0 2 0 0 0 2 3 9 5 9 5 3 6 9 11 10 
1 7 11 30 1 268 261 7 12 1 0 0 0 1 1 0 0 0 1 1 9 0.3000 27 20 0.1007 0.0746 1 1 18 11 0.6667 0.5500 1 0 0 0 0 0 1 0 0 0 0 0 2 1 4 3 4 2 2 5 5 7 10 

1 8 5 30 2 268 262 6 6 1 0 1 0 0 0 0 0 0 1 1 14 0.4667 25 12 0.0933 0.0448 1 0 11 -2.0000 0.4400 -0.1667 1 0 0 0 0 0 1 0 0 0 0 0 2 2 4 2 3 2 3 4 7 6 6 
0 8 4 30 2 268 262 6 6 1 0 1 0 0 0 2 2 2 2 3 8 0.2667 13 7 0.0485 0.0261 1 0 5 -1.0000 0.3846 -0.1429 1 0 1 0 1 0 2 0 2 0 0 0 2 3 8 6 8 5 4 6 8 11 11 
0 8 3 30 2 268 262 6 6 1 0 0 1 0 2 2 2 2 1 3 10 0.3333 31 7 0.1157 0.0261 1 0 21 -3.0000 0.6774 -0.4286 1 0 1 0 0 0 2 0 2 0 0 0 2 2 8 7 8 6 4 6 8 11 11 
1 8 5 30 2 268 262 6 6 1 0 0 1 0 2 0 0 0 3 2 4 0.1333 7 2 0.0261 0.0075 1 0 3 -2.0000 0.4286 -1.0000 1 0 1 0 0 0 2 0 2 0 0 0 2 2 7 5 9 5 3 6 9 11 10 
0 8 4 30 2 268 262 6 6 1 0 0 1 0 0 0 0 0 2 2 6 0.2000 13 2 0.0485 0.0075 1 0 7 -4.0000 0.5385 -2.0000 1 0 1 0 1 0 2 0 2 0 0 0 2 3 9 5 9 5 3 6 9 11 10 
1 8 5 30 2 268 262 6 6 1 0 0 0 1 1 0 0 0 1 1 9 0.3000 27 20 0.1007 0.0746 1 1 18 11 0.6667 0.5500 1 0 0 0 0 0 1 0 0 0 0 0 2 1 4 3 4 2 2 5 5 7 10 

1 9 5 30 3 269 262 7 6 1 0 1 0 0 0 0 0 0 1 1 14 0.4667 25 12 0.0929 0.0446 1 0 11 -2.0000 0.4400 -0.1667 1 0 0 0 0 0 1 0 0 0 0 0 2 2 4 2 3 2 3 4 7 6 6 
0 9 4 30 3 269 262 7 6 1 0 1 0 0 0 3 3 3 2 2 8 0.2667 13 7 0.0483 0.0260 1 0 5 -1.0000 0.3846 -0.1429 1 0 1 0 1 0 1 0 3 0 0 0 2 3 7 6 9 5 4 6 8 11 11 
0 9 3 30 3 269 262 7 6 1 0 1 0 0 3 0 0 0 1 3 8 0.2667 31 2 0.1152 0.0074 1 0 23 -6.0000 0.7419 -3.0000 1 0 2 0 1 0 3 0 1 0 0 0 2 2 8 7 10 5 3 6 9 11 10 
1 9 5 30 3 269 262 7 6 1 0 0 1 0 3 0 0 0 2 3 4 0.1333 7 2 0.0260 0.0074 1 0 3 -2.0000 0.4286 -1.0000 1 0 1 0 1 0 3 0 1 0 0 0 2 2 7 5 10 5 3 6 9 11 10 
0 9 4 30 3 269 262 7 6 1 0 0 1 0 0 0 0 0 2 3 6 0.2000 13 2 0.0483 0.0074 1 0 7 -4.0000 0.5385 -2.0000 1 0 2 0 1 0 3 0 1 0 0 0 2 3 10 5 8 5 3 6 9 11 10 
1 9 5 30 3 269 262 7 6 1 0 0 0 1 1 0 0 0 1 1 9 0.3000 27 20 0.1004 0.0743 1 1 18 11 0.6667 0.5500 1 0 0 0 0 0 1 0 0 0 0 0 2 1 4 3 4 2 2 5 5 7 10 

1 10 5 30 2 268 262 6 6 1 0 1 0 0 0 0 0 0 1 1 14 0.4667 25 12 0.0933 0.0448 1 0 11 -2.0000 0.4400 -0.1667 1 0 0 0 0 0 1 0 0 0 0 0 2 2 4 2 3 2 3 4 7 6 6 
0 10 4 30 2 268 262 6 6 1 0 1 0 0 0 3 3 3 2 3 8 0.2667 13 7 0.0485 0.0261 1 0 5 -1.0000 0.3846 -0.1429 1 0 1 0 1 0 2 0 2 0 0 0 2 3 8 6 8 5 4 6 8 11 11 
0 10 3 30 2 268 262 6 6 1 0 0 1 0 3 3 3 3 1 3 10 0.3333 31 7 0.1157 0.0261 1 0 21 -3.0000 0.6774 -0.4286 1 0 1 0 0 0 2 0 2 0 0 0 2 2 8 7 8 6 4 6 8 11 11 
1 10 5 30 2 268 262 6 6 1 0 0 1 0 3 0 0 0 3 2 4 0.1333 7 2 0.0261 0.0075 1 0 3 -2.0000 0.4286 -1.0000 1 0 1 0 0 0 2 0 2 0 0 0 2 2 7 5 9 5 3 6 9 11 10 
0 10 4 30 2 268 262 6 6 1 0 0 1 0 0 0 0 0 2 2 6 0.2000 13 2 0.0485 0.0075 1 0 7 -4.0000 0.5385 -2.0000 1 0 1 0 1 0 2 0 2 0 0 0 2 3 9 5 9 5 3 6 9 11 10 
1 10 5 30 2 268 262 6 6 1 0 0 0 1 1 0 0 0 1 1 9 0.3000 27 20 0.1007 0.0746 1 1 18 11 0.6667 0.5500 1 0 0 0 0 0 1 0 0 0 0 0 2 1 4 3 4 2 2 5 5 7 10 

1 11 5 30 3 269 262 7 6 1 0 1 0 0 0 0 0 0 1 1 14 0.4667 25 12 0.0929 0.0446 1 0 11 -2.0000 0.4400 -0.1667 1 0 0 0 0 0 1 0 0 0 0 0 2 2 4 2 3 2 3 4 7 6 6 
0 11 4 30 3 269 262 7 6 1 0 1 0 0 0 4 4 4 2 2 8 0.2667 13 7 0.0483 0.0260 1 0 5 -1.0000 0.3846 -0.1429 1 0 1 0 1 0 1 0 3 0 0 0 2 3 7 6 9 5 4 6 8 11 11 
0 11 3 30 3 269 262 7 6 1 0 1 0 0 4 0 0 0 1 3 8 0.2667 31 2 0.1152 0.0074 1 0 23 -6.0000 0.7419 -3.0000 1 0 2 0 1 0 3 0 1 0 0 0 2 2 8 7 10 5 3 6 9 11 10 
1 11 5 30 3 269 262 7 6 1 0 0 1 0 4 0 0 0 2 3 4 0.1333 7 2 0.0260 0.0074 1 0 3 -2.0000 0.4286 -1.0000 1 0 1 0 1 0 3 0 1 0 0 0 2 2 7 5 10 5 3 6 9 11 10 
0 11 4 30 3 269 262 7 6 1 0 0 1 0 0 0 0 0 2 3 6 0.2000 13 2 0.0483 0.0074 1 0 7 -4.0000 0.5385 -2.0000 1 0 2 0 1 0 3 0 1 0 0 0 2 3 10 5 8 5 3 6 9 11 10 
1 11 5 30 3 269 262 7 6 1 0 0 0 1 1 0 0 0 1 1 9 0.3000 27 20 0.1004 0.0743 1 1 18 11 0.6667 0.5500 1 0 0 0 0 0 1 0 0 0 0 0 2 1 4 3 4 2 2 5 5 7 10 

1 12 4 31 4 269 263 6 5 1 0 1 0 0 0 0 0 0 1 1 14 0.4516 25 12 0.0929 0.0446 1 0 11 -2.0000 0.4400 -0.1667 1 0 0 0 0 0 1 0 0 0 0 0 2 2 4 2 3 2 3 4 7 6 6 
0 12 3 31 4 269 263 6 5 1 0 1 0 0 0 4 4 4 2 3 8 0.2581 13 7 0.0483 0.0260 1 0 5 -1.0000 0.3846 -0.1429 1 0 0 1 1 0 2 0 2 0 0 0 2 3 7 8 7 6 4 6 8 11 11 
1 12 4 31 4 269 263 6 5 1 0 0 1 0 4 1 1 1 3 2 4 0.1290 7 2 0.0260 0.0074 1 0 3 -2.0000 0.4286 -1.0000 1 0 1 0 0 0 2 0 2 0 0 0 2 2 7 5 9 5 3 6 9 11 10 
0 12 3 31 4 269 263 6 5 1 0 0 1 0 0 1 1 1 2 2 6 0.1935 13 2 0.0483 0.0074 1 0 7 -4.0000 0.5385 -2.0000 1 0 1 0 1 0 2 0 2 0 0 0 2 3 9 5 9 6 3 6 9 11 10 
0 12 2 31 4 269 263 6 5 1 0 0 1 0 5 4 4 4 1 3 11 0.3548 32 7 0.1190 0.0260 1 0 21 -4.0000 0.6562 -0.5714 1 0 0 1 0 0 2 0 2 0 0 0 2 2 5 9 9 8 4 6 8 11 11 

1 13 4 31 5 270 263 7 5 1 0 1 0 0 0 0 0 0 1 1 14 0.4516 25 12 0.0926 0.0444 1 0 11 -2.0000 0.4400 -0.1667 1 0 0 0 0 0 1 0 0 0 0 0 2 2 4 2 3 2 3 4 7 6 6 
0 13 3 31 5 270 263 7 5 1 0 1 0 0 0 5 5 5 2 2 8 0.2581 13 7 0.0481 0.0259 1 0 5 -1.0000 0.3846 -0.1429 1 0 0 1 1 0 1 0 3 0 0 0 2 3 5 9 6 8 4 6 8 11 11 
0 13 2 31 5 270 263 7 5 1 0 1 0 0 6 1 1 1 1 3 9 0.2903 32 2 0.1185 0.0074 1 0 23 -7.0000 0.7188 -3.5000 1 0 0 2 0 1 3 0 1 0 0 0 2 2 5 8 10 8 3 6 9 11 10 
1 13 4 31 5 270 263 7 5 1 0 0 1 0 5 1 1 1 2 3 4 0.1290 7 2 0.0259 0.0074 1 0 3 -2.0000 0.4286 -1.0000 1 0 1 0 0 1 3 0 1 0 0 0 2 2 7 5 5 11 3 6 9 11 10 
0 13 3 31 5 270 263 7 5 1 0 0 1 0 0 1 1 1 2 3 6 0.1935 13 2 0.0481 0.0074 1 0 7 -4.0000 0.5385 -2.0000 1 0 1 1 1 0 3 0 1 0 0 0 2 3 7 9 6 7 3 6 9 11 10 

1 14 4 31 4 269 263 6 5 1 0 1 0 0 0 0 0 0 1 1 14 0.4516 25 12 0.0929 0.0446 1 0 11 -2.0000 0.4400 -0.1667 1 0 0 0 0 0 1 0 0 0 0 0 2 2 4 2 3 2 3 4 7 6 6 
0 14 3 31 4 269 263 6 5 1 0 1 0 0 0 5 5 5 2 3 8 0.2581 13 7 0.0483 0.0260 1 0 5 -1.0000 0.3846 -0.1429 1 0 0 1 1 0 2 0 2 0 0 0 2 3 7 8 7 6 4 6 8 11 11 
1 14 4 31 4 269 263 6 5 1 0 0 1 0 5 2 2 2 3 2 4 0.1290 7 2 0.0260 0.0074 1 0 3 -2.0000 0.4286 -1.0000 1 0 1 0 0 0 2 0 2 0 0 0 2 2 7 5 9 5 3 6 9 11 10 
0 14 3 31 4 269 263 6 5 1 0 0 1 0 0 2 2 2 2 2 6 0.1935 13 2 0.0483 0.0074 1 0 7 -4.0000 0.5385 -2.0000 1 0 1 0 1 0 2 0 2 0 0 0 2 3 9 5 9 6 3 6 9 11 10 
0 14 2 31 4 269 263 6 5 1 0 0 1 0 7 5 5 5 1 3 11 0.3548 32 7 0.1190 0.0260 1 0 21 -4.0000 0.6562 -0.5714 1 0 0 1 0 0 2 0 2 0 0 0 2 2 5 9 9 8 4 6 8 11 11 

1 15 4 31 5 270 263 7 5 1 0 1 0 0 0 0 0 0 1 1 14 0.4516 25 12 0.0926 0.0444 1 0 11 -2.0000 0.4400 -0.1667 1 0 0 0 0 0 1 0 0 0 0 0 2 2 4 2 3 2 3 4 7 6 6 
0 15 3 31 5 270 263 7 5 1 0 1 0 0 0 6 6 6 2 2 8 0.2581 13 7 0.0481 0.0259 1 0 5 -1.0000 0.3846 -0.1429 1 0 0 1 1 0 1 0 3 0 0 0 2 3 5 9 6 8 4 6 8 11 11 
0 15 2 31 5 270 263 7 5 1 0 1 0 0 8 2 2 2 1 3 9 0.2903 32 2 0.1185 0.0074 1 0 23 -7.0000 0.7188 -3.5000 1 0 0 2 0 1 3 0 1 0 0 0 2 2 5 8 10 8 3 6 9 11 10 
1 15 4 31 5 270 263 7 5 1 0 0 1 0 6 2 2 2 2 3 4 0.1290 7 2 0.0259 0.0074 1 0 3 -2.0000 0.4286 -1.0000 1 0 1 0 0 1 3 0 1 0 0 0 2 2 7 5 5 11 3 6 9 11 10 
0 15 3 31 5 270 263 7 5 1 0 0 1 0 0 2 2 2 2 3 6 0.1935 13 2 0.0481 0.0074 1 0 7 -4.0000 0.5385 -2.0000 1 0 1 1 1 0 3 0 1 0 0 0 2 3 7 9 6 7 3 6 9 11 10 

1 16 5 31 4 269 263 6 6 1 0 1 0 0 0 0 0 0 1 1 14 0.4516 25 12 0.0929 0.0446 1 0 11 -2.0000 0.4400 -0.1667 1 0 0 0 0 0 1 0 0 0 0 0 2 2 4 2 3 2 3 4 7 6 6 
0 16 4 31 4 269 263 6 6 1 0 1 0 0 0 6 6 6 2 3 8 0.2581 13 7 0.0483 0.0260 1 0 5 -1.0000 0.3846 -0.1429 1 0 0 1 1 0 2 0 2 0 0 0 2 3 7 8 7 6 4 6 8 11 11 
1 16 5 31 4 269 263 6 6 1 0 0 1 0 6 3 3 3 3 2 4 0.1290 7 2 0.0260 0.0074 1 0 3 -2.0000 0.4286 -1.0000 1 0 1 0 0 0 2 0 2 0 0 0 2 2 7 5 9 5 3 6 9 11 10 
0 16 4 31 4 269 263 6 6 1 0 0 1 0 0 3 3 3 2 2 6 0.1935 13 2 0.0483 0.0074 1 0 7 -4.0000 0.5385 -2.0000 1 0 1 0 1 0 2 0 2 0 0 0 2 3 9 5 9 6 3 6 9 11 10 
0 16 3 31 4 269 263 6 6 1 0 0 1 0 9 6 6 6 1 3 11 0.3548 32 7 0.1190 0.0260 1 0 21 -4.0000 0.6562 -0.5714 1 0 0 1 0 0 2 0 2 0 0 0 2 2 5 9 9 8 4 6 8 11 11 
1 16 5 31 4 269 263 6 6 1 0 0 0 1 1 0 0 0 1 1 9 0.2903 27 20 0.1004 0.0743 1 1 18 11 0.6667 0.5500 1 0 0 0 0 0 1 0 0 0 0 0 2 1 4 3 4 2 2 5 5 7 10 

1 17 5 31 5 270 263 7 6 1 0 1 0 0 0 0 0 0 1 1 14 0.4516 25 12 0.0926 0.0444 1 0 11 -2.0000 0.4400 -0.1667 1 0 0 0 0 0 1 0 0 0 0 0 2 2 4 2 3 2 3 4 7 6 6 
0 17 4 31 5 270 263 7 6 1 0 1 0 0 0 7 7 7 2 2 8 0.2581 13 7 0.0481 0.0259 1 0 5 -1.0000 0.3846 -0.1429 1 0 0 1 1 0 1 0 3 0 0 0 2 3 5 9 6 8 4 6 8 11 11 
0 17 3 31 5 270 263 7 6 1 0 1 0 0 10 3 3 3 1 3 9 0.2903 32 2 0.1185 0.0074 1 0 23 -7.0000 0.7188 -3.5000 1 0 0 2 0 1 3 0 1 0 0 0 2 2 5 8 10 8 3 6 9 11 10 
1 17 5 31 5 270 263 7 6 1 0 0 1 0 7 3 3 3 2 3 4 0.1290 7 2 0.0259 0.0074 1 0 3 -2.0000 0.4286 -1.0000 1 0 1 0 0 1 3 0 1 0 0 0 2 2 7 5 5 11 3 6 9 11 10 
0 17 4 31 5 270 263 7 6 1 0 0 1 0 0 3 3 3 2 3 6 0.1935 13 2 0.0481 0.0074 1 0 7 -4.0000 0.5385 -2.0000 1 0 1 1 1 0 3 0 1 0 0 0 2 3 7 9 6 7 3 6 9 11 10 
1 17 5 31 5 270 263 7 6 1 0 0 0 1 1 0 0 0 1 1 9 0.2903 27 20 0.1000 0.0741 1 1 18 11 0.6667 0.5500 1 0 0 0 0 0 1 0 0 0 0 0 2 1 4 3 4 2 2 5 5 7 10 

1 18 5 31 4 269 263 6 6 1 0 1 0 0 0 0 0 0 1 1 14 0.4516 25 12 0.0929 0.0446 1 0 11 -2.0000 0.4400 -0.1667 1 0 0 0 0 0 1 0 0 0 0 0 2 2 4 2 3 2 3 4 7 6 6 
0 18 4 31 4 269 263 6 6 1 0 1 0 0 0 7 7 7 2 3 8 0.2581 13 7 0.0483 0.0260 1 0 5 -1.0000 0.3846 -0.1429 1 0 0 1 1 0 2 0 2 0 0 0 2 3 7 8 7 6 4 6 8 11 11 
1 18 5 31 4 269 263 6 6 1 0 0 1 0 7 4 4 4 3 2 4 0.1290 7 2 0.0260 0.0074 1 0 3 -2.0000 0.4286 -1.0000 1 0 1 0 0 0 2 0 2 0 0 0 2 2 7 5 9 5 3 6 9 11 10 
0 18 4 31 4 269 263 6 6 1 0 0 1 0 0 4 4 4 2 2 6 0.1935 13 2 0.0483 0.0074 1 0 7 -4.0000 0.5385 -2.0000 1 0 1 0 1 0 2 0 2 0 0 0 2 3 9 5 9 6 3 6 9 11 10 
0 18 3 31 4 269 263 6 6 1 0 0 1 0 11 7 7 7 1 3 11 0.3548 32 7 0.1190 0.0260 1 0 21 -4.0000 0.6562 -0.5714 1 0 0 1 0 0 2 0 2 0 0 0 2 2 5 9 9 8 4 6 8 11 11 
1 18 5 31 4 269 263 6 6 1 0 0 0 1 1 0 0 0 1 1 9 0.2903 27 20 0.1004 0.0743 1 1 18 11 0.6667 0.5500 1 0 0 0 0 0 1 0 0 0 0 0 2 1 4 3 4 2 2 5 5 7 10 

1 19 5 31 5 270 263 7 6 1 0 1 0 0 0 0 0 0 1 1 14 0.4516 25 12 0.0926 0.0444 1 0 11 -2.0000 0.4400 -0.1667 1 0 0 0 0 0 1 0 0 0 0 0 2 2 4 2 3 2 3 4 7 6 6 
0 19 4 31 5 270 263 7 6 1 0 1 0 0 0 8 8 8 2 2 8 0.2581 13 7 0.0481 0.0259 1 0 5 -1.0000 0.3846 -0.1429 1 0 0 1 1 0 1 0 3 0 0 0 2 3 5 9 6 8 4 6 8 11 11 
0 19 3 31 5 270 263 7 6 1 0 1 0 0 12 4 4 4 1 3 9 0.2903 32 2 0.1185 0.0074 1 0 23 -7.0000 0.7188 -3.5000 1 0 0 2 0 1 3 0 1 0 0 0 2 2 5 8 10 8 3 6 9 11 10 
1 19 5 31 5 270 263 7 6 1 0 0 1 0 8 4 4 4 2 3 4 0.1290 7 2 0.0259 0.0074 1 0 3 -2.0000 0.4286 -1.0000 1 0 1 0 0 1 3 0 1 0 0 0 2 2 7 5 5 11 3 6 9 11 10 
0 19 4 31 5 270 263 7 6 1 0 0 1 0 0 4 4 4 2 3 6 0.1935 13 2 0.0481 0.0074 1 0 7 -4.0000 0.5385 -2.0000 1 0 1 1 1 0 3 0 1 0 0 0 2 3 7 9 6 7 3 6 9 11 10 
1 19 5 31 5 270 263 7 6 1 0 0 0 1 1 0 0 0 1 1 9 0.2903 27 20 0.1000 0.0741 1 1 18 11 0.6667 0.5500 1 0 0 0 0 0 1 0 0 0 0 0 2 1 4 3 4 2 2 5 5 7 10 

1 20 3 32 6 270 264 6 4 1 0 1 0 0 0 0 0 0 1 1 14 0.4375 25 12 0.0926 0.0444 1 0 11 -2.0000 0.4400 -0.1667 1 0 0 0 0 0 1 0 0 0 0 0 2 2 4 2 3 2 3 4 7 6 6 
0 20 2 32 6 270 264 6 4 1 0 1 0 0 0 8 8 8 2 2 8 0.2500 13 7 0.0481 0.0259 1 0 5 -1.0000 0.3846 -0.1429 1 0 0 0 1 0 1 0 2 0 0 0 2 3 5 6 10 5 4 6 8 11 11 
1 20 3 32 6 270 264 6 4 1 0 0 1 0 8 5 5 5 2 2 4 0.1250 7 2 0.0259 0.0074 1 0 3 -2.0000 0.4286 -1.0000 1 0 1 0 0 0 2 0 1 0 0 0 2 2 7 5 7 5 3 6 9 11 10 
0 20 2 32 6 270 264 6 4 1 0 0 1 0 0 5 5 5 2 2 6 0.1875 13 2 0.0481 0.0074 1 0 7 -4.0000 0.5385 -2.0000 1 0 1 0 1 0 2 0 1 0 0 0 2 3 7 5 8 5 3 6 9 11 10 

1 21 2 32 7 270 265 5 3 1 0 1 0 0 0 0 0 0 1 1 14 0.4375 25 12 0.0926 0.0444 1 0 11 -2.0000 0.4400 -0.1667 1 0 0 0 0 0 1 0 0 0 0 0 2 2 4 2 3 2 3 4 7 6 6 
0 21 1 32 7 270 265 5 3 1 0 1 0 0 1 9 9 9 1 2 9 0.2812 14 7 0.0519 0.0259 1 0 5 -2.0000 0.3571 -0.2857 1 0 0 0 0 0 1 0 1 0 0 0 2 2 7 8 7 8 4 6 8 11 11 
1 21 2 32 7 270 265 5 3 1 0 0 1 0 9 5 5 5 2 1 4 0.1250 7 2 0.0259 0.0074 1 0 3 -2.0000 0.4286 -1.0000 1 0 0 0 0 0 1 0 1 0 0 0 2 2 6 5 8 6 3 6 9 11 10 

1 22 2 32 8 270 266 4 3 1 0 1 0 0 0 0 0 0 1 1 14 0.4375 25 12 0.0926 0.0444 1 0 11 -2.0000 0.4400 -0.1667 1 0 0 0 0 0 1 0 0 0 0 0 2 2 4 2 3 2 3 4 7 6 6 
1 22 2 32 8 270 266 4 3 1 0 0 1 0 10 5 5 5 2 1 4 0.1250 7 2 0.0259 0.0074 1 0 3 -2.0000 0.4286 -1.0000 1 0 0 0 0 0 1 0 1 0 0 0 2 2 4 8 5 8 3 6 9 11 10 
0 22 1 32 8 270 266 4 3 1 0 0 1 0 2 10 10 10 1 2 10 0.3125 15 7 0.0556 0.0259 1 0 5 -3.0000 0.3333 -0.4286 1 0 0 0 0 0 1 0 1 0 0 0 2 2 7 8 8 7 4 6 8 11 11 

1 23 2 32 9 271 266 5 3 1 0 1 0 0 0 0 0 0 1 1 14 0.4375 25 12 0.0923 0.0443 1 0 11 -2.0000 0.4400 -0.1667 1 0 0 0 0 0 1 0 0 0 0 0 2 2 4 2 3 2 3 4 7 6 6 
0 23 1 32 9 271 266 5 3 1 0 1 0 0 3 5 5 5 1 2 6 0.1875 15 2 0.0554 0.0074 1 0 9 -4.0000 0.6000 -2.0000 1 0 1 0 0 0 2 0 0 0 0 0 2 3 7 5 8 5 3 6 9 11 10 
1 23 2 32 9 271 266 5 3 1 0 0 1 0 11 5 5 5 1 2 4 0.1250 7 2 0.0258 0.0074 1 0 3 -2.0000 0.4286 -1.0000 1 0 1 0 0 0 2 0 0 0 0 0 2 2 7 5 7 5 3 6 9 11 10 

1 24 3 32 6 270 264 6 4 1 0 1 0 0 0 0 0 0 1 1 14 0.4375 25 12 0.0926 0.0444 1 0 11 -2.0000 0.4400 -0.1667 1 0 0 0 0 0 1 0 0 0 0 0 2 2 4 2 3 2 3 4 7 6 6 
0 24 2 32 6 270 264 6 4 1 0 1 0 0 3 11 11 11 2 2 8 0.2500 13 7 0.0481 0.0259 1 0 5 -1.0000 0.3846 -0.1429 1 0 0 0 1 0 1 0 2 0 0 0 2 3 5 6 10 5 4 6 8 11 11 
1 24 3 32 6 270 264 6 4 1 0 0 1 0 11 6 6 6 2 2 4 0.1250 7 2 0.0259 0.0074 1 0 3 -2.0000 0.4286 -1.0000 1 0 1 0 0 0 2 0 1 0 0 0 2 2 7 5 7 5 3 6 9 11 10 
0 24 2 32 6 270 264 6 4 1 0 0 1 0 3 6 6 6 2 2 6 0.1875 13 2 0.0481 0.0074 1 0 7 -4.0000 0.5385 -2.0000 1 0 1 0 1 0 2 0 1 0 0 0 2 3 7 5 8 5 3 6 9 11 10 

1 25 2 32 7 270 265 5 3 1 0 1 0 0 0 0 0 0 1 1 14 0.4375 25 12 0.0926 0.0444 1 0 11 -2.0000 0.4400 -0.1667 1 0 0 0 0 0 1 0 0 0 0 0 2 2 4 2 3 2 3 4 7 6 6 
0 25 1 32 7 270 265 5 3 1 0 1 0 0 4 12 12 12 1 2 9 0.2812 14 7 0.0519 0.0259 1 0 5 -2.0000 0.3571 -0.2857 1 0 0 0 0 0 1 0 1 0 0 0 2 2 7 8 7 8 4 6 8 11 11 
1 25 2 32 7 270 265 5 3 1 0 0 1 0 12 6 6 6 2 1 4 0.1250 7 2 0.0259 0.0074 1 0 3 -2.0000 0.4286 -1.0000 1 0 0 0 0 0 1 0 1 0 0 0 2 2 6 5 8 6 3 6 9 11 10 

1 26 2 32 8 270 266 4 3 1 0 1 0 0 0 0 0 0 1 1 14 0.4375 25 12 0.0926 0.0444 1 0 11 -2.0000 0.4400 -0.1667 1 0 0 0 0 0 1 0 0 0 0 0 2 2 4 2 3 2 3 4 7 6 6 
1 26 2 32 8 270 266 4 3 1 0 0 1 0 13 6 6 6 2 1 4 0.1250 7 2 0.0259 0.0074 1 0 3 -2.0000 0.4286 -1.0000 1 0 0 0 0 0 1 0 1 0 0 0 2 2 4 8 5 8 3 6 9 11 10 
0 26 1 32 8 270 266 4 3 1 0 0 1 0 5 13 13 13 1 2 10 0.3125 15 7 0.0556 0.0259 1 0 5 -3.0000 0.3333 -0.4286 1 0 0 0 0 0 1 0 1 0 0 0 2 2 7 8 8 7 4 6 8 11 11 

1 27 2 32 9 271 266 5 3 1 0 1 0 0 0 0 0 0 1 1 14 0.4375 25 12 0.0923 0.0443 1 0 11 -2.0000 0.4400 -0.1667 1 0 0 0 0 0 1 0 0 0 0 0 2 2 4 2 3 2 3 4 7 6 6 
0 27 1 32 9 271 266 5 3 1 0 1 0 0 6 6 6 6 1 2 6 0.1875 15 2 0.0554 0.0074 1 0 9 -4.0000 0.6000 -2.0000 1 0 1 0 0 0 2 0 0 0 0 0 2 3 7 5 8 5 3 6 9 11 10 
1 27 2 32 9 271 266 5 3 1 0 0 1 0 14 6 6 6 1 2 4 0.1250 7 2 0.0258 0.0074 1 0 3 -2.0000 0.4286 -1.0000 1 0 1 0 0 0 2 0 0 0 0 0 2 2 7 5 7 5 3 6 9 11 10 

1 28 4 32 6 270 264 6 5 1 0 1 0 0 0 0 0 0 1 1 14 0.4375 25 12 0.0926 0.0444 1 0 11 -2.0000 0.4400 -0.1667 1 0 0 0 0 0 1 0 0 0 0 0 2 2 4 2 3 2 3 4 7 6 6 
0 28 3 32 6 270 264 6 5 1 0 1 0 0 6 14 14 14 2 2 8 0.2500 13 7 0.0481 0.0259 1 0 5 -1.0000 0.3846 -0.1429 1 0 0 0 1 0 1 0 2 0 0 0 2 3 5 6 10 5 4 6 8 11 11 
1 28 4 32 6 270 264 6 5 1 0 0 1 0 14 7 7 7 2 2 4 0.1250 7 2 0.0259 0.0074 1 0 3 -2.0000 0.4286 -1.0000 1 0 1 0 0 0 2 0 1 0 0 0 2 2 7 5 7 5 3 6 9 11 10 
0 28 3 32 6 270 264 6 5 1 0 0 1 0 6 7 7 7 2 2 6 0.1875 13 2 0.0481 0.0074 1 0 7 -4.0000 0.5385 -2.0000 1 0 1 0 1 0 2 0 1 0 0 0 2 3 7 5 8 5 3 6 9 11 10 
1 28 4 32 6 270 264 6 5 1 0 0 0 1 1 0 0 0 1 1 9 0.2812 27 20 0.1000 0.0741 1 1 18 11 0.6667 0.5500 1 0 0 0 0 0 1 0 0 0 0 0 2 1 4 3 4 2 2 5 5 7 10 

1 29 3 32 7 270 265 5 4 1 0 1 0 0 0 0 0 0 1 1 14 0.4375 25 12 0.0926 0.0444 1 0 11 -2.0000 0.4400 -0.1667 1 0 0 0 0 0 1 0 0 0 0 0 2 2 4 2 3 2 3 4 7 6 6 
0 29 2 32 7 270 265 5 4 1 0 1 0 0 7 15 15 15 1 2 9 0.2812 14 7 0.0519 0.0259 1 0 5 -2.0000 0.3571 -0.2857 1 0 0 0 0 0 1 0 1 0 0 0 2 2 7 8 7 8 4 6 8 11 11 
1 29 3 32 7 270 265 5 4 1 0 0 1 0 15 7 7 7 2 1 4 0.1250 7 2 0.0259 0.0074 1 0 3 -2.0000 0.4286 -1.0000 1 0 0 0 0 0 1 0 1 0 0 0 2 2 6 5 8 6 3 6 9 11 10 
1 29 3 32 7 270 265 5 4 1 0 0 0 1 1 0 0 0 1 1 9 0.2812 27 20 0.1000 0.0741 1 1 18 11 0.6667 0.5500 1 0 0 0 0 0 1 0 0 0 0 0 2 1 4 3 4 2 2 5 5 7 10 

1 30 3 32 8 270 266 4 4 1 0 1 0 0 0 0 0 0 1 1 14 0.4375 25 12 0.0926 0.0444 1 0 11 -2.0000 0.4400 -0.1667 1 0 0 0 0 0 1 0 0 0 0 0 2 2 4 2 3 2 3 4 7 6 6 
1 30 3 32 8 270 266 4 4 1 0 0 1 0 16 7 7 7 2 1 4 0.1250 7 2 0.0259 0.0074 1 0 3 -2.0000 0.4286 -1.0000 1 0 0 0 0 0 1 0 1 0 0 0 2 2 4 8 5 8 3 6 9 11 10 
0 30 2 32 8 270 266 4 4 1 0 0 1 0 8 16 16 16 1 2 10 0.3125 15 7 0.0556 0.0259 1 0 5 -3.0000 0.3333 -0.4286 1 0 0 0 0 0 1 0 1 0 0 0 2 2 7 8 8 7 4 6 8 11 11 
1 30 3 32 8 270 266 4 4 1 0 0 0 1 1 0 0 0 1 1 9 0.2812 27 20 0.1000 0.0741 1 1 18 11 0.6667 0.5500 1 0 0 0 0 0 1 0 0 0 0 0 2 1 4 3 4 2 2 5 5 7 10 

1 31 3 32 9 271 266 5 4 1 0 1 0 0 0 0 0 0 1 1 14 0.4375 25 12 0.0923 0.0443 1 0 11 -2.0000 0.4400 -0.1667 1 0 0 0 0 0 1 0 0 0 0 0 2 2 4 2 3 2 3 4 7 6 6 
0 31 2 32 9 271 266 5 4 1 0 1 0 0 9 7 7 7 1 2 6 0.1875 15 2 0.0554 0.0074 1 0 9 -4.0000 0.6000 -2.0000 1 0 1 0 0 0 2 0 0 0 0 0 2 3 7 5 8 5 3 6 9 11 10 
1 31 3 32 9 271 266 5 4 1 0 0 1 0 17 7 7 7 1 2 4 0.1250 7 2 0.0258 0.0074 1 0 3 -2.0000 0.4286 -1.0000 1 0 1 0 0 0 2 0 0 0 0 0 2 2 7 5 7 5 3 6 9 11 10 
1 31 3 32 9 271 266 5 4 1 0 0 0 1 1 0 0 0 1 1 9 0.2812 27 20 0.0996 0.0738 1 1 18 11 0.6667 0.5500 1 0 0 0 0 0 1 0 0 0 0 0 2 1 4 3 4 2 2 5 5 7 10 

1 32 4 32 6 270 264 6 5 1 0 1 0 0 0 0 0 0 1 1 14 0.4375 25 12 0.0926 0.0444 1 0 11 -2.0000 0.4400 -0.1667 1 0 0 0 0 0 1 0 0 0 0 0 2 2 4 2 3 2 3 4 7 6 6 
0 32 3 32 6 270 264 6 5 1 0 1 0 0 9 17 17 17 2 2 8 0.2500 13 7 0.0481 0.0259 1 0 5 -1.0000 0.3846 -0.1429 1 0 0 0 1 0 1 0 2 0 0 0 2 3 5 6 10 5 4 6 8 11 11 
1 32 4 32 6 270 264 6 5 1 0 0 1 0 17 8 8 8 2 2 4 0.1250 7 2 0.0259 0.0074 1 0 3 -2.0000 0.4286 -1.0000 1 0 1 0 0 0 2 0 1 0 0 0 2 2 7 5 7 5 3 6 9 11 10 
0 32 3 32 6 270 264 6 5 1 0 0 1 0 9 8 8 8 2 2 6 0.1875 13 2 0.0481 0.0074 1 0 7 -4.0000 0.5385 -2.0000 1 0 1 0 1 0 2 0 1 0 0 0 2 3 7 5 8 5 3 6 9 11 10 
1 32 4 32 6 270 264 6 5 1 0 0 0 1 1 0 0 0 1 1 9 0.2812 27 20 0.1000 0.0741 1 1 18 11 0.6667 0.5500 1 0 0 0 0 0 1 0 0 0 0 0 2 1 4 3 4 2 2 5 5 7 10 

1 33 3 32 7 270 265 5 4 1 0 1 0 0 0 0 0 0 1 1 14 0.4375 25 12 0.0926 0.0444 1 0 11 -2.0000 0.4400 -0.1667 1 0 0 0 0 0 1 0 0 0 0 0 2 2 4 2 3 2 3 4 7 6 6 
0 33 2 32 7 270 265 5 4 1 0 1 0 0 10 18 18 18 1 2 9 0.2812 14 7 0.0519 0.0259 1 0 5 -2.0000 0.3571 -0.2857 1 0 0 0 0 0 1 0 1 0 0 0 2 2 7 8 7 8 4 6 8 11 11 
1 33 3 32 7 270 265 5 4 1 0 0 1 0 18 8 8 8 2 1 4 0.1250 7 2 0.0259 0.0074 1 0 3 -2.0000 0.4286 -1.0000 1 0 0 0 0 0 1 0 1 0 0 0 2 2 6 5 8 6 3 6 9 11 10 
1 33 3 32 7 270 265 5 4 1 0 0 0 1 1 0 0 0 1 1 9 0.2812 27 20 0.1000 0.0741 1 1 18 11 0.6667 0.5500 1 0 0 0 0 0 1 0 0 0 0 0 2 1 4 3 4 2 2 5 5 7 10 

1 34 3 32 8 270 266 4 4 1 0 1 0 0 0 0 0 0 1 1 14 0.4375 25 12 0.0926 0.0444 1 0 11 -2.0000 0.4400 -0.1667 1 0 0 0 0 0 1 0 0 0 0 0 2 2 4 2 3 2 3 4 7 6 6 
1 34 3 32 8 270 266 4 4 1 0 0 1 0 19 8 8 8 2 1 4 0.1250 7 2 0.0259 0.0074 1 0 3 -2.0000 0.4286 -1.0000 1 0 0 0 0 0 1 0 1 0 0 0 2 2 4 8 5 8 3 6 9 11 10 
0 34 2 32 8 270 266 4 4 1 0 0 1 0 11 19 19 19 1 2 10 0.3125 15 7 0.0556 0.0259 1 0 5 -3.0000 0.3333 -0.4286 1 0 0 0 0 0 1 0 1 0 0 0 2 2 7 8 8 7 4 6 8 11 11 
1 34 3 32 8 270 266 4 4 1 0 0 0 1 1 0 0 0 1 1 9 0.2812 27 20 0.1000 0.0741 1 1 18 11 0.6667 0.5500 1 0 0 0 0 0 1 0 0 0 0 0 2 1 4 3 4 2 2 5 5 7 10 

1 35 3 32 9 271 266 5 4 1 0 1 0 0 0 0 0 0 1 1 14 0.4375 25 12 0.0923 0.0443 1 0 11 -2.0000 0.4400 -0.1667 1 0 0 0 0 0 1 0 0 0 0 0 2 2 4 2 3 2 3 4 7 6 6 
0 35 2 32 9 271 266 5 4 1 0 1 0 0 12 8 8 8 1 2 6 0.1875 15 2 0.0554 0.0074 1 0 9 -4.0000 0.6000 -2.0000 1 0 1 0 0 0 2 0 0 0 0 0 2 3 7 5 8 5 3 6 9 11 10 
1 35 3 32 9 271 266 5 4 1 0 0 1 0 20 8 8 8 1 2 4 0.1250 7 2 0.0258 0.0074 1 0 3 -2.0000 0.4286 -1.0000 1 0 1 0 0 0 2 0 0 0 0 0 2 2 7 5 7 5 3 6 9 11 10 
1 35 3 32 9 271 266 5 4 1 0 0 0 1 1 0 0 0 1 1 9 0.2812 27 20 0.0996 0.0738 1 1 18 11 0.6667 0.5500 1 0 0 0 0 0 1 0 0 0 0 0 2 1 4 3 4 2 2 5 5 7 10 

