0 1 9 31 0 322 306 16 10 1 0 1 0 0 0 0 0 0 1 2 13 0.4194 15 4 0.0466 0.0124 1 0 2 -9.0000 0.1333 -2.2500 1 0 0 0 0 0 2 0 0 0 0 0 2 2 4 3 4 3 4 5 5 8 5 
0 1 8 31 0 322 306 16 10 1 0 1 0 0 0 0 0 0 2 2 15 0.4839 32 4 0.0994 0.0124 1 0 17 -11.0000 0.5312 -2.7500 1 1 0 0 0 0 2 0 0 2 0 0 2 4 4 4 5 6 3 4 5 7 9 
0 1 9 31 0 322 306 16 10 1 0 1 0 0 0 0 0 0 4 2 14 0.4516 24 4 0.0745 0.0124 1 0 10 -10.0000 0.4167 -2.5000 1 1 0 0 0 0 2 0 0 2 0 0 2 4 4 4 5 6 3 4 5 7 9 
0 1 9 31 0 322 306 16 10 0 1 1 0 0 0 0 0 0 3 4 18 0.5806 23 24 0.0714 0.0745 1 1 5 6 0.2174 0.2500 1 0 0 0 0 0 1 0 0 0 0 0 1 1 1 1 1 2 3 5 8 10 9 
0 1 9 31 0 322 306 16 10 1 0 1 0 0 0 0 0 0 3 2 18 0.5806 23 32 0.0714 0.0994 1 1 5 14 0.2174 0.4375 2 0 0 0 0 0 2 0 0 2 0 0 2 2 4 3 6 4 3 6 9 10 9 
1 1 10 31 0 322 306 16 10 0 1 1 0 0 0 0 0 0 2 1 17 0.5484 28 28 0.0870 0.0870 1 1 11 11 0.3929 0.3929 1 0 0 0 0 0 1 0 0 1 0 0 1 0 1 0 1 5 2 4 5 8 10 
1 1 10 31 0 322 306 16 10 0 1 1 0 0 0 0 0 0 2 4 3 0.0968 28 24 0.0870 0.0745 1 1 25 21 0.8929 0.8750 1 1 0 0 0 0 2 0 0 0 0 0 1 2 1 1 1 1 2 3 3 4 6 
1 1 10 31 0 322 306 16 10 0 1 1 0 0 0 0 0 0 4 1 4 0.1290 24 23 0.0745 0.0714 1 1 20 19 0.8333 0.8261 1 1 0 0 0 0 2 0 0 0 0 0 1 0 4 0 3 0 2 4 4 3 6 
0 1 8 31 0 322 306 16 10 1 0 0 1 0 0 0 0 0 1 2 28 0.9032 31 4 0.0963 0.0124 1 0 3 -24.0000 0.0968 -6.0000 1 0 0 0 0 0 2 0 0 0 0 0 2 3 7 7 10 10 4 5 5 8 5 
0 1 9 31 0 322 306 16 10 0 1 0 1 0 0 0 0 0 3 1 8 0.2581 23 13 0.0714 0.0404 1 1 15 5 0.6522 0.3846 1 0 0 0 0 0 1 0 0 1 0 0 1 0 3 0 2 1 2 3 5 6 6 

0 2 9 32 1 322 307 15 10 1 0 1 0 0 0 0 0 0 1 2 13 0.4062 15 4 0.0466 0.0124 1 0 2 -9.0000 0.1333 -2.2500 1 0 0 0 0 0 2 0 0 0 0 0 2 2 4 3 4 3 4 5 5 8 5 
0 2 9 32 1 322 307 15 10 1 0 1 0 0 0 1 1 1 4 2 14 0.4375 24 4 0.0745 0.0124 1 0 10 -10.0000 0.4167 -2.5000 1 0 1 0 0 0 2 0 1 1 0 0 2 3 6 3 6 5 3 4 5 7 9 
0 2 9 32 1 322 307 15 10 0 1 1 0 0 0 0 0 0 3 4 18 0.5625 23 24 0.0714 0.0745 1 1 5 6 0.2174 0.2500 1 0 0 0 0 1 1 0 0 0 1 0 1 0 1 0 2 1 3 5 8 10 9 
1 2 10 32 1 322 307 15 10 0 1 1 0 0 0 0 0 0 2 1 17 0.5312 28 28 0.0870 0.0870 1 1 11 11 0.3929 0.3929 1 0 0 0 0 0 1 0 0 1 0 0 1 0 1 0 1 5 2 4 5 8 10 
1 2 10 32 1 322 307 15 10 0 1 1 0 0 0 0 0 0 2 4 3 0.0938 28 24 0.0870 0.0745 1 1 25 21 0.8929 0.8750 1 1 0 0 0 0 2 0 0 0 0 0 1 2 1 1 1 1 2 3 3 4 6 
1 2 10 32 1 322 307 15 10 0 1 1 0 0 0 0 0 0 4 1 4 0.1250 24 23 0.0745 0.0714 1 1 20 19 0.8333 0.8261 1 1 0 0 0 0 2 0 0 0 0 0 1 0 4 0 3 0 2 4 4 3 6 
0 2 8 32 1 322 307 15 10 1 0 1 0 0 1 1 1 1 2 2 16 0.5000 33 4 0.1025 0.0124 1 0 17 -12.0000 0.5152 -3.0000 1 0 1 0 0 2 2 0 1 1 0 0 2 2 7 3 6 10 3 4 5 7 9 
0 2 8 32 1 322 307 15 10 0 1 1 0 0 1 0 0 0 2 3 19 0.5938 33 23 0.1025 0.0714 1 1 14 4 0.4242 0.1739 1 0 0 0 0 2 1 0 2 0 1 0 1 0 2 2 3 5 2 5 6 6 8 
0 2 8 32 1 322 307 15 10 1 0 0 1 0 0 0 0 0 1 2 28 0.8750 31 4 0.0963 0.0124 1 0 3 -24.0000 0.0968 -6.0000 1 0 0 0 0 0 2 0 0 0 0 0 2 3 7 7 10 10 4 5 5 8 5 
0 2 9 32 1 322 307 15 10 0 1 0 1 0 0 0 0 0 3 1 8 0.2500 23 13 0.0714 0.0404 1 1 15 5 0.6522 0.3846 1 0 0 0 0 0 1 0 0 1 0 0 1 0 3 0 2 1 2 3 5 6 6 

0 3 7 33 2 322 308 14 8 1 0 1 0 0 0 0 0 0 1 2 13 0.3939 15 4 0.0466 0.0124 1 0 2 -9.0000 0.1333 -2.2500 1 0 0 0 0 0 2 0 0 0 0 0 2 2 4 3 4 3 4 5 5 8 5 
0 3 7 33 2 322 308 14 8 1 0 1 0 0 0 2 2 2 4 1 14 0.4242 24 4 0.0745 0.0124 1 0 10 -10.0000 0.4167 -2.5000 1 0 0 0 0 0 1 0 0 1 0 0 2 2 4 2 5 7 3 4 5 7 9 
0 3 7 33 2 322 308 14 8 0 1 1 0 0 0 0 0 0 2 4 18 0.5455 23 24 0.0714 0.0745 1 1 5 6 0.2174 0.2500 1 0 0 0 0 0 1 0 0 0 0 0 1 0 1 4 1 3 3 5 8 10 9 
1 3 8 33 2 322 308 14 8 0 1 1 0 0 0 0 0 0 2 1 17 0.5152 28 28 0.0870 0.0870 1 1 11 11 0.3929 0.3929 1 0 0 0 0 0 1 0 0 1 0 0 1 0 1 0 1 5 2 4 5 8 10 
1 3 8 33 2 322 308 14 8 0 1 1 0 0 0 0 0 0 2 4 3 0.0909 28 24 0.0870 0.0745 1 1 25 21 0.8929 0.8750 1 1 0 0 0 0 2 0 0 0 0 0 1 2 1 1 1 1 2 3 3 4 6 
1 3 8 33 2 322 308 14 8 0 1 1 0 0 0 0 0 0 4 1 4 0.1212 24 23 0.0745 0.0714 1 1 20 19 0.8333 0.8261 1 1 0 0 0 0 2 0 0 0 0 0 1 0 4 0 3 0 2 4 4 3 6 
0 3 6 33 2 322 308 14 8 1 0 0 1 0 0 0 0 0 1 2 28 0.8485 31 4 0.0963 0.0124 1 0 3 -24.0000 0.0968 -6.0000 1 0 0 0 0 0 2 0 0 0 0 0 2 3 7 7 10 10 4 5 5 8 5 
0 3 7 33 2 322 308 14 8 0 1 0 1 0 0 0 0 0 2 1 8 0.2424 23 13 0.0714 0.0404 1 1 15 5 0.6522 0.3846 1 0 0 0 0 0 1 0 0 1 0 0 1 0 3 0 2 1 2 3 5 6 6 

0 4 6 33 3 322 308 14 7 1 0 1 0 0 0 1 1 1 1 1 13 0.3939 15 4 0.0466 0.0124 1 0 2 -9.0000 0.1333 -2.2500 1 0 0 0 0 0 1 0 0 0 0 0 2 2 4 3 4 3 4 5 5 8 5 
0 4 6 33 3 322 308 14 7 1 0 1 0 0 0 2 2 2 4 1 14 0.4242 24 4 0.0745 0.0124 1 0 10 -10.0000 0.4167 -2.5000 1 0 0 0 0 0 1 0 0 1 0 0 2 2 4 2 5 7 3 4 5 7 9 
0 4 6 33 3 322 308 14 7 0 1 1 0 0 0 0 0 0 2 4 18 0.5455 23 24 0.0714 0.0745 1 1 5 6 0.2174 0.2500 1 0 0 0 0 0 1 0 0 0 0 0 1 0 1 4 1 3 3 5 8 10 9 
1 4 7 33 3 322 308 14 7 0 1 1 0 0 0 0 0 0 2 1 17 0.5152 28 28 0.0870 0.0870 1 1 11 11 0.3929 0.3929 1 0 0 0 0 0 1 0 0 1 0 0 1 0 1 0 1 5 2 4 5 8 10 
1 4 7 33 3 322 308 14 7 0 1 1 0 0 0 0 0 0 2 4 3 0.0909 28 24 0.0870 0.0745 1 1 25 21 0.8929 0.8750 1 1 0 0 0 0 2 0 0 0 0 0 1 2 1 1 1 1 2 3 3 4 6 
1 4 7 33 3 322 308 14 7 0 1 1 0 0 0 0 0 0 4 1 4 0.1212 24 23 0.0745 0.0714 1 1 20 19 0.8333 0.8261 1 1 0 0 0 0 2 0 0 0 0 0 1 0 4 0 3 0 2 4 4 3 6 
0 4 6 33 3 322 308 14 7 0 1 0 1 0 0 0 0 0 2 1 8 0.2424 23 13 0.0714 0.0404 1 1 15 5 0.6522 0.3846 1 0 0 0 0 0 1 0 0 1 0 0 1 0 3 0 2 1 2 3 5 6 6 

0 5 6 33 4 322 309 13 7 1 0 1 0 0 0 2 2 2 4 1 14 0.4242 24 4 0.0745 0.0124 1 0 10 -10.0000 0.4167 -2.5000 1 0 0 0 0 0 1 0 0 1 0 0 2 2 4 2 5 7 3 4 5 7 9 
0 5 6 33 4 322 309 13 7 0 1 1 0 0 0 0 0 0 2 4 18 0.5455 23 24 0.0714 0.0745 1 1 5 6 0.2174 0.2500 1 0 0 0 0 0 1 0 0 0 0 0 1 0 1 4 1 3 3 5 8 10 9 
1 5 7 33 4 322 309 13 7 0 1 1 0 0 0 0 0 0 2 1 17 0.5152 28 28 0.0870 0.0870 1 1 11 11 0.3929 0.3929 1 0 0 0 0 0 1 0 0 1 0 0 1 0 1 0 1 5 2 4 5 8 10 
1 5 7 33 4 322 309 13 7 0 1 1 0 0 0 0 0 0 2 4 3 0.0909 28 24 0.0870 0.0745 1 1 25 21 0.8929 0.8750 1 1 0 0 0 0 2 0 0 0 0 0 1 2 1 1 1 1 2 3 3 4 6 
1 5 7 33 4 322 309 13 7 0 1 1 0 0 0 0 0 0 4 1 4 0.1212 24 23 0.0745 0.0714 1 1 20 19 0.8333 0.8261 1 1 0 0 0 0 2 0 0 0 0 0 1 0 4 0 3 0 2 4 4 3 6 
0 5 6 33 4 322 309 13 7 1 0 1 0 0 1 2 2 2 1 1 14 0.4242 16 4 0.0497 0.0124 1 0 2 -10.0000 0.1250 -2.5000 1 0 0 0 0 0 1 0 0 0 0 0 2 2 4 4 3 4 4 5 5 8 5 
0 5 6 33 4 322 309 13 7 0 1 0 1 0 0 0 0 0 2 1 8 0.2424 23 13 0.0714 0.0404 1 1 15 5 0.6522 0.3846 1 0 0 0 0 0 1 0 0 1 0 0 1 0 3 0 2 1 2 3 5 6 6 

1 6 7 33 5 322 310 12 7 0 1 1 0 0 0 0 0 0 2 1 17 0.5152 28 28 0.0870 0.0870 1 1 11 11 0.3929 0.3929 1 0 0 0 0 0 1 0 0 1 0 0 1 0 1 0 1 5 2 4 5 8 10 
0 6 6 33 5 322 310 12 7 1 0 1 0 0 1 2 2 2 1 1 14 0.4242 16 4 0.0497 0.0124 1 0 2 -10.0000 0.1250 -2.5000 1 0 0 0 0 0 1 0 0 0 0 0 2 2 4 4 3 4 4 5 5 8 5 
0 6 5 33 5 322 310 12 7 1 0 1 0 0 1 3 3 3 4 1 15 0.4545 25 4 0.0776 0.0124 1 0 10 -11.0000 0.4000 -2.7500 1 0 0 0 0 0 1 0 0 1 0 0 2 2 4 3 4 5 3 4 5 7 9 
0 6 5 33 5 322 310 12 7 1 0 1 0 0 1 0 0 0 4 2 18 0.5455 25 23 0.0776 0.0714 1 1 7 5 0.2800 0.2174 1 0 0 0 0 0 1 0 0 1 0 0 2 0 4 1 11 2 3 6 9 10 9 
0 6 6 33 5 322 310 12 7 0 1 0 1 0 0 0 0 0 2 1 8 0.2424 23 13 0.0714 0.0404 1 1 15 5 0.6522 0.3846 1 0 0 0 0 0 1 0 0 1 0 0 1 0 3 0 2 1 2 3 5 6 6 
1 6 7 33 5 322 310 12 7 0 1 0 1 0 1 0 0 0 4 2 3 0.0909 25 28 0.0776 0.0870 1 1 22 25 0.8800 0.8929 1 0 0 0 0 0 1 0 0 0 0 0 1 0 1 0 1 0 2 3 3 6 10 
1 6 7 33 5 322 310 12 7 0 1 0 1 0 1 0 0 0 4 1 4 0.1212 25 23 0.0776 0.0714 1 1 21 19 0.8400 0.8261 1 1 0 0 0 0 2 0 0 0 0 0 1 0 4 0 3 0 2 4 4 3 6 

1 7 5 33 6 322 311 11 5 0 1 1 0 0 0 0 0 0 2 1 17 0.5152 28 28 0.0870 0.0870 1 1 11 11 0.3929 0.3929 1 0 0 0 0 0 1 0 0 1 0 0 1 0 1 0 1 5 2 4 5 8 10 
0 7 4 33 6 322 311 11 5 1 0 1 0 0 1 2 2 2 1 1 14 0.4242 16 4 0.0497 0.0124 1 0 2 -10.0000 0.1250 -2.5000 1 0 0 0 0 0 1 0 0 0 0 0 2 2 4 4 3 4 4 5 5 8 5 
0 7 4 33 6 322 311 11 5 0 1 0 1 0 0 0 0 0 1 1 8 0.2424 23 13 0.0714 0.0404 1 1 15 5 0.6522 0.3846 1 0 0 0 0 0 1 0 0 1 0 0 1 0 3 0 2 1 2 3 5 6 6 
1 7 5 33 6 322 311 11 5 0 1 0 1 0 2 0 0 0 2 2 3 0.0909 26 28 0.0807 0.0870 1 1 23 25 0.8846 0.8929 1 0 0 0 0 0 1 0 0 0 0 0 1 0 1 0 1 0 2 3 3 6 10 
1 7 5 33 6 322 311 11 5 0 1 0 1 0 2 0 0 0 2 1 4 0.1212 26 23 0.0807 0.0714 1 1 22 19 0.8462 0.8261 1 1 0 0 0 0 2 0 0 0 0 0 1 0 4 0 3 0 2 4 4 3 6 

1 8 5 33 7 322 312 10 5 0 1 1 0 0 0 0 0 0 2 1 17 0.5152 28 28 0.0870 0.0870 1 1 11 11 0.3929 0.3929 1 0 0 0 0 0 1 0 0 1 0 0 1 0 1 0 1 5 2 4 5 8 10 
0 8 4 33 7 322 312 10 5 1 0 1 0 0 2 3 3 3 1 1 15 0.4545 17 4 0.0528 0.0124 1 0 2 -11.0000 0.1176 -2.7500 1 0 0 0 0 0 1 0 0 0 0 0 2 2 4 4 3 5 4 5 5 8 5 
0 8 4 33 7 322 312 10 5 0 1 0 1 0 0 0 0 0 1 1 8 0.2424 23 13 0.0714 0.0404 1 1 15 5 0.6522 0.3846 1 0 0 0 0 0 1 0 0 1 0 0 1 0 3 0 2 1 2 3 5 6 6 
1 8 5 33 7 322 312 10 5 0 1 0 1 0 2 0 0 0 2 2 3 0.0909 26 28 0.0807 0.0870 1 1 23 25 0.8846 0.8929 1 0 0 0 0 0 1 0 0 0 0 0 1 0 1 0 1 0 2 3 3 6 10 
1 8 5 33 7 322 312 10 5 0 1 0 1 0 2 0 0 0 2 1 4 0.1212 26 23 0.0807 0.0714 1 1 22 19 0.8462 0.8261 1 1 0 0 0 0 2 0 0 0 0 0 1 0 4 0 3 0 2 4 4 3 6 

1 9 5 33 8 322 313 9 5 0 1 1 0 0 0 0 0 0 2 1 17 0.5152 28 28 0.0870 0.0870 1 1 11 11 0.3929 0.3929 1 0 0 0 0 0 1 0 0 1 0 0 1 0 1 0 1 5 2 4 5 8 10 
0 9 4 33 8 322 313 9 5 1 0 1 0 0 3 4 4 4 1 1 16 0.4848 18 4 0.0559 0.0124 1 0 2 -12.0000 0.1111 -3.0000 1 0 0 0 0 0 1 0 0 0 0 0 2 2 4 4 3 5 4 5 5 8 5 
0 9 4 33 8 322 313 9 5 0 1 0 1 0 0 0 0 0 1 1 8 0.2424 23 13 0.0714 0.0404 1 1 15 5 0.6522 0.3846 1 0 0 0 0 0 1 0 0 1 0 0 1 0 3 0 2 1 2 3 5 6 6 
1 9 5 33 8 322 313 9 5 0 1 0 1 0 2 0 0 0 2 2 3 0.0909 26 28 0.0807 0.0870 1 1 23 25 0.8846 0.8929 1 0 0 0 0 0 1 0 0 0 0 0 1 0 1 0 1 0 2 3 3 6 10 
1 9 5 33 8 322 313 9 5 0 1 0 1 0 2 0 0 0 2 1 4 0.1212 26 23 0.0807 0.0714 1 1 22 19 0.8462 0.8261 1 1 0 0 0 0 2 0 0 0 0 0 1 0 4 0 3 0 2 4 4 3 6 

1 10 5 33 9 322 314 8 5 0 1 1 0 0 0 0 0 0 2 1 17 0.5152 28 28 0.0870 0.0870 1 1 11 11 0.3929 0.3929 1 0 0 0 0 0 1 0 0 1 0 0 1 0 1 0 1 5 2 4 5 8 10 
0 10 4 33 9 322 314 8 5 1 0 1 0 0 4 5 5 5 1 1 17 0.5152 19 4 0.0590 0.0124 1 0 2 -13.0000 0.1053 -3.2500 1 0 0 0 0 0 1 0 0 0 0 0 2 2 4 4 3 5 4 5 5 8 5 
0 10 4 33 9 322 314 8 5 0 1 0 1 0 0 0 0 0 1 1 8 0.2424 23 13 0.0714 0.0404 1 1 15 5 0.6522 0.3846 1 0 0 0 0 0 1 0 0 1 0 0 1 0 3 0 2 1 2 3 5 6 6 
1 10 5 33 9 322 314 8 5 0 1 0 1 0 2 0 0 0 2 2 3 0.0909 26 28 0.0807 0.0870 1 1 23 25 0.8846 0.8929 1 0 0 0 0 0 1 0 0 0 0 0 1 0 1 0 1 0 2 3 3 6 10 
1 10 5 33 9 322 314 8 5 0 1 0 1 0 2 0 0 0 2 1 4 0.1212 26 23 0.0807 0.0714 1 1 22 19 0.8462 0.8261 1 1 0 0 0 0 2 0 0 0 0 0 1 0 4 0 3 0 2 4 4 3 6 

1 11 5 33 10 322 315 7 5 0 1 1 0 0 0 0 0 0 2 1 17 0.5152 28 28 0.0870 0.0870 1 1 11 11 0.3929 0.3929 1 0 0 0 0 0 1 0 0 1 0 0 1 0 1 0 1 5 2 4 5 8 10 
0 11 4 33 10 322 315 7 5 1 0 1 0 0 5 6 6 6 1 1 18 0.5455 20 4 0.0621 0.0124 1 0 2 -14.0000 0.1000 -3.5000 1 0 0 0 0 0 1 0 0 0 0 0 2 2 4 4 3 9 4 5 5 8 5 
0 11 4 33 10 322 315 7 5 0 1 0 1 0 0 0 0 0 1 1 8 0.2424 23 13 0.0714 0.0404 1 1 15 5 0.6522 0.3846 1 0 0 0 0 0 1 0 0 1 0 0 1 0 3 0 2 1 2 3 5 6 6 
1 11 5 33 10 322 315 7 5 0 1 0 1 0 2 0 0 0 2 2 3 0.0909 26 28 0.0807 0.0870 1 1 23 25 0.8846 0.8929 1 0 0 0 0 0 1 0 0 0 0 0 1 0 1 0 1 0 2 3 3 6 10 
1 11 5 33 10 322 315 7 5 0 1 0 1 0 2 0 0 0 2 1 4 0.1212 26 23 0.0807 0.0714 1 1 22 19 0.8462 0.8261 1 1 0 0 0 0 2 0 0 0 0 0 1 0 4 0 3 0 2 4 4 3 6 

1 12 5 33 11 322 316 6 5 0 1 1 0 0 0 0 0 0 2 1 17 0.5152 28 28 0.0870 0.0870 1 1 11 11 0.3929 0.3929 1 0 0 0 0 0 1 0 0 1 0 0 1 0 1 0 1 5 2 4 5 8 10 
0 12 4 33 11 322 316 6 5 1 0 1 0 0 6 7 7 7 1 1 19 0.5758 21 4 0.0652 0.0124 1 0 2 -15.0000 0.0952 -3.7500 1 0 0 0 0 0 1 0 0 0 0 0 2 2 4 4 7 5 4 5 5 8 5 
0 12 4 33 11 322 316 6 5 0 1 0 1 0 0 0 0 0 1 1 8 0.2424 23 13 0.0714 0.0404 1 1 15 5 0.6522 0.3846 1 0 0 0 0 0 1 0 0 1 0 0 1 0 3 0 2 1 2 3 5 6 6 
1 12 5 33 11 322 316 6 5 0 1 0 1 0 2 0 0 0 2 2 3 0.0909 26 28 0.0807 0.0870 1 1 23 25 0.8846 0.8929 1 0 0 0 0 0 1 0 0 0 0 0 1 0 1 0 1 0 2 3 3 6 10 
1 12 5 33 11 322 316 6 5 0 1 0 1 0 2 0 0 0 2 1 4 0.1212 26 23 0.0807 0.0714 1 1 22 19 0.8462 0.8261 1 1 0 0 0 0 2 0 0 0 0 0 1 0 4 0 3 0 2 4 4 3 6 

1 13 5 33 12 322 317 5 5 0 1 1 0 0 0 0 0 0 2 1 17 0.5152 28 28 0.0870 0.0870 1 1 11 11 0.3929 0.3929 1 0 0 0 0 0 1 0 0 1 0 0 1 0 1 0 1 5 2 4 5 8 10 
0 13 4 33 12 322 317 5 5 1 0 1 0 0 7 8 8 8 1 1 20 0.6061 22 4 0.0683 0.0124 1 0 2 -16.0000 0.0909 -4.0000 1 0 0 0 0 0 1 0 0 0 0 0 2 2 4 7 3 10 4 5 5 8 5 
0 13 4 33 12 322 317 5 5 0 1 0 1 0 0 0 0 0 1 1 8 0.2424 23 13 0.0714 0.0404 1 1 15 5 0.6522 0.3846 1 0 0 0 0 0 1 0 0 1 0 0 1 0 3 0 2 1 2 3 5 6 6 
1 13 5 33 12 322 317 5 5 0 1 0 1 0 2 0 0 0 2 2 3 0.0909 26 28 0.0807 0.0870 1 1 23 25 0.8846 0.8929 1 0 0 0 0 0 1 0 0 0 0 0 1 0 1 0 1 0 2 3 3 6 10 
1 13 5 33 12 322 317 5 5 0 1 0 1 0 2 0 0 0 2 1 4 0.1212 26 23 0.0807 0.0714 1 1 22 19 0.8462 0.8261 1 1 0 0 0 0 2 0 0 0 0 0 1 0 4 0 3 0 2 4 4 3 6 

1 14 5 33 13 322 318 4 5 0 1 1 0 0 0 0 0 0 2 1 17 0.5152 28 28 0.0870 0.0870 1 1 11 11 0.3929 0.3929 1 0 0 0 0 0 1 0 0 1 0 0 1 0 1 0 1 5 2 4 5 8 10 
0 14 4 33 13 322 318 4 5 1 0 1 0 0 8 9 9 9 1 1 21 0.6364 23 4 0.0714 0.0124 1 0 2 -17.0000 0.0870 -4.2500 1 0 0 0 0 0 1 0 0 0 0 0 2 2 6 4 7 4 4 5 5 8 5 
0 14 4 33 13 322 318 4 5 0 1 0 1 0 0 0 0 0 1 1 8 0.2424 23 13 0.0714 0.0404 1 1 15 5 0.6522 0.3846 1 0 0 0 0 0 1 0 0 1 0 0 1 0 3 0 2 1 2 3 5 6 6 
1 14 5 33 13 322 318 4 5 0 1 0 1 0 2 0 0 0 2 2 3 0.0909 26 28 0.0807 0.0870 1 1 23 25 0.8846 0.8929 1 0 0 0 0 0 1 0 0 0 0 0 1 0 1 0 1 0 2 3 3 6 10 
1 14 5 33 13 322 318 4 5 0 1 0 1 0 2 0 0 0 2 1 4 0.1212 26 23 0.0807 0.0714 1 1 22 19 0.8462 0.8261 1 1 0 0 0 0 2 0 0 0 0 0 1 0 4 0 3 0 2 4 4 3 6 

1 15 5 33 14 322 319 3 5 0 1 1 0 0 0 0 0 0 2 1 17 0.5152 28 28 0.0870 0.0870 1 1 11 11 0.3929 0.3929 1 0 0 0 0 0 1 0 0 1 0 0 1 0 1 0 1 5 2 4 5 8 10 
0 15 4 33 14 322 319 3 5 1 0 1 0 0 9 10 10 10 1 1 22 0.6667 24 4 0.0745 0.0124 1 0 2 -18.0000 0.0833 -4.5000 1 0 0 0 0 0 1 0 0 0 0 0 2 3 4 7 3 12 4 5 5 8 5 
0 15 4 33 14 322 319 3 5 0 1 0 1 0 0 0 0 0 1 1 8 0.2424 23 13 0.0714 0.0404 1 1 15 5 0.6522 0.3846 1 0 0 0 0 0 1 0 0 1 0 0 1 0 3 0 2 1 2 3 5 6 6 
1 15 5 33 14 322 319 3 5 0 1 0 1 0 2 0 0 0 2 2 3 0.0909 26 28 0.0807 0.0870 1 1 23 25 0.8846 0.8929 1 0 0 0 0 0 1 0 0 0 0 0 1 0 1 0 1 0 2 3 3 6 10 
1 15 5 33 14 322 319 3 5 0 1 0 1 0 2 0 0 0 2 1 4 0.1212 26 23 0.0807 0.0714 1 1 22 19 0.8462 0.8261 1 1 0 0 0 0 2 0 0 0 0 0 1 0 4 0 3 0 2 4 4 3 6 

1 16 5 33 15 322 320 2 5 0 1 1 0 0 0 0 0 0 2 1 17 0.5152 28 28 0.0870 0.0870 1 1 11 11 0.3929 0.3929 1 0 0 0 0 0 1 0 0 1 0 0 1 0 1 0 1 5 2 4 5 8 10 
0 16 4 33 15 322 320 2 5 0 1 0 1 0 0 0 0 0 1 1 8 0.2424 23 13 0.0714 0.0404 1 1 15 5 0.6522 0.3846 1 0 0 0 0 0 1 0 0 1 0 0 1 0 3 0 2 1 2 3 5 6 6 
1 16 5 33 15 322 320 2 5 0 1 0 1 0 2 0 0 0 2 2 3 0.0909 26 28 0.0807 0.0870 1 1 23 25 0.8846 0.8929 1 0 0 0 0 0 1 0 0 0 0 0 1 0 1 0 1 0 2 3 3 6 10 
1 16 5 33 15 322 320 2 5 0 1 0 1 0 2 0 0 0 2 1 4 0.1212 26 23 0.0807 0.0714 1 1 22 19 0.8462 0.8261 1 1 0 0 0 0 2 0 0 0 0 0 1 0 4 0 3 0 2 4 4 3 6 
0 16 4 33 15 322 320 2 5 1 0 0 1 0 10 11 11 11 1 1 23 0.6970 25 4 0.0776 0.0124 1 0 2 -19.0000 0.0800 -4.7500 1 0 0 0 0 0 1 0 0 0 0 0 2 2 7 4 7 8 4 5 5 8 5 

1 17 4 33 16 322 320 2 4 0 1 1 0 0 0 0 0 0 2 1 17 0.5152 28 28 0.0870 0.0870 1 1 11 11 0.3929 0.3929 1 0 0 0 0 0 1 0 0 0 0 0 1 0 1 0 1 5 2 4 5 8 10 
1 17 4 33 16 322 320 2 4 0 1 0 1 0 2 0 0 0 2 2 3 0.0909 26 28 0.0807 0.0870 1 1 23 25 0.8846 0.8929 1 0 0 0 0 0 1 0 0 0 0 0 1 0 1 0 1 0 2 3 3 6 10 
1 17 4 33 16 322 320 2 4 0 1 0 1 0 2 0 0 0 2 1 4 0.1212 26 23 0.0807 0.0714 1 1 22 19 0.8462 0.8261 1 1 0 0 0 0 2 0 0 0 0 0 1 0 4 0 3 0 2 4 4 3 6 
0 17 3 33 16 322 320 2 4 1 0 0 1 0 10 11 11 11 1 1 23 0.6970 25 4 0.0776 0.0124 1 0 2 -19.0000 0.0800 -4.7500 1 0 0 0 0 0 1 0 0 0 0 0 2 2 7 4 7 8 4 5 5 8 5 

1 18 4 33 18 323 321 2 4 0 1 1 0 0 11 4 4 0 1 1 3 0.0909 25 4 0.0774 0.0124 1 1 22 1 0.8800 0.2500 1 0 0 0 0 0 1 0 0 0 0 0 1 1 1 1 1 1 2 2 3 4 4 
0 18 3 33 18 323 321 2 4 1 0 1 0 0 1 1 0.5000 0.5000 2 1 17 0.5152 29 28 0.0898 0.0867 1 1 12 11 0.4138 0.3929 1 0 0 0 0 0 1 0 0 0 0 0 2 1 3 1 3 6 3 5 6 10 14 
1 18 4 33 18 323 321 2 4 0 1 0 1 0 2 0 0 0 2 1 4 0.1212 26 23 0.0805 0.0712 1 1 22 19 0.8462 0.8261 1 1 0 0 0 0 2 0 0 0 0 0 1 0 4 0 3 0 2 4 4 3 6 
1 18 4 33 18 323 321 2 4 0 1 0 0 1 1 2 0 0 2 2 3 0.0909 29 26 0.0898 0.0805 1 1 26 23 0.8966 0.8846 1 1 0 0 0 0 2 0 0 0 0 0 1 2 1 1 1 1 2 3 3 4 6 

0 19 3 33 19 323 322 1 3 0 1 1 0 0 11 4 4 0 1 1 3 0.0909 25 4 0.0774 0.0124 1 1 22 1 0.8800 0.2500 1 0 0 0 0 0 1 0 0 0 0 0 1 1 1 1 1 1 2 2 3 4 4 
0 19 3 33 19 323 322 1 3 0 1 0 1 0 2 0 0 0 2 1 4 0.1212 26 23 0.0805 0.0712 1 1 22 19 0.8462 0.8261 1 1 0 0 0 0 2 0 0 0 0 0 1 0 4 0 3 0 2 4 4 3 6 
1 19 4 33 19 323 322 1 3 0 1 0 0 1 2 2 0 0 1 2 3 0.0909 30 26 0.0929 0.0805 1 1 27 23 0.9000 0.8846 1 1 0 0 0 0 2 0 0 0 0 0 1 2 1 1 1 1 2 3 3 4 6 

0 20 2 33 20 324 323 1 3 1 0 1 0 0 5 12 0.5000 0.5000 1 1 3 0.0909 5 25 0.0154 0.0772 1 1 2 22 0.4000 0.8800 1 0 0 0 0 0 1 0 0 0 0 0 2 1 3 2 3 2 4 5 5 8 10 
0 20 3 33 20 324 323 1 3 0 1 0 1 0 2 0 0 0 2 1 4 0.1212 26 23 0.0802 0.0710 1 1 22 19 0.8462 0.8261 1 1 0 0 0 0 2 0 0 0 0 0 1 0 4 0 3 0 2 4 4 3 6 
1 20 4 33 20 324 323 1 3 0 1 0 0 1 2 2 0 0 1 2 3 0.0909 30 26 0.0926 0.0802 1 1 27 23 0.9000 0.8846 1 1 0 0 0 0 2 0 0 0 0 0 1 2 1 1 1 1 2 3 3 4 6 

0 21 3 33 20 323 323 0 3 0 1 0 1 0 2 0 0 0 2 1 4 0.1212 26 23 0.0805 0.0712 1 1 22 19 0.8462 0.8261 1 1 0 0 0 0 2 0 0 0 0 0 1 0 4 0 3 0 2 4 4 3 6 
0 21 2 33 20 323 323 0 3 1 0 0 1 0 12 12 12 12 1 1 24 0.7273 26 4 0.0805 0.0124 1 0 2 -20.0000 0.0769 -5.0000 1 0 0 0 0 0 1 0 0 0 0 0 2 3 4 8 5 10 4 5 5 8 5 
1 21 4 33 20 323 323 0 3 0 1 0 0 1 2 2 0 0 1 2 3 0.0909 30 26 0.0929 0.0805 1 1 27 23 0.9000 0.8846 1 1 0 0 0 0 2 0 0 0 0 0 1 2 1 1 1 1 2 3 3 4 6 

0 22 3 33 21 324 323 1 3 1 0 1 0 0 13 5 4.5000 4.5000 1 1 3 0.0909 26 4 0.0802 0.0123 1 1 23 1 0.8846 0.2500 1 0 0 0 0 0 1 0 0 0 0 0 2 1 4 1 4 2 3 4 5 7 9 
0 22 3 33 21 324 323 1 3 0 1 0 1 0 2 0 0 0 2 1 4 0.1212 26 23 0.0802 0.0710 1 1 22 19 0.8462 0.8261 1 1 0 0 0 0 2 0 0 0 0 0 1 0 4 0 3 0 2 4 4 3 6 
1 22 4 33 21 324 323 1 3 0 1 0 0 1 2 2 0 0 1 2 3 0.0909 30 26 0.0926 0.0802 1 1 27 23 0.9000 0.8846 1 1 0 0 0 0 2 0 0 0 0 0 1 2 1 1 1 1 2 3 3 4 6 

1 23 5 33 16 323 321 2 5 0 1 1 0 0 2 2 1.5000 0.5000 2 1 17 0.5152 28 28 0.0867 0.0867 1 1 11 11 0.3929 0.3929 1 0 0 0 0 0 1 0 0 0 1 0 1 0 1 0 1 5 2 4 5 8 10 
1 23 5 33 16 323 321 2 5 0 1 0 1 0 2 2 0 0 2 2 3 0.0909 26 28 0.0805 0.0867 1 1 23 25 0.8846 0.8929 1 0 0 0 0 0 1 0 0 0 0 0 1 0 1 0 1 0 2 3 3 6 10 
1 23 5 33 16 323 321 2 5 0 1 0 1 0 2 0 0 0 2 1 4 0.1212 26 23 0.0805 0.0712 1 1 22 19 0.8462 0.8261 1 1 0 0 0 0 2 0 0 0 0 0 1 0 4 0 3 0 2 4 4 3 6 
0 23 4 33 16 323 321 2 5 1 0 0 1 0 13 13 13 13 1 1 23 0.6970 25 4 0.0774 0.0124 1 0 2 -19.0000 0.0800 -4.7500 1 0 0 0 0 0 1 0 0 0 0 0 2 2 7 4 7 8 4 5 5 8 5 
0 23 4 33 16 323 321 2 5 1 0 0 1 0 1 1 0.5000 0.5000 1 1 8 0.2424 14 23 0.0433 0.0712 1 1 6 15 0.4286 0.6522 1 0 0 0 0 0 1 0 0 0 1 0 2 3 3 3 3 3 4 4 6 9 9 

1 24 5 33 17 324 321 3 5 0 1 1 0 0 2 2 1.5000 0.5000 2 1 17 0.5152 28 28 0.0864 0.0864 1 1 11 11 0.3929 0.3929 1 0 0 0 0 0 1 0 0 0 1 0 1 0 1 0 1 5 2 4 5 8 10 
1 24 5 33 17 324 321 3 5 0 1 1 0 0 14 5 4.5000 0.5000 1 1 3 0.0909 25 4 0.0772 0.0123 1 1 22 1 0.8800 0.2500 1 0 0 0 0 0 1 0 0 0 0 0 1 1 1 1 1 1 2 2 3 4 4 
1 24 5 33 17 324 321 3 5 0 1 0 1 0 2 2 0 0 2 2 3 0.0909 26 28 0.0802 0.0864 1 1 23 25 0.8846 0.8929 1 0 0 0 0 0 1 0 0 0 0 0 1 0 1 0 1 0 2 3 3 6 10 
1 24 5 33 17 324 321 3 5 0 1 0 1 0 2 0 0 0 2 1 4 0.1212 26 23 0.0802 0.0710 1 1 22 19 0.8462 0.8261 1 1 0 0 0 0 2 0 0 0 0 0 1 0 4 0 3 0 2 4 4 3 6 
0 24 4 33 17 324 321 3 5 1 0 0 1 0 1 1 0.5000 0.5000 1 1 8 0.2424 14 23 0.0432 0.0710 1 1 6 15 0.4286 0.6522 1 0 0 0 0 0 1 0 0 0 1 0 2 3 3 3 3 3 4 4 6 9 9 

0 25 5 33 4 323 319 4 6 1 0 1 0 0 2 5 4.5000 4.5000 4 1 14 0.4242 24 4 0.0743 0.0124 1 0 10 -10.0000 0.4167 -2.5000 1 0 0 0 0 0 1 0 0 1 0 0 2 2 4 2 5 7 3 4 5 7 9 
0 25 5 33 4 323 319 4 6 0 1 1 0 0 1 2 0 0 2 4 18 0.5455 23 24 0.0712 0.0743 1 1 5 6 0.2174 0.2500 1 0 0 0 0 0 1 0 0 0 0 0 1 0 1 4 1 3 3 5 8 10 9 
1 25 6 33 4 323 319 4 6 0 1 1 0 0 2 2 1.5000 0.5000 2 1 17 0.5152 28 28 0.0867 0.0867 1 1 11 11 0.3929 0.3929 1 0 0 0 0 0 1 0 0 1 0 0 1 0 1 0 1 5 2 4 5 8 10 
1 25 6 33 4 323 319 4 6 0 1 1 0 0 2 2 0 0 2 4 3 0.0909 28 24 0.0867 0.0743 1 1 25 21 0.8929 0.8750 1 1 0 0 0 0 2 0 0 0 0 0 1 2 1 1 1 1 2 3 3 4 6 
1 25 6 33 4 323 319 4 6 0 1 1 0 0 2 0 0 0 4 1 4 0.1212 24 23 0.0743 0.0712 1 1 20 19 0.8333 0.8261 1 1 0 0 0 0 2 0 0 0 0 0 1 0 4 0 3 0 2 4 4 3 6 
0 25 5 33 4 323 319 4 6 0 1 0 1 0 1 1 0.5000 0.5000 2 1 8 0.2424 23 13 0.0712 0.0402 1 1 15 5 0.6522 0.3846 1 0 0 0 0 0 1 0 0 1 0 0 1 0 3 0 2 1 2 3 5 6 6 

1 26 6 33 5 323 320 3 6 0 1 1 0 0 2 2 1.5000 0.5000 2 1 17 0.5152 28 28 0.0867 0.0867 1 1 11 11 0.3929 0.3929 1 0 0 0 0 0 1 0 0 1 0 0 1 0 1 0 1 5 2 4 5 8 10 
0 26 4 33 5 323 320 3 6 1 0 1 0 0 3 6 5.5000 5.5000 4 1 15 0.4545 25 4 0.0774 0.0124 1 0 10 -11.0000 0.4000 -2.7500 1 0 0 0 0 0 1 0 0 1 0 0 2 2 4 3 4 5 3 4 5 7 9 
0 26 4 33 5 323 320 3 6 1 0 1 0 0 3 1 0 0 4 2 18 0.5455 25 23 0.0774 0.0712 1 1 7 5 0.2800 0.2174 1 0 0 0 0 0 1 0 0 1 0 0 2 0 4 1 11 2 3 6 9 10 9 
0 26 5 33 5 323 320 3 6 0 1 0 1 0 1 1 0.5000 0.5000 2 1 8 0.2424 23 13 0.0712 0.0402 1 1 15 5 0.6522 0.3846 1 0 0 0 0 0 1 0 0 1 0 0 1 0 3 0 2 1 2 3 5 6 6 
1 26 6 33 5 323 320 3 6 0 1 0 1 0 3 2 0 0 4 2 3 0.0909 25 28 0.0774 0.0867 1 1 22 25 0.8800 0.8929 1 0 0 0 0 0 1 0 0 0 0 0 1 0 1 0 1 0 2 3 3 6 10 
1 26 6 33 5 323 320 3 6 0 1 0 1 0 3 0 0 0 4 1 4 0.1212 25 23 0.0774 0.0712 1 1 21 19 0.8400 0.8261 1 1 0 0 0 0 2 0 0 0 0 0 1 0 4 0 3 0 2 4 4 3 6 

1 27 4 33 6 323 321 2 4 0 1 1 0 0 2 2 1.5000 0.5000 2 1 17 0.5152 28 28 0.0867 0.0867 1 1 11 11 0.3929 0.3929 1 0 0 0 0 0 1 0 0 1 0 0 1 0 1 0 1 5 2 4 5 8 10 
0 27 3 33 6 323 321 2 4 0 1 0 1 0 1 1 0.5000 0.5000 1 1 8 0.2424 23 13 0.0712 0.0402 1 1 15 5 0.6522 0.3846 1 0 0 0 0 0 1 0 0 1 0 0 1 0 3 0 2 1 2 3 5 6 6 
1 27 4 33 6 323 321 2 4 0 1 0 1 0 4 2 0 0 2 2 3 0.0909 26 28 0.0805 0.0867 1 1 23 25 0.8846 0.8929 1 0 0 0 0 0 1 0 0 0 0 0 1 0 1 0 1 0 2 3 3 6 10 
1 27 4 33 6 323 321 2 4 0 1 0 1 0 4 0 0 0 2 1 4 0.1212 26 23 0.0805 0.0712 1 1 22 19 0.8462 0.8261 1 1 0 0 0 0 2 0 0 0 0 0 1 0 4 0 3 0 2 4 4 3 6 

0 28 2 33 8 323 322 1 3 1 0 1 0 0 3 3 2 2 2 1 17 0.5152 29 28 0.0898 0.0867 1 1 12 11 0.4138 0.3929 1 0 0 0 0 0 1 0 0 0 0 0 2 1 3 1 3 6 3 5 6 10 14 
1 28 3 33 8 323 322 1 3 0 1 0 1 0 4 0 0 0 2 1 4 0.1212 26 23 0.0805 0.0712 1 1 22 19 0.8462 0.8261 1 1 0 0 0 0 2 0 0 0 0 0 1 0 4 0 3 0 2 4 4 3 6 
1 28 3 33 8 323 322 1 3 0 1 0 0 1 3 4 0 0 2 2 3 0.0909 29 26 0.0898 0.0805 1 1 26 23 0.8966 0.8846 1 1 0 0 0 0 2 0 0 0 0 0 1 2 1 1 1 1 2 3 3 4 6 

0 29 2 33 9 323 323 0 2 0 1 0 1 0 4 0 0 0 2 1 4 0.1212 26 23 0.0805 0.0712 1 1 22 19 0.8462 0.8261 1 1 0 0 0 0 2 0 0 0 0 0 1 0 4 0 3 0 2 4 4 3 6 
1 29 3 33 9 323 323 0 2 0 1 0 0 1 4 4 0 0 1 2 3 0.0909 30 26 0.0929 0.0805 1 1 27 23 0.9000 0.8846 1 1 0 0 0 0 2 0 0 0 0 0 1 2 1 1 1 1 2 3 3 4 6 

0 30 2 33 10 324 323 1 3 1 0 1 0 0 5 0 0 0 3 1 22 0.6667 26 25 0.0802 0.0772 1 1 4 3 0.1538 0.1200 1 0 0 0 0 0 1 0 0 1 0 0 2 1 4 3 4 7 4 6 12 10 8 
0 30 2 33 10 324 323 1 3 1 0 0 1 0 5 7 6.5000 6.5000 3 1 16 0.4848 26 4 0.0802 0.0123 1 0 10 -12.0000 0.3846 -3.0000 1 0 0 0 0 1 1 0 1 0 0 0 2 2 4 2 5 10 3 4 5 7 9 
1 30 3 33 10 324 323 1 3 0 1 0 1 0 5 2 0 0 3 1 19 0.5758 26 23 0.0802 0.0710 1 1 7 4 0.2692 0.1739 1 0 0 0 0 1 1 0 1 0 0 0 1 0 2 2 5 3 2 5 6 6 8 

0 31 2 33 11 325 324 1 3 1 0 1 0 0 6 0 0 0 3 1 22 0.6667 26 25 0.0800 0.0769 1 1 4 3 0.1538 0.1200 1 0 0 0 0 0 1 0 0 1 0 0 2 1 4 3 4 7 4 6 12 10 8 
0 31 2 33 11 325 324 1 3 1 0 0 1 0 6 7 6.5000 6.5000 3 1 16 0.4848 26 4 0.0800 0.0123 1 0 10 -12.0000 0.3846 -3.0000 1 0 0 0 0 1 1 0 1 0 0 0 2 2 4 2 5 10 3 4 5 7 9 
1 31 3 33 11 325 324 1 3 0 1 0 1 0 6 2 0 0 3 1 19 0.5758 26 23 0.0800 0.0708 1 1 7 4 0.2692 0.1739 1 0 0 0 0 1 1 0 1 0 0 0 1 0 2 2 5 3 2 5 6 6 8 

0 32 2 33 21 324 324 0 2 0 1 0 1 0 6 2 0.5000 1.5000 2 1 4 0.1212 26 23 0.0802 0.0710 1 1 22 19 0.8462 0.8261 1 1 0 0 0 0 2 0 0 0 0 0 1 0 4 0 3 0 2 4 4 3 6 
1 32 3 33 21 324 324 0 2 0 1 0 0 1 4 6 0.5000 0 1 2 3 0.0909 30 26 0.0926 0.0802 1 1 27 23 0.9000 0.8846 1 1 0 0 0 0 2 0 0 0 0 0 1 2 1 1 1 1 2 3 3 4 6 

0 33 2 33 22 325 324 1 3 1 0 1 0 0 7 0 0 0 3 1 22 0.6667 26 25 0.0800 0.0769 1 1 4 3 0.1538 0.1200 1 0 0 0 0 0 1 0 0 1 0 0 2 1 4 3 4 7 4 6 12 10 8 
0 33 2 33 22 325 324 1 3 1 0 0 1 0 7 8 6.5000 6.5000 3 1 16 0.4848 26 6 0.0800 0.0185 1 0 10 -10.0000 0.3846 -1.6667 1 0 0 0 0 1 1 0 1 0 0 0 2 2 4 2 5 10 3 4 5 7 9 
1 33 3 33 22 325 324 1 3 0 1 0 1 0 7 2 0 0 3 1 19 0.5758 26 23 0.0800 0.0708 1 1 7 4 0.2692 0.1739 1 0 0 0 0 1 1 0 1 0 0 0 1 0 2 2 5 3 2 5 6 6 8 

0 34 3 33 21 324 324 0 3 0 1 0 1 0 7 3 1 2 2 1 4 0.1212 26 23 0.0802 0.0710 1 1 22 19 0.8462 0.8261 1 1 0 0 0 0 2 0 0 0 0 0 1 0 4 0 3 0 2 4 4 3 6 
0 34 2 33 21 324 324 0 3 1 0 0 1 0 15 14 14 14 1 1 24 0.7273 26 4 0.0802 0.0123 1 0 2 -20.0000 0.0769 -5.0000 1 0 0 0 0 0 1 0 0 0 0 0 2 3 4 8 5 10 4 5 5 8 5 
1 34 4 33 21 324 324 0 3 0 1 0 0 1 4 7 1 0 1 2 3 0.0909 30 26 0.0926 0.0802 1 1 27 23 0.9000 0.8846 1 1 0 0 0 0 2 0 0 0 0 0 1 2 1 1 1 1 2 3 3 4 6 

0 35 2 33 22 325 324 1 3 0 1 1 0 0 16 8 6.5000 1.5000 1 1 4 0.1212 26 5 0.0800 0.0154 1 1 22 1 0.8462 0.2000 1 0 0 0 0 0 1 0 0 0 0 0 1 1 1 1 1 1 2 2 3 4 4 
0 35 3 33 22 325 324 1 3 0 1 0 1 0 7 3 1 2 2 1 4 0.1212 26 23 0.0800 0.0708 1 1 22 19 0.8462 0.8261 1 1 0 0 0 0 2 0 0 0 0 0 1 0 4 0 3 0 2 4 4 3 6 
1 35 4 33 22 325 324 1 3 0 1 0 0 1 4 7 1 0 1 2 3 0.0909 30 26 0.0923 0.0800 1 1 27 23 0.9000 0.8846 1 1 0 0 0 0 2 0 0 0 0 0 1 2 1 1 1 1 2 3 3 4 6 

0 36 1 33 11 324 324 0 2 1 0 0 1 0 8 8 6.5000 6.5000 2 1 16 0.4848 26 4 0.0802 0.0123 1 0 10 -12.0000 0.3846 -3.0000 1 0 0 0 0 1 1 0 1 0 0 0 2 2 4 2 5 10 3 4 5 7 9 
1 36 2 33 11 324 324 0 2 0 1 0 1 0 8 2 0 0 2 1 19 0.5758 26 23 0.0802 0.0710 1 1 7 4 0.2692 0.1739 1 0 0 0 0 1 1 0 1 0 0 0 1 0 2 2 5 3 2 5 6 6 8 

0 37 2 33 11 324 324 0 3 1 0 0 1 0 9 9 7.5000 7.5000 3 1 16 0.4848 27 4 0.0833 0.0123 1 0 11 -12.0000 0.4074 -3.0000 1 0 0 0 0 1 1 0 1 0 0 1 2 2 4 2 5 10 3 4 5 7 9 
1 37 3 33 11 324 324 0 3 0 1 0 1 0 9 2 0 0 3 1 19 0.5758 27 23 0.0833 0.0710 1 1 8 4 0.2963 0.1739 1 0 0 0 0 1 1 0 1 0 0 1 1 0 2 2 5 3 2 5 6 6 8 
0 37 2 33 11 324 324 0 3 1 0 0 0 1 9 2 0 0 3 1 22 0.6667 27 34 0.0833 0.1049 1 1 5 12 0.1852 0.3529 1 0 0 0 0 1 1 0 1 0 0 1 2 2 3 3 3 4 3 7 9 12 10 

0 38 2 33 22 325 324 1 3 0 1 1 0 0 11 17 1.5000 9.5000 1 1 4 0.1212 5 26 0.0154 0.0800 1 1 1 22 0.2000 0.8462 1 0 0 0 0 0 1 0 0 0 0 0 1 0 1 0 1 0 3 4 4 6 7 
0 38 3 33 22 325 324 1 3 0 1 0 1 0 10 3 1 2 2 1 4 0.1212 26 23 0.0800 0.0708 1 1 22 19 0.8462 0.8261 1 1 0 0 0 0 2 0 0 0 0 0 1 0 4 0 3 0 2 4 4 3 6 
1 38 4 33 22 325 324 1 3 0 1 0 0 1 4 10 1 0 1 2 3 0.0909 30 26 0.0923 0.0800 1 1 27 23 0.9000 0.8846 1 1 0 0 0 0 2 0 0 0 0 0 1 2 1 1 1 1 2 3 3 4 6 

0 39 3 33 22 324 324 0 3 0 1 0 1 0 10 3 1 2 2 1 4 0.1212 26 23 0.0802 0.0710 1 1 22 19 0.8462 0.8261 1 1 0 0 0 0 2 0 0 0 0 0 1 0 4 0 3 0 2 4 4 3 6 
0 39 2 33 22 324 324 0 3 1 0 0 1 0 17 15 15 15 1 1 25 0.7576 27 4 0.0833 0.0123 1 0 2 -21.0000 0.0741 -5.2500 1 0 0 0 0 0 1 0 0 0 0 0 2 2 6 6 8 7 4 5 5 8 5 
1 39 4 33 22 324 324 0 3 0 1 0 0 1 4 10 1 0 1 2 3 0.0909 30 26 0.0926 0.0802 1 1 27 23 0.9000 0.8846 1 1 0 0 0 0 2 0 0 0 0 0 1 2 1 1 1 1 2 3 3 4 6 

0 40 3 33 12 324 324 0 4 1 0 0 1 0 10 11 9.5000 9.5000 4 1 17 0.5152 27 4 0.0833 0.0123 1 0 10 -13.0000 0.3704 -3.2500 1 0 0 0 1 0 1 0 1 0 1 1 2 2 4 2 9 4 3 4 5 7 9 
1 40 4 33 12 324 324 0 4 1 0 0 1 0 10 2 0 0 4 1 19 0.5758 27 23 0.0833 0.0710 1 1 8 4 0.2963 0.1739 1 0 0 0 2 0 1 0 2 1 0 0 2 0 5 2 9 2 3 6 8 8 10 
1 40 4 33 12 324 324 0 4 1 0 0 0 1 10 2 0 0 4 2 21 0.6364 27 34 0.0833 0.1049 1 1 6 13 0.2222 0.3824 1 0 1 0 1 0 1 1 1 0 1 0 2 0 4 2 10 4 4 6 9 11 11 
0 40 3 33 12 324 324 0 4 1 0 0 0 1 10 2 0 0 4 2 22 0.6667 27 34 0.0833 0.1049 1 1 5 12 0.1852 0.3529 1 0 1 0 0 0 1 1 0 1 0 1 2 1 4 2 4 3 3 7 9 12 10 

1 41 4 33 7 324 322 2 4 0 1 1 0 0 4 4 3 1 2 1 17 0.5152 28 28 0.0864 0.0864 1 1 11 11 0.3929 0.3929 1 0 0 0 0 0 1 0 0 0 1 0 1 0 1 0 1 5 2 4 5 8 10 
1 41 4 33 7 324 322 2 4 0 1 0 1 0 11 4 0 1 2 2 3 0.0909 26 28 0.0802 0.0864 1 1 23 25 0.8846 0.8929 1 0 0 0 0 0 1 0 0 0 0 0 1 0 1 0 1 0 2 3 3 6 10 
1 41 4 33 7 324 322 2 4 0 1 0 1 0 11 3 1 2 2 1 4 0.1212 26 23 0.0802 0.0710 1 1 22 19 0.8462 0.8261 1 1 0 0 0 0 2 0 0 0 0 0 1 0 4 0 3 0 2 4 4 3 6 
0 41 3 33 7 324 322 2 4 1 0 0 1 0 2 2 1 1 1 1 8 0.2424 14 23 0.0432 0.0710 1 1 6 15 0.4286 0.6522 1 0 0 0 0 0 1 0 0 0 1 0 2 3 3 3 3 3 4 4 6 9 9 

0 42 2 33 9 324 323 1 3 1 0 1 0 0 5 5 3.5000 3.5000 2 1 17 0.5152 29 28 0.0895 0.0864 1 1 12 11 0.4138 0.3929 1 0 0 0 0 0 1 0 0 0 0 0 2 1 3 1 3 6 3 5 6 10 14 
1 42 3 33 9 324 323 1 3 0 1 0 1 0 11 3 1 2 2 1 4 0.1212 26 23 0.0802 0.0710 1 1 22 19 0.8462 0.8261 1 1 0 0 0 0 2 0 0 0 0 0 1 0 4 0 3 0 2 4 4 3 6 
1 42 3 33 9 324 323 1 3 0 1 0 0 1 5 11 1 0 2 2 3 0.0909 29 26 0.0895 0.0802 1 1 26 23 0.8966 0.8846 1 1 0 0 0 0 2 0 0 0 0 0 1 2 1 1 1 1 2 3 3 4 6 

0 43 2 33 10 324 324 0 2 0 1 0 1 0 11 3 1 2 2 1 4 0.1212 26 23 0.0802 0.0710 1 1 22 19 0.8462 0.8261 1 1 0 0 0 0 2 0 0 0 0 0 1 0 4 0 3 0 2 4 4 3 6 
1 43 3 33 10 324 324 0 2 0 1 0 0 1 6 11 1 0 1 2 3 0.0909 30 26 0.0926 0.0802 1 1 27 23 0.9000 0.8846 1 1 0 0 0 0 2 0 0 0 0 0 1 2 1 1 1 1 2 3 3 4 6 

0 44 2 33 11 325 324 1 3 1 0 1 0 0 12 1 1 1 3 1 22 0.6667 26 25 0.0800 0.0769 1 1 4 3 0.1538 0.1200 1 0 0 0 0 0 1 0 0 1 0 0 2 1 4 3 4 7 4 6 12 10 8 
0 44 2 33 11 325 324 1 3 1 0 0 1 0 12 12 10.5000 10.5000 3 1 16 0.4848 26 4 0.0800 0.0123 1 0 10 -12.0000 0.3846 -3.0000 1 0 0 0 0 1 1 0 1 0 0 0 2 2 4 2 5 10 3 4 5 7 9 
1 44 3 33 11 325 324 1 3 0 1 0 1 0 12 3 0 0 3 1 19 0.5758 26 23 0.0800 0.0708 1 1 7 4 0.2692 0.1739 1 0 0 0 0 1 1 0 1 0 0 0 1 0 2 2 5 3 2 5 6 6 8 

1 45 4 33 19 324 322 2 4 0 1 1 0 0 18 12 10.5000 1.5000 1 1 3 0.0909 25 4 0.0772 0.0123 1 1 22 1 0.8800 0.2500 1 0 0 0 0 0 1 0 0 0 0 0 1 1 1 1 1 1 2 2 3 4 4 
0 45 3 33 19 324 322 2 4 1 0 1 0 0 7 7 5 5 2 1 17 0.5152 29 28 0.0895 0.0864 1 1 12 11 0.4138 0.3929 1 0 0 0 0 0 1 0 0 0 0 0 2 1 3 1 3 6 3 5 6 10 14 
1 45 4 33 19 324 322 2 4 0 1 0 1 0 12 4 1.5000 2.5000 2 1 4 0.1212 26 23 0.0802 0.0710 1 1 22 19 0.8462 0.8261 1 1 0 0 0 0 2 0 0 0 0 0 1 0 4 0 3 0 2 4 4 3 6 
1 45 4 33 19 324 322 2 4 0 1 0 0 1 7 12 1.5000 0 2 2 3 0.0909 29 26 0.0895 0.0802 1 1 26 23 0.8966 0.8846 1 1 0 0 0 0 2 0 0 0 0 0 1 2 1 1 1 1 2 3 3 4 6 

0 46 3 33 20 324 323 1 3 0 1 1 0 0 18 12 10.5000 1.5000 1 1 3 0.0909 25 4 0.0772 0.0123 1 1 22 1 0.8800 0.2500 1 0 0 0 0 0 1 0 0 0 0 0 1 1 1 1 1 1 2 2 3 4 4 
0 46 3 33 20 324 323 1 3 0 1 0 1 0 12 4 1.5000 2.5000 2 1 4 0.1212 26 23 0.0802 0.0710 1 1 22 19 0.8462 0.8261 1 1 0 0 0 0 2 0 0 0 0 0 1 0 4 0 3 0 2 4 4 3 6 
1 46 4 33 20 324 323 1 3 0 1 0 0 1 8 12 1.5000 0 1 2 3 0.0909 30 26 0.0926 0.0802 1 1 27 23 0.9000 0.8846 1 1 0 0 0 0 2 0 0 0 0 0 1 2 1 1 1 1 2 3 3 4 6 

0 47 2 33 21 325 324 1 3 1 0 1 0 0 13 19 2 2 1 1 3 0.0909 5 25 0.0154 0.0769 1 1 2 22 0.4000 0.8800 1 0 0 0 0 0 1 0 0 0 0 0 2 1 3 2 3 2 4 5 5 8 10 
0 47 3 33 21 325 324 1 3 0 1 0 1 0 12 4 1.5000 2.5000 2 1 4 0.1212 26 23 0.0800 0.0708 1 1 22 19 0.8462 0.8261 1 1 0 0 0 0 2 0 0 0 0 0 1 0 4 0 3 0 2 4 4 3 6 
1 47 4 33 21 325 324 1 3 0 1 0 0 1 8 12 1.5000 0 1 2 3 0.0909 30 26 0.0923 0.0800 1 1 27 23 0.9000 0.8846 1 1 0 0 0 0 2 0 0 0 0 0 1 2 1 1 1 1 2 3 3 4 6 

0 48 3 33 21 324 324 0 3 0 1 0 1 0 12 4 1.5000 2.5000 2 1 4 0.1212 26 23 0.0802 0.0710 1 1 22 19 0.8462 0.8261 1 1 0 0 0 0 2 0 0 0 0 0 1 0 4 0 3 0 2 4 4 3 6 
0 48 2 33 21 324 324 0 3 1 0 0 1 0 19 16 16 16 1 1 24 0.7273 26 4 0.0802 0.0123 1 0 2 -20.0000 0.0769 -5.0000 1 0 0 0 0 0 1 0 0 0 0 0 2 3 4 8 5 10 4 5 5 8 5 
1 48 4 33 21 324 324 0 3 0 1 0 0 1 8 12 1.5000 0 1 2 3 0.0909 30 26 0.0926 0.0802 1 1 27 23 0.9000 0.8846 1 1 0 0 0 0 2 0 0 0 0 0 1 2 1 1 1 1 2 3 3 4 6 

0 49 3 33 22 325 324 1 3 1 0 1 0 0 20 13 11 11 1 1 3 0.0909 26 4 0.0800 0.0123 1 1 23 1 0.8846 0.2500 1 0 0 0 0 0 1 0 0 0 0 0 2 1 4 1 4 2 3 4 5 7 9 
0 49 3 33 22 325 324 1 3 0 1 0 1 0 12 4 1.5000 2.5000 2 1 4 0.1212 26 23 0.0800 0.0708 1 1 22 19 0.8462 0.8261 1 1 0 0 0 0 2 0 0 0 0 0 1 0 4 0 3 0 2 4 4 3 6 
1 49 4 33 22 325 324 1 3 0 1 0 0 1 8 12 1.5000 0 1 2 3 0.0909 30 26 0.0923 0.0800 1 1 27 23 0.9000 0.8846 1 1 0 0 0 0 2 0 0 0 0 0 1 2 1 1 1 1 2 3 3 4 6 

0 50 1 33 13 324 324 0 6 1 0 0 1 0 12 1 0 0 6 5 13 0.3939 27 31 0.0833 0.0957 1 1 14 18 0.5185 0.5806 1 0 1 0 0 1 1 1 1 0 0 1 2 2 4 3 8 8 3 4 6 9 12 
0 50 1 33 13 324 324 0 6 1 0 0 1 0 12 1 0 0 6 5 14 0.4242 27 31 0.0833 0.0957 1 1 13 17 0.4815 0.5484 1 0 1 0 0 0 1 1 0 1 1 1 2 2 4 2 8 8 3 5 7 8 8 
1 50 7 33 13 324 324 0 6 1 0 0 1 0 12 1 0 0 6 1 10 0.3030 27 25 0.0833 0.0772 1 1 17 15 0.6296 0.6000 1 0 0 0 0 1 1 0 1 1 0 0 2 2 4 3 3 9 4 5 7 8 9 
0 50 6 33 13 324 324 0 6 1 0 0 0 1 12 1 0 0 6 5 18 0.5455 27 31 0.0833 0.0957 1 1 9 13 0.3333 0.4194 1 0 1 0 1 0 1 1 1 0 1 1 2 2 4 2 4 2 4 7 10 10 11 
0 50 4 33 13 324 324 0 6 1 0 0 0 1 12 1 0 0 6 5 19 0.5758 27 31 0.0833 0.0957 1 1 8 12 0.2963 0.3871 1 0 2 0 0 0 1 2 0 0 0 1 2 2 4 2 4 2 3 7 10 11 11 
0 50 4 33 13 324 324 0 6 1 0 0 0 1 12 1 0 0 6 5 20 0.6061 27 31 0.0833 0.0957 1 1 7 11 0.2593 0.3548 1 0 1 0 1 0 1 1 1 0 0 0 2 2 4 2 4 2 4 6 8 12 12 

1 51 10 33 14 324 324 0 6 1 0 0 1 0 13 1 0 0 6 3 10 0.3030 27 25 0.0833 0.0772 1 1 17 15 0.6296 0.6000 1 0 0 0 1 0 1 0 1 1 0 0 2 2 4 2 4 8 4 5 7 8 9 
1 51 10 33 14 324 324 0 6 1 0 0 1 0 13 1 1 1 6 3 12 0.3636 27 25 0.0833 0.0772 1 1 15 13 0.5556 0.5200 1 0 1 0 1 0 1 1 1 0 0 1 2 2 4 2 4 9 3 4 6 9 12 
1 51 10 33 14 324 324 0 6 1 0 0 1 0 13 1 0 0 6 3 13 0.3939 27 25 0.0833 0.0772 1 1 14 12 0.5185 0.4800 1 0 1 0 0 0 1 1 0 1 1 1 2 2 4 3 3 9 3 5 7 8 8 
0 51 6 33 14 324 324 0 6 1 0 0 0 1 13 2 0 0 6 3 18 0.5455 27 31 0.0833 0.0957 1 1 9 13 0.3333 0.4194 1 0 1 0 1 0 1 1 1 0 1 1 2 2 4 2 4 2 4 7 10 10 11 
0 51 4 33 14 324 324 0 6 1 0 0 0 1 13 2 0 0 6 3 19 0.5758 27 31 0.0833 0.0957 1 1 8 12 0.2963 0.3871 1 0 2 0 0 0 1 2 0 0 0 1 2 2 4 2 4 2 3 7 10 11 11 
0 51 4 33 14 324 324 0 6 1 0 0 0 1 13 2 0 0 6 3 20 0.6061 27 31 0.0833 0.0957 1 1 7 11 0.2593 0.3548 1 0 1 0 1 0 1 1 1 0 0 0 2 2 4 2 4 2 4 6 8 12 12 

1 52 10 33 15 324 324 0 4 1 0 0 1 0 14 1 0 0 4 3 10 0.3030 27 25 0.0833 0.0772 1 1 17 15 0.6296 0.6000 1 0 0 0 1 0 1 0 1 1 0 0 2 2 4 2 4 8 4 5 7 8 9 
1 52 10 33 15 324 324 0 4 1 0 0 1 0 14 1 1 1 4 3 12 0.3636 27 25 0.0833 0.0772 1 1 15 13 0.5556 0.5200 1 0 1 0 1 0 1 1 1 0 0 1 2 2 4 2 4 9 3 4 6 9 12 
1 52 10 33 15 324 324 0 4 1 0 0 1 0 14 1 0 0 4 3 13 0.3939 27 25 0.0833 0.0772 1 1 14 12 0.5185 0.4800 1 0 1 0 0 0 1 1 0 1 1 0 2 2 4 3 3 9 3 5 7 8 8 
0 52 5 33 15 324 324 0 4 1 0 0 0 1 3 14 0 0 1 4 18 0.5455 31 27 0.0957 0.0833 1 1 13 9 0.4194 0.3333 1 0 0 0 0 0 1 0 0 0 1 1 2 2 4 2 4 2 4 7 10 10 11 

1 53 10 33 16 324 324 0 6 1 0 0 1 0 16 2 1 1 6 3 10 0.3030 27 25 0.0833 0.0772 1 1 17 15 0.6296 0.6000 1 0 0 0 1 0 1 0 1 1 1 1 2 2 4 2 4 8 4 5 7 8 9 
1 53 10 33 16 324 324 0 6 1 0 0 1 0 16 2 1 1 6 3 12 0.3636 27 25 0.0833 0.0772 1 1 15 13 0.5556 0.5200 1 0 1 0 1 1 1 1 2 1 1 0 2 2 4 2 4 9 3 4 6 9 12 
1 53 10 33 16 324 324 0 6 1 0 0 1 0 16 2 0 0 6 3 13 0.3939 27 25 0.0833 0.0772 1 1 14 12 0.5185 0.4800 1 0 1 1 0 1 1 2 1 2 0 0 2 2 4 3 3 9 3 5 7 8 8 
0 53 3 33 16 324 324 0 6 1 0 0 1 0 4 16 0 0 3 6 15 0.4545 31 27 0.0957 0.0833 1 1 16 12 0.5161 0.4444 1 0 1 1 1 1 1 2 2 0 1 0 2 2 3 4 6 6 3 6 6 6 9 
0 53 3 33 16 324 324 0 6 1 0 0 1 0 4 16 0 0 3 6 16 0.4848 31 27 0.0957 0.0833 1 1 15 11 0.4839 0.4074 1 0 2 0 0 1 1 2 1 1 0 1 2 1 4 3 5 6 4 5 6 7 11 
0 53 3 33 16 324 324 0 6 1 0 0 1 0 4 16 0 0 3 6 17 0.5152 31 27 0.0957 0.0833 1 1 14 10 0.4516 0.3704 1 0 1 0 1 0 1 1 1 1 1 0 2 1 4 2 5 4 4 6 6 11 14 

0 54 3 33 17 324 324 0 4 1 0 0 1 0 17 5 0 0 4 1 17 0.5152 27 31 0.0833 0.0957 1 1 10 14 0.3704 0.4516 1 0 0 0 0 0 1 0 0 1 1 0 2 2 3 3 4 4 4 6 6 11 14 
1 54 10 33 17 324 324 0 4 1 0 0 1 0 17 2 1 1 4 3 10 0.3030 27 25 0.0833 0.0772 1 1 17 15 0.6296 0.6000 1 0 0 0 1 0 1 0 1 1 0 0 2 2 4 2 4 8 4 5 7 8 9 
1 54 10 33 17 324 324 0 4 1 0 0 1 0 17 2 1 1 4 3 12 0.3636 27 25 0.0833 0.0772 1 1 15 13 0.5556 0.5200 1 0 1 0 1 0 1 1 1 0 1 0 2 2 4 2 4 8 3 4 6 9 12 
1 54 10 33 17 324 324 0 4 1 0 0 1 0 17 2 0 0 4 3 13 0.3939 27 25 0.0833 0.0772 1 1 14 12 0.5185 0.4800 1 0 1 0 0 0 1 1 0 2 0 0 2 2 4 2 4 8 3 5 7 8 8 

1 55 9 33 18 324 324 0 4 1 0 0 1 0 18 2 1 1 4 4 10 0.3030 27 25 0.0833 0.0772 1 1 17 15 0.6296 0.6000 1 0 0 0 1 0 1 0 1 1 0 0 2 2 4 2 4 8 4 5 7 8 9 
1 55 9 33 18 324 324 0 4 1 0 0 1 0 18 2 1 1 4 4 12 0.3636 27 25 0.0833 0.0772 1 1 15 13 0.5556 0.5200 1 0 1 0 1 0 1 1 1 0 0 1 2 2 4 2 4 8 3 4 6 9 12 
1 55 9 33 18 324 324 0 4 1 0 0 1 0 18 2 0 0 4 4 13 0.3939 27 25 0.0833 0.0772 1 1 14 12 0.5185 0.4800 1 0 1 0 0 0 1 1 0 1 1 0 2 2 4 2 4 8 3 5 7 8 8 
0 55 4 33 18 324 324 0 4 1 0 0 1 0 18 2 1 1 4 4 17 0.5152 27 25 0.0833 0.0772 1 1 10 8 0.3704 0.3200 1 0 0 0 0 0 1 0 0 0 1 1 2 2 3 4 3 4 4 7 10 10 11 

0 56 3 33 19 324 324 0 4 1 0 0 1 0 19 6 0 0 4 1 16 0.4848 27 31 0.0833 0.0957 1 1 11 15 0.4074 0.4839 1 0 0 0 0 1 1 0 1 1 0 1 2 2 3 3 5 6 4 5 6 7 11 
1 56 10 33 19 324 324 0 4 1 0 0 1 0 19 3 1 1 4 3 10 0.3030 27 25 0.0833 0.0772 1 1 17 15 0.6296 0.6000 1 0 0 0 1 0 1 0 1 1 0 1 2 2 4 2 4 8 4 5 7 8 9 
1 56 10 33 19 324 324 0 4 1 0 0 1 0 19 3 1 1 4 3 12 0.3636 27 25 0.0833 0.0772 1 1 15 13 0.5556 0.5200 1 0 1 0 1 0 1 1 1 1 0 0 2 2 4 2 4 8 3 4 6 9 12 
1 56 10 33 19 324 324 0 4 1 0 0 1 0 19 3 0 0 4 3 13 0.3939 27 25 0.0833 0.0772 1 1 14 12 0.5185 0.4800 1 0 1 0 0 1 1 1 1 1 0 0 2 2 4 2 4 9 3 5 7 8 8 

1 57 10 33 20 324 324 0 4 1 0 0 1 0 20 3 1 1 4 4 10 0.3030 27 25 0.0833 0.0772 1 1 17 15 0.6296 0.6000 1 0 0 0 1 0 1 0 1 1 0 0 2 2 4 2 4 8 4 5 7 8 9 
1 57 10 33 20 324 324 0 4 1 0 0 1 0 20 3 1 1 4 4 12 0.3636 27 25 0.0833 0.0772 1 1 15 13 0.5556 0.5200 1 0 1 0 1 0 1 1 1 0 1 0 2 2 4 2 4 8 3 4 6 9 12 
1 57 10 33 20 324 324 0 4 1 0 0 1 0 20 3 0 0 4 4 13 0.3939 27 25 0.0833 0.0772 1 1 14 12 0.5185 0.4800 1 0 1 0 0 0 1 1 0 2 0 0 2 2 4 2 4 8 3 5 7 8 8 
0 57 4 33 20 324 324 0 4 1 0 0 0 1 20 3 0 0 4 4 16 0.4848 27 25 0.0833 0.0772 1 1 11 9 0.4074 0.3600 1 0 0 0 0 0 1 0 0 1 1 0 2 2 3 3 3 6 3 7 7 8 12 

1 58 10 33 21 324 324 0 4 1 0 0 1 0 21 4 1 1 4 4 10 0.3030 27 25 0.0833 0.0772 1 1 17 15 0.6296 0.6000 1 0 0 0 1 0 1 0 1 1 0 1 2 2 4 2 4 8 4 5 7 8 9 
1 58 10 33 21 324 324 0 4 1 0 0 1 0 21 4 1 1 4 4 12 0.3636 27 25 0.0833 0.0772 1 1 15 13 0.5556 0.5200 1 0 1 0 1 0 1 1 1 1 0 0 2 2 4 2 4 8 3 4 6 9 12 
1 58 10 33 21 324 324 0 4 1 0 0 1 0 21 4 0 0 4 4 13 0.3939 27 25 0.0833 0.0772 1 1 14 12 0.5185 0.4800 1 0 1 0 1 0 1 1 1 1 0 0 2 2 4 2 4 9 3 5 7 8 8 
0 58 4 33 21 324 324 0 4 1 0 0 0 1 21 4 3 3 4 4 15 0.4545 27 25 0.0833 0.0772 1 1 12 10 0.4444 0.4000 1 0 0 0 1 0 1 0 1 1 0 1 2 2 3 3 3 7 4 4 6 9 9 

1 59 10 33 22 324 324 0 4 1 0 0 1 0 5 22 1 1 4 4 10 0.3030 25 27 0.0772 0.0833 1 1 15 17 0.6000 0.6296 1 0 0 0 1 0 1 0 1 1 1 0 2 2 4 2 4 8 4 5 7 8 9 
1 59 10 33 22 324 324 0 4 1 0 0 1 0 5 22 1 1 4 4 12 0.3636 25 27 0.0772 0.0833 1 1 13 15 0.5200 0.5556 1 0 1 0 2 0 1 1 2 0 0 0 2 2 4 2 4 8 3 4 6 9 12 
1 59 10 33 22 324 324 0 4 1 0 0 1 0 5 22 0 0 4 4 13 0.3939 25 27 0.0772 0.0833 1 1 12 14 0.4800 0.5185 1 0 2 0 0 0 1 2 0 1 0 0 2 2 4 2 4 9 3 5 7 8 8 
0 59 3 33 22 324 324 0 4 1 0 0 1 0 5 22 1 1 4 4 14 0.4242 25 27 0.0772 0.0833 1 1 11 13 0.4400 0.4815 1 0 1 0 1 0 1 1 1 0 1 0 2 2 4 3 3 7 3 6 6 6 9 

0 60 3 33 22 324 324 0 4 1 0 0 1 0 24 7 0 0 4 1 14 0.4242 27 31 0.0833 0.0957 1 1 13 17 0.4815 0.5484 1 1 0 1 0 0 2 1 0 1 0 0 2 3 3 3 7 8 3 5 7 8 8 
1 60 10 33 22 324 324 0 4 1 0 0 1 0 24 7 2 2 4 3 10 0.3030 27 25 0.0833 0.0772 1 1 17 15 0.6296 0.6000 1 0 0 0 1 0 1 0 1 2 0 0 2 2 4 2 4 8 4 5 7 8 9 
1 60 10 33 22 324 324 0 4 1 0 0 1 0 24 7 1 1 4 3 12 0.3636 27 25 0.0833 0.0772 1 1 15 13 0.5556 0.5200 1 0 1 1 1 0 1 2 1 0 0 0 2 2 4 3 3 9 3 4 6 9 12 
1 60 10 33 22 324 324 0 4 1 0 0 1 0 24 7 0 0 4 3 13 0.3939 27 25 0.0833 0.0772 1 1 14 12 0.5185 0.4800 1 1 1 0 0 0 2 1 0 1 0 0 2 3 3 3 3 9 3 5 7 8 8 

1 61 10 33 23 324 324 0 4 1 0 0 1 0 25 7 2 2 4 4 10 0.3030 27 25 0.0833 0.0772 1 1 17 15 0.6296 0.6000 1 0 0 0 1 0 1 0 1 1 1 0 2 2 4 2 4 8 4 5 7 8 9 
1 61 10 33 23 324 324 0 4 1 0 0 1 0 25 7 1 1 4 4 12 0.3636 27 25 0.0833 0.0772 1 1 15 13 0.5556 0.5200 1 0 1 0 2 0 1 1 2 0 0 0 2 2 4 2 4 9 3 4 6 9 12 
1 61 10 33 23 324 324 0 4 1 0 0 1 0 25 7 1 1 4 4 13 0.3939 27 25 0.0833 0.0772 1 1 14 12 0.5185 0.4800 1 0 2 0 0 0 1 2 0 1 0 0 2 2 4 3 3 9 3 5 7 8 8 
0 61 3 33 23 324 324 0 4 1 0 0 0 1 25 7 1 1 4 4 14 0.4242 27 25 0.0833 0.0772 1 1 13 11 0.4815 0.4400 1 0 1 0 1 0 1 1 1 0 1 0 2 2 3 3 4 9 3 5 6 7 8 

1 62 10 33 21 324 324 0 5 1 0 0 1 0 9 27 3 3 5 5 10 0.3030 25 27 0.0772 0.0833 1 1 15 17 0.6000 0.6296 1 0 0 0 1 0 1 0 1 1 1 1 2 2 4 2 4 8 4 5 7 8 9 
1 62 10 33 21 324 324 0 5 1 0 0 1 0 9 27 1 1 5 5 12 0.3636 25 27 0.0772 0.0833 1 1 13 15 0.5200 0.5556 1 0 1 0 2 0 1 1 2 1 0 0 2 2 4 2 4 8 3 4 6 9 12 
1 62 10 33 21 324 324 0 5 1 0 0 1 0 9 27 1 1 5 5 13 0.3939 25 27 0.0772 0.0833 1 1 12 14 0.4800 0.5185 1 0 2 0 1 0 1 2 1 1 0 0 2 2 4 2 4 8 3 5 7 8 8 
0 62 3 33 21 324 324 0 5 1 0 0 1 0 9 27 2 2 5 5 14 0.4242 25 27 0.0772 0.0833 1 1 11 13 0.4400 0.4815 1 0 2 0 1 0 1 2 1 0 1 0 2 2 4 2 4 7 3 6 6 6 9 
0 62 3 33 21 324 324 0 5 1 0 0 1 0 9 27 1 1 5 5 15 0.4545 25 27 0.0772 0.0833 1 1 10 12 0.4000 0.4444 1 0 1 0 1 0 1 1 1 1 0 1 2 2 4 3 3 6 4 5 6 7 11 

1 63 10 33 15 324 324 0 7 1 0 0 1 0 29 11 4 4 7 6 10 0.3030 27 25 0.0833 0.0772 1 1 17 15 0.6296 0.6000 1 0 0 0 1 0 1 0 1 1 0 0 2 2 4 2 4 8 4 5 7 8 9 
1 63 10 33 15 324 324 0 7 1 0 0 1 0 29 11 1 1 7 6 12 0.3636 27 25 0.0833 0.0772 1 1 15 13 0.5556 0.5200 1 0 1 0 1 0 1 1 1 0 0 1 2 2 4 2 4 8 3 4 6 9 12 
1 63 10 33 15 324 324 0 7 1 0 0 1 0 29 11 1 1 7 6 13 0.3939 27 25 0.0833 0.0772 1 1 14 12 0.5185 0.4800 1 0 1 0 0 0 1 1 0 1 1 1 2 2 4 2 4 8 3 5 7 8 8 
1 63 10 33 15 324 324 0 7 1 0 0 1 0 29 11 2 2 7 6 17 0.5152 27 25 0.0833 0.0772 1 1 10 8 0.3704 0.3200 1 0 1 0 1 1 1 1 2 0 1 1 2 2 4 2 4 4 4 7 10 10 11 
1 63 10 33 15 324 324 0 7 1 0 0 1 0 29 11 1 1 7 6 18 0.5455 27 25 0.0833 0.0772 1 1 9 7 0.3333 0.2800 1 0 2 1 0 0 1 3 0 0 0 1 2 2 4 3 3 3 3 7 10 11 11 
1 63 10 33 15 324 324 0 7 1 0 0 1 0 29 11 0 0 7 6 19 0.5758 27 25 0.0833 0.0772 1 1 8 6 0.2963 0.2400 1 1 1 0 1 0 2 1 1 0 0 0 2 3 3 3 3 3 4 6 8 12 12 
0 63 6 33 15 324 324 0 7 1 0 0 0 1 29 8 0 0 7 1 20 0.6061 27 31 0.0833 0.0957 1 1 7 11 0.2593 0.3548 1 1 0 1 0 1 2 1 1 0 0 0 2 3 3 3 3 3 4 6 8 12 12 

0 64 0 33 17 325 324 1 10 1 0 1 0 0 33 4 1.5000 1.5000 10 1 4 0.1212 27 23 0.0831 0.0708 1 1 23 19 0.8519 0.8261 1 1 0 0 0 0 2 0 0 0 1 1 2 1 6 1 5 1 3 5 6 6 9 
0 64 9 33 17 325 324 1 10 1 0 0 1 0 33 0 0 0 10 1 13 0.3939 27 10 0.0831 0.0308 1 0 14 -3.0000 0.5185 -0.3000 1 0 1 0 1 0 1 1 1 2 1 1 2 2 7 2 7 3 3 5 4 4 6 
0 64 0 33 17 325 324 1 10 1 0 0 1 0 33 2 0 0 10 7 8 0.2424 27 34 0.0831 0.1046 1 1 19 26 0.7037 0.7647 1 0 1 0 1 0 1 1 1 0 2 1 2 0 4 0 4 0 3 3 5 8 9 
0 64 0 33 17 325 324 1 10 1 0 0 1 0 33 2 0 0 10 7 9 0.2727 27 34 0.0831 0.1046 1 1 18 25 0.6667 0.7353 1 0 2 0 0 0 1 2 0 0 1 3 2 0 4 0 5 1 2 4 5 6 7 
0 64 0 33 17 325 324 1 10 1 0 0 1 0 33 2 0 0 10 7 10 0.3030 27 34 0.0831 0.1046 1 1 17 24 0.6296 0.7059 1 0 1 0 1 0 1 1 1 1 1 1 2 0 4 1 6 2 3 4 5 4 5 
0 64 0 33 17 325 324 1 10 1 0 0 1 0 33 2 0 0 10 7 14 0.4242 27 34 0.0831 0.1046 1 1 13 20 0.4815 0.5882 1 0 2 0 1 0 1 2 1 0 1 2 2 1 6 2 6 3 3 3 5 6 7 
0 64 0 33 17 325 324 1 10 1 0 0 1 0 33 2 0 0 10 7 15 0.4545 27 34 0.0831 0.1046 1 1 12 19 0.4444 0.5588 1 0 2 0 1 0 1 2 1 0 1 1 2 0 5 2 6 2 2 4 5 8 8 
0 64 0 33 17 325 324 1 10 1 0 0 1 0 33 2 0 0 10 7 16 0.4848 27 34 0.0831 0.1046 1 1 11 18 0.4074 0.5294 1 0 1 0 1 0 1 1 1 2 0 0 2 0 4 1 6 3 3 4 7 7 7 
1 64 10 33 17 325 324 1 10 0 1 0 0 1 33 8 0 1.5000 10 1 3 0.0909 27 30 0.0831 0.0923 1 1 24 27 0.8889 0.9000 1 0 0 0 0 0 1 0 0 0 0 0 1 0 1 0 1 0 2 3 3 6 10 
0 64 5 33 17 325 324 1 10 1 0 0 0 1 33 2 0 0 10 7 19 0.5758 27 34 0.0831 0.1046 1 1 8 15 0.2963 0.4412 1 0 0 0 0 0 1 0 0 1 1 1 2 0 4 0 7 1 4 6 8 8 7 

0 65 2 33 23 325 324 1 10 1 0 1 0 0 20 0 0 0 8 8 17 0.5152 27 23 0.0831 0.0708 1 1 10 6 0.3704 0.2609 1 0 2 0 2 0 1 2 2 2 1 0 2 0 4 0 4 0 3 6 7 8 8 
0 65 2 33 23 325 324 1 10 1 0 1 0 0 20 0 0 0 8 8 18 0.5455 27 23 0.0831 0.0708 1 1 9 5 0.3333 0.2174 1 0 2 0 2 0 1 2 2 2 1 0 2 0 4 0 4 0 3 5 6 6 8 
0 65 2 33 23 325 324 1 10 1 0 1 0 0 20 0 0 0 8 8 19 0.5758 27 23 0.0831 0.0708 1 1 8 4 0.2963 0.1739 1 0 2 0 2 0 1 2 2 1 1 1 2 0 4 0 4 0 3 4 5 6 6 
0 65 2 33 23 325 324 1 10 1 0 1 0 0 20 0 0 0 8 8 20 0.6061 27 23 0.0831 0.0708 1 1 7 3 0.2593 0.1304 1 0 2 0 1 0 1 2 1 1 1 1 2 0 4 0 4 2 3 4 4 5 7 
0 65 2 33 23 325 324 1 10 1 0 1 0 0 20 0 0 0 8 8 21 0.6364 27 23 0.0831 0.0708 1 1 6 2 0.2222 0.0870 1 0 1 0 1 0 1 1 1 1 1 1 2 0 4 1 5 3 3 4 4 5 6 
0 65 10 33 23 325 324 1 10 0 1 0 1 0 33 4 1.5000 2.5000 2 1 4 0.1212 26 23 0.0800 0.0708 1 1 22 19 0.8462 0.8261 1 1 0 0 0 0 2 0 0 0 0 0 1 0 4 0 3 0 2 4 4 3 6 
0 65 2 33 23 325 324 1 10 1 0 0 1 0 20 0 0 0 8 8 14 0.4242 27 23 0.0831 0.0708 1 1 13 9 0.4815 0.3913 1 0 1 0 1 0 1 1 1 1 1 1 2 0 4 3 4 2 4 6 8 8 11 
0 65 2 33 23 325 324 1 10 1 0 0 1 0 20 0 0 0 8 8 15 0.4545 27 23 0.0831 0.0708 1 1 12 8 0.4444 0.3478 1 0 2 0 1 0 1 2 1 1 1 1 2 0 4 0 4 4 3 7 7 8 9 
0 65 2 33 23 325 324 1 10 1 0 0 1 0 20 0 0 0 8 8 16 0.4848 27 23 0.0831 0.0708 1 1 11 7 0.4074 0.3043 1 0 2 0 2 0 1 2 2 1 1 1 2 0 4 0 4 0 4 5 8 8 7 
1 65 11 33 23 325 324 1 10 0 1 0 0 1 8 33 1.5000 0 1 2 3 0.0909 30 26 0.0923 0.0800 1 1 27 23 0.9000 0.8846 1 1 0 0 0 0 2 0 0 0 0 0 1 2 1 1 1 1 2 3 3 4 6 

0 66 0 33 17 325 324 1 10 1 0 1 0 0 33 4 1.5000 1.5000 10 1 4 0.1212 27 23 0.0831 0.0708 1 1 23 19 0.8519 0.8261 1 1 0 0 0 0 2 0 0 0 1 1 2 1 6 1 5 1 3 5 6 6 9 
0 66 9 33 17 325 324 1 10 1 0 0 1 0 33 0 0 0 10 1 13 0.3939 27 10 0.0831 0.0308 1 0 14 -3.0000 0.5185 -0.3000 1 0 1 0 1 0 1 1 1 2 1 1 2 2 7 2 7 3 3 5 4 4 6 
0 66 0 33 17 325 324 1 10 1 0 0 1 0 33 2 0 0 10 7 8 0.2424 27 34 0.0831 0.1046 1 1 19 26 0.7037 0.7647 1 0 1 0 1 0 1 1 1 0 2 1 2 0 4 0 4 0 3 3 5 8 9 
0 66 0 33 17 325 324 1 10 1 0 0 1 0 33 2 0 0 10 7 9 0.2727 27 34 0.0831 0.1046 1 1 18 25 0.6667 0.7353 1 0 2 0 0 0 1 2 0 0 1 3 2 0 4 0 5 1 2 4 5 6 7 
0 66 0 33 17 325 324 1 10 1 0 0 1 0 33 2 0 0 10 7 10 0.3030 27 34 0.0831 0.1046 1 1 17 24 0.6296 0.7059 1 0 1 0 1 0 1 1 1 1 1 1 2 0 4 1 6 2 3 4 5 4 5 
0 66 0 33 17 325 324 1 10 1 0 0 1 0 33 2 0 0 10 7 14 0.4242 27 34 0.0831 0.1046 1 1 13 20 0.4815 0.5882 1 0 2 0 1 0 1 2 1 0 1 2 2 1 6 2 6 3 3 3 5 6 7 
0 66 0 33 17 325 324 1 10 1 0 0 1 0 33 2 0 0 10 7 15 0.4545 27 34 0.0831 0.1046 1 1 12 19 0.4444 0.5588 1 0 2 0 1 0 1 2 1 0 1 1 2 0 5 2 6 2 2 4 5 8 8 
0 66 0 33 17 325 324 1 10 1 0 0 1 0 33 2 0 0 10 7 16 0.4848 27 34 0.0831 0.1046 1 1 11 18 0.4074 0.5294 1 0 1 0 1 0 1 1 1 2 0 0 2 0 4 1 6 3 3 4 7 7 7 
1 66 10 33 17 325 324 1 10 0 1 0 0 1 33 8 0 1.5000 10 1 3 0.0909 27 30 0.0831 0.0923 1 1 24 27 0.8889 0.9000 1 0 0 0 0 0 1 0 0 0 0 0 1 0 1 0 1 0 2 3 3 6 10 
0 66 5 33 17 325 324 1 10 1 0 0 0 1 33 2 0 0 10 7 19 0.5758 27 34 0.0831 0.1046 1 1 8 15 0.2963 0.4412 1 0 0 0 0 0 1 0 0 1 1 1 2 0 4 0 7 1 4 6 8 8 7 

0 67 0 33 25 325 324 1 10 1 0 1 0 0 33 4 1.5000 1.5000 10 1 4 0.1212 27 23 0.0831 0.0708 1 1 23 19 0.8519 0.8261 1 1 0 0 0 0 2 0 0 0 1 1 2 1 6 1 5 1 3 5 6 6 9 
0 67 9 33 25 325 324 1 10 1 0 0 1 0 33 0 0 0 10 1 13 0.3939 27 10 0.0831 0.0308 1 0 14 -3.0000 0.5185 -0.3000 1 0 1 0 1 0 1 1 1 2 1 1 2 2 7 2 7 3 3 5 4 4 6 
0 67 0 33 25 325 324 1 10 1 0 0 1 0 33 2 0 0 10 7 8 0.2424 27 34 0.0831 0.1046 1 1 19 26 0.7037 0.7647 1 0 1 0 1 0 1 1 1 0 2 1 2 0 4 0 4 0 3 3 5 8 9 
0 67 0 33 25 325 324 1 10 1 0 0 1 0 33 2 0 0 10 7 9 0.2727 27 34 0.0831 0.1046 1 1 18 25 0.6667 0.7353 1 0 2 0 0 0 1 2 0 0 1 3 2 0 4 0 5 1 2 4 5 6 7 
0 67 0 33 25 325 324 1 10 1 0 0 1 0 33 2 0 0 10 7 10 0.3030 27 34 0.0831 0.1046 1 1 17 24 0.6296 0.7059 1 0 1 0 1 0 1 1 1 1 1 1 2 0 4 1 6 2 3 4 5 4 5 
0 67 0 33 25 325 324 1 10 1 0 0 1 0 33 2 0 0 10 7 14 0.4242 27 34 0.0831 0.1046 1 1 13 20 0.4815 0.5882 1 0 2 0 1 0 1 2 1 0 1 2 2 1 6 2 6 3 3 3 5 6 7 
0 67 0 33 25 325 324 1 10 1 0 0 1 0 33 2 0 0 10 7 15 0.4545 27 34 0.0831 0.1046 1 1 12 19 0.4444 0.5588 1 0 2 0 1 0 1 2 1 0 1 1 2 0 5 2 6 2 2 4 5 8 8 
0 67 0 33 25 325 324 1 10 1 0 0 1 0 33 2 0 0 10 7 16 0.4848 27 34 0.0831 0.1046 1 1 11 18 0.4074 0.5294 1 0 1 0 1 0 1 1 1 2 0 0 2 0 4 1 6 3 3 4 7 7 7 
1 67 10 33 25 325 324 1 10 0 1 0 0 1 33 8 0 1.5000 10 1 3 0.0909 27 30 0.0831 0.0923 1 1 24 27 0.8889 0.9000 1 0 0 0 0 0 1 0 0 0 0 0 1 0 1 0 1 0 2 3 3 6 10 
0 67 5 33 25 325 324 1 10 1 0 0 0 1 33 2 0 0 10 7 19 0.5758 27 34 0.0831 0.1046 1 1 8 15 0.2963 0.4412 1 0 0 0 0 0 1 0 0 1 1 1 2 0 4 0 7 1 4 6 8 8 7 

0 68 0 33 17 325 324 1 10 1 0 1 0 0 33 4 1.5000 1.5000 10 1 4 0.1212 27 23 0.0831 0.0708 1 1 23 19 0.8519 0.8261 1 1 0 0 0 0 2 0 0 0 1 1 2 1 6 1 5 1 3 5 6 6 9 
0 68 9 33 17 325 324 1 10 1 0 0 1 0 33 0 0 0 10 1 13 0.3939 27 10 0.0831 0.0308 1 0 14 -3.0000 0.5185 -0.3000 1 0 1 0 1 0 1 1 1 2 1 1 2 2 7 2 7 3 3 5 4 4 6 
0 68 0 33 17 325 324 1 10 1 0 0 1 0 33 2 0 0 10 7 8 0.2424 27 34 0.0831 0.1046 1 1 19 26 0.7037 0.7647 1 0 1 0 1 0 1 1 1 0 2 1 2 0 4 0 4 0 3 3 5 8 9 
0 68 0 33 17 325 324 1 10 1 0 0 1 0 33 2 0 0 10 7 9 0.2727 27 34 0.0831 0.1046 1 1 18 25 0.6667 0.7353 1 0 2 0 0 0 1 2 0 0 1 3 2 0 4 0 5 1 2 4 5 6 7 
0 68 0 33 17 325 324 1 10 1 0 0 1 0 33 2 0 0 10 7 10 0.3030 27 34 0.0831 0.1046 1 1 17 24 0.6296 0.7059 1 0 1 0 1 0 1 1 1 1 1 1 2 0 4 1 6 2 3 4 5 4 5 
0 68 0 33 17 325 324 1 10 1 0 0 1 0 33 2 0 0 10 7 14 0.4242 27 34 0.0831 0.1046 1 1 13 20 0.4815 0.5882 1 0 2 0 1 0 1 2 1 0 1 2 2 1 6 2 6 3 3 3 5 6 7 
0 68 0 33 17 325 324 1 10 1 0 0 1 0 33 2 0 0 10 7 15 0.4545 27 34 0.0831 0.1046 1 1 12 19 0.4444 0.5588 1 0 2 0 1 0 1 2 1 0 1 1 2 0 5 2 6 2 2 4 5 8 8 
0 68 0 33 17 325 324 1 10 1 0 0 1 0 33 2 0 0 10 7 16 0.4848 27 34 0.0831 0.1046 1 1 11 18 0.4074 0.5294 1 0 1 0 1 0 1 1 1 2 0 0 2 0 4 1 6 3 3 4 7 7 7 
1 68 10 33 17 325 324 1 10 0 1 0 0 1 33 8 0 1.5000 10 1 3 0.0909 27 30 0.0831 0.0923 1 1 24 27 0.8889 0.9000 1 0 0 0 0 0 1 0 0 0 0 0 1 0 1 0 1 0 2 3 3 6 10 
0 68 5 33 17 325 324 1 10 1 0 0 0 1 33 2 0 0 10 7 19 0.5758 27 34 0.0831 0.1046 1 1 8 15 0.2963 0.4412 1 0 0 0 0 0 1 0 0 1 1 1 2 0 4 0 7 1 4 6 8 8 7 

0 69 0 33 24 325 324 1 10 1 0 1 0 0 33 4 1.5000 1.5000 10 1 4 0.1212 27 23 0.0831 0.0708 1 1 23 19 0.8519 0.8261 1 0 1 0 0 0 1 1 0 0 1 1 2 0 7 0 6 0 3 5 6 6 9 
0 69 9 33 24 325 324 1 10 1 0 0 1 0 33 0 0 0 10 1 13 0.3939 27 10 0.0831 0.0308 1 0 14 -3.0000 0.5185 -0.3000 1 0 1 0 1 0 1 1 1 2 1 1 2 2 7 2 7 3 3 5 4 4 6 
0 69 0 33 24 325 324 1 10 1 0 0 1 0 33 2 0 0 10 7 8 0.2424 27 34 0.0831 0.1046 1 1 19 26 0.7037 0.7647 1 0 1 0 1 0 1 1 1 0 1 2 2 0 4 0 4 0 3 3 5 8 9 
0 69 0 33 24 325 324 1 10 1 0 0 1 0 33 2 0 0 10 7 9 0.2727 27 34 0.0831 0.1046 1 1 18 25 0.6667 0.7353 1 0 2 0 0 0 1 2 0 0 1 2 2 0 4 0 5 1 2 4 5 6 7 
0 69 0 33 24 325 324 1 10 1 0 0 1 0 33 2 0 0 10 7 10 0.3030 27 34 0.0831 0.1046 1 1 17 24 0.6296 0.7059 1 0 1 0 1 0 1 1 1 1 1 1 2 0 4 1 6 2 3 4 5 4 5 
0 69 0 33 24 325 324 1 10 1 0 0 1 0 33 2 0 0 10 7 14 0.4242 27 34 0.0831 0.1046 1 1 13 20 0.4815 0.5882 1 0 2 0 1 0 1 2 1 0 1 2 2 1 6 2 6 3 3 3 5 6 7 
0 69 0 33 24 325 324 1 10 1 0 0 1 0 33 2 0 0 10 7 15 0.4545 27 34 0.0831 0.1046 1 1 12 19 0.4444 0.5588 1 0 2 0 1 0 1 2 1 0 1 1 2 0 5 2 6 2 2 4 5 8 8 
0 69 0 33 24 325 324 1 10 1 0 0 1 0 33 2 0 0 10 7 16 0.4848 27 34 0.0831 0.1046 1 1 11 18 0.4074 0.5294 1 0 1 0 1 0 1 1 1 2 0 0 2 0 4 1 6 3 3 4 7 7 7 
1 69 10 33 24 325 324 1 10 1 0 0 0 1 33 8 0 0 10 1 3 0.0909 27 30 0.0831 0.0923 1 1 24 27 0.8889 0.9000 1 0 1 0 0 0 1 1 0 0 0 1 2 0 7 0 6 1 3 5 6 8 10 
0 69 5 33 24 325 324 1 10 1 0 0 0 1 33 2 0 0 10 7 19 0.5758 27 34 0.0831 0.1046 1 1 8 15 0.2963 0.4412 1 0 0 0 0 0 1 0 0 1 1 1 2 0 4 0 7 1 4 6 8 8 7 

0 70 0 33 23 325 324 1 10 1 0 1 0 0 33 4 1.5000 1.5000 10 1 4 0.1212 27 23 0.0831 0.0708 1 1 23 19 0.8519 0.8261 1 1 0 0 0 0 2 0 0 0 1 1 2 1 6 1 5 1 3 5 6 6 9 
0 70 9 33 23 325 324 1 10 1 0 0 1 0 33 0 0 0 10 1 13 0.3939 27 10 0.0831 0.0308 1 0 14 -3.0000 0.5185 -0.3000 1 0 1 0 1 0 1 1 1 2 1 1 2 2 7 2 7 3 3 5 4 4 6 
0 70 0 33 23 325 324 1 10 1 0 0 1 0 33 2 0 0 10 7 8 0.2424 27 34 0.0831 0.1046 1 1 19 26 0.7037 0.7647 1 0 1 0 1 0 1 1 1 0 2 1 2 0 4 0 4 0 3 3 5 8 9 
0 70 0 33 23 325 324 1 10 1 0 0 1 0 33 2 0 0 10 7 9 0.2727 27 34 0.0831 0.1046 1 1 18 25 0.6667 0.7353 1 0 2 0 0 0 1 2 0 0 1 3 2 0 4 0 5 1 2 4 5 6 7 
0 70 0 33 23 325 324 1 10 1 0 0 1 0 33 2 0 0 10 7 10 0.3030 27 34 0.0831 0.1046 1 1 17 24 0.6296 0.7059 1 0 1 0 1 0 1 1 1 1 1 1 2 0 4 1 6 2 3 4 5 4 5 
0 70 0 33 23 325 324 1 10 1 0 0 1 0 33 2 0 0 10 7 14 0.4242 27 34 0.0831 0.1046 1 1 13 20 0.4815 0.5882 1 0 2 0 1 0 1 2 1 0 1 2 2 1 6 2 6 3 3 3 5 6 7 
0 70 0 33 23 325 324 1 10 1 0 0 1 0 33 2 0 0 10 7 15 0.4545 27 34 0.0831 0.1046 1 1 12 19 0.4444 0.5588 1 0 2 0 1 0 1 2 1 0 1 1 2 0 5 2 6 2 2 4 5 8 8 
0 70 0 33 23 325 324 1 10 1 0 0 1 0 33 2 0 0 10 7 16 0.4848 27 34 0.0831 0.1046 1 1 11 18 0.4074 0.5294 1 0 1 0 1 0 1 1 1 2 0 0 2 0 4 1 6 3 3 4 7 7 7 
1 70 10 33 23 325 324 1 10 0 1 0 0 1 33 8 0 1.5000 10 1 3 0.0909 27 30 0.0831 0.0923 1 1 24 27 0.8889 0.9000 1 0 0 0 0 0 1 0 0 0 0 0 1 0 1 0 1 0 2 3 3 6 10 
0 70 5 33 23 325 324 1 10 1 0 0 0 1 33 2 0 0 10 7 19 0.5758 27 34 0.0831 0.1046 1 1 8 15 0.2963 0.4412 1 0 0 0 0 0 1 0 0 1 1 1 2 0 4 0 7 1 4 6 8 8 7 

0 71 0 33 24 325 324 1 10 1 0 1 0 0 33 4 1.5000 1.5000 10 1 4 0.1212 27 23 0.0831 0.0708 1 1 23 19 0.8519 0.8261 1 1 0 0 0 0 2 0 0 0 1 1 2 1 6 1 5 1 3 5 6 6 9 
0 71 9 33 24 325 324 1 10 1 0 0 1 0 33 0 0 0 10 1 13 0.3939 27 10 0.0831 0.0308 1 0 14 -3.0000 0.5185 -0.3000 1 0 1 0 1 0 1 1 1 2 1 1 2 2 7 2 7 3 3 5 4 4 6 
0 71 0 33 24 325 324 1 10 1 0 0 1 0 33 2 0 0 10 7 8 0.2424 27 34 0.0831 0.1046 1 1 19 26 0.7037 0.7647 1 0 1 0 1 0 1 1 1 0 2 1 2 0 4 0 4 0 3 3 5 8 9 
0 71 0 33 24 325 324 1 10 1 0 0 1 0 33 2 0 0 10 7 9 0.2727 27 34 0.0831 0.1046 1 1 18 25 0.6667 0.7353 1 0 2 0 0 0 1 2 0 0 1 3 2 0 4 0 5 1 2 4 5 6 7 
0 71 0 33 24 325 324 1 10 1 0 0 1 0 33 2 0 0 10 7 10 0.3030 27 34 0.0831 0.1046 1 1 17 24 0.6296 0.7059 1 0 1 0 1 0 1 1 1 1 1 1 2 0 4 1 6 2 3 4 5 4 5 
0 71 0 33 24 325 324 1 10 1 0 0 1 0 33 2 0 0 10 7 14 0.4242 27 34 0.0831 0.1046 1 1 13 20 0.4815 0.5882 1 0 2 0 1 0 1 2 1 0 1 2 2 1 6 2 6 3 3 3 5 6 7 
0 71 0 33 24 325 324 1 10 1 0 0 1 0 33 2 0 0 10 7 15 0.4545 27 34 0.0831 0.1046 1 1 12 19 0.4444 0.5588 1 0 2 0 1 0 1 2 1 0 1 1 2 0 5 2 6 2 2 4 5 8 8 
0 71 0 33 24 325 324 1 10 1 0 0 1 0 33 2 0 0 10 7 16 0.4848 27 34 0.0831 0.1046 1 1 11 18 0.4074 0.5294 1 0 1 0 1 0 1 1 1 2 0 0 2 0 4 1 6 3 3 4 7 7 7 
1 71 10 33 24 325 324 1 10 0 1 0 0 1 33 8 0 1.5000 10 1 3 0.0909 27 30 0.0831 0.0923 1 1 24 27 0.8889 0.9000 1 0 0 0 0 0 1 0 0 0 0 0 1 0 1 0 1 0 2 3 3 6 10 
0 71 5 33 24 325 324 1 10 1 0 0 0 1 33 2 0 0 10 7 19 0.5758 27 34 0.0831 0.1046 1 1 8 15 0.2963 0.4412 1 0 0 0 0 0 1 0 0 1 1 1 2 0 4 0 7 1 4 6 8 8 7 

