0 1 9953 0 1 1 0 0 0 0 0 0 0 0 1 1 2 61 0.1718 107 149 256 42 1.3925 0 0 1 1 0.0108 0.0150 1 1 46 88 0.4299 0.5906 1 0 0 0 0 0 2 1 0 0 0 1 1 0 1 0 1 7 2 5 7 11 11 
1 1 9954 1 0 1 0 0 0 0 0 0 0 0 7 1 8 47 0.1324 152 125 277 27 1.2160 0 0 1 1 0.0153 0.0126 1 1 105 78 0.6908 0.6240 1 0 0 0 0 0 2 1 1 1 1 1 2 0 4 0 6 0 4 6 9 12 14 
0 1 9953 0 1 1 0 0 0 0 0 0 0 0 1 1 2 63 0.1775 207 288 495 81 1.3913 0 0 1 1 0.0208 0.0289 1 1 144 225 0.6957 0.7812 1 0 0 0 0 0 2 1 0 0 1 1 1 0 1 0 1 1 2 5 7 11 13 
0 1 9953 1 0 1 0 0 0 0 0 0 0 0 10 10 20 93 0.2620 167 151 318 16 1.1060 0 0 1 1 0.0168 0.0152 1 1 74 58 0.4431 0.3841 1 0 1 0 1 0 2 1 1 0 0 0 2 0 4 0 4 6 4 6 10 12 16 
0 1 9953 1 0 1 0 0 0 0 0 0 0 0 10 10 20 94 0.2648 167 151 318 16 1.1060 0 0 1 1 0.0168 0.0152 1 1 73 57 0.4371 0.3775 1 0 2 0 0 0 2 2 0 0 0 1 2 0 4 0 4 6 3 7 9 13 12 
0 1 9953 1 0 1 0 0 0 0 0 0 0 0 10 10 20 95 0.2676 167 151 318 16 1.1060 0 0 1 1 0.0168 0.0152 1 1 72 56 0.4311 0.3709 1 0 1 0 1 0 1 2 1 0 1 1 2 0 4 0 4 6 4 6 10 9 13 
0 1 9953 1 0 1 0 0 0 0 0 0 0 0 10 10 20 99 0.2789 167 151 318 16 1.1060 0 0 1 1 0.0168 0.0152 1 1 68 52 0.4072 0.3444 1 0 1 0 1 0 1 1 1 1 2 2 2 0 4 0 4 6 4 6 9 8 11 
0 1 9953 1 0 1 0 0 0 0 0 0 0 0 10 10 20 100 0.2817 167 151 318 16 1.1060 0 0 1 1 0.0168 0.0152 1 1 67 51 0.4012 0.3377 1 0 2 0 1 0 1 2 1 1 0 1 2 0 4 0 4 6 3 6 8 12 11 
0 1 9953 1 0 1 0 0 0 0 0 0 0 0 10 10 20 101 0.2845 167 151 318 16 1.1060 0 0 1 1 0.0168 0.0152 1 1 66 50 0.3952 0.3311 1 0 2 0 2 0 1 2 2 0 0 0 2 0 4 0 4 6 3 5 9 11 15 
0 1 9953 1 0 1 0 0 0 0 0 0 0 0 10 10 20 102 0.2873 167 151 318 16 1.1060 0 0 1 1 0.0168 0.0152 1 1 65 49 0.3892 0.3245 1 0 2 0 1 0 1 2 1 1 0 0 2 0 4 0 4 6 3 6 8 12 14 
0 1 9953 1 0 1 0 0 0 0 0 0 0 0 10 10 20 103 0.2901 167 151 318 16 1.1060 0 0 1 1 0.0168 0.0152 1 1 64 48 0.3832 0.3179 1 0 1 0 1 0 1 1 1 1 1 0 2 0 4 0 4 6 4 6 9 11 15 
0 1 9953 0 1 1 0 0 0 0 0 0 0 0 2 3 5 99 0.2789 205 146 351 59 1.4041 0 0 1 1 0.0206 0.0147 1 1 106 47 0.5171 0.3219 1 0 0 0 0 0 1 0 0 0 1 1 1 0 1 0 6 1 3 5 8 11 14 
0 1 9953 0 1 1 0 0 0 0 0 0 0 0 2 22 24 222 0.6254 356 277 633 79 1.2852 0 0 1 1 0.0358 0.0278 1 1 134 55 0.3764 0.1986 3 0 1 0 0 0 3 1 0 0 1 0 2 0 2 0 2 1 2 5 7 10 14 
0 1 9953 0 1 1 0 0 0 0 0 0 0 0 2 22 24 222 0.6254 356 277 633 79 1.2852 0 0 1 1 0.0358 0.0278 1 1 134 55 0.3764 0.1986 3 0 1 0 0 0 3 1 0 0 1 0 2 0 2 0 2 1 2 5 7 10 14 
0 1 9953 0 1 1 0 0 0 0 0 0 0 0 1 3 4 96 0.2704 204 146 350 58 1.3973 0 0 1 1 0.0205 0.0147 1 1 108 50 0.5294 0.3425 1 0 1 0 0 1 1 1 1 0 0 0 1 0 4 0 2 6 2 4 6 10 13 
0 1 9953 1 0 1 0 0 0 0 0 0 0 0 22 22 44 81 0.2282 277 277 554 0 1 0 0 1 1 0.0278 0.0278 1 1 196 196 0.7076 0.7076 1 0 2 0 2 0 1 2 2 2 0 0 2 0 4 3 9 2 4 6 9 11 13 
0 1 9953 1 0 1 0 0 0 0 0 0 0 0 22 22 44 82 0.2310 277 277 554 0 1 0 0 1 1 0.0278 0.0278 1 1 195 195 0.7040 0.7040 1 0 2 0 2 0 1 2 3 1 0 0 2 0 4 4 4 2 3 6 9 12 14 
0 1 9953 1 0 1 0 0 0 0 0 0 0 0 22 22 44 83 0.2338 277 277 554 0 1 0 0 1 1 0.0278 0.0278 1 1 194 194 0.7004 0.7004 1 0 2 0 1 0 1 3 1 1 1 0 2 0 4 0 4 6 3 6 9 12 15 
0 1 9953 1 0 1 0 0 0 0 0 0 0 0 22 22 44 84 0.2366 277 277 554 0 1 0 0 1 1 0.0278 0.0278 1 1 193 193 0.6968 0.6968 1 0 1 0 1 0 2 1 1 1 1 1 2 0 4 0 4 0 4 6 9 12 14 
0 1 9953 1 0 1 0 0 0 0 0 0 0 0 22 22 44 186 0.5239 277 277 554 0 1 0 0 1 1 0.0278 0.0278 1 1 91 91 0.3285 0.3285 1 0 1 0 1 0 1 1 1 0 0 1 2 0 4 0 4 0 4 6 10 13 14 
0 1 9953 1 0 1 0 0 0 0 0 0 0 0 22 22 44 187 0.5268 277 277 554 0 1 0 0 1 1 0.0278 0.0278 1 1 90 90 0.3249 0.3249 1 0 2 0 0 0 1 2 0 0 1 1 2 0 4 0 4 0 3 7 9 12 14 
0 1 9953 1 0 1 0 0 0 0 0 0 0 0 22 22 44 188 0.5296 277 277 554 0 1 0 0 1 1 0.0278 0.0278 1 1 89 89 0.3213 0.3213 1 0 1 0 1 0 1 1 1 1 1 1 2 0 4 0 4 0 4 6 9 10 14 
0 1 9953 1 0 1 0 0 0 0 0 0 0 0 22 22 44 191 0.5380 277 277 554 0 1 0 0 1 1 0.0278 0.0278 1 1 86 86 0.3105 0.3105 1 0 1 0 1 0 1 1 1 2 3 2 2 0 4 0 4 0 4 7 8 10 11 
0 1 9953 1 0 1 0 0 0 0 0 0 0 0 22 22 44 192 0.5408 277 277 554 0 1 0 0 1 1 0.0278 0.0278 1 1 85 85 0.3069 0.3069 1 0 2 0 1 0 1 2 1 2 2 2 2 0 4 0 4 0 3 6 9 10 12 
0 1 9953 1 0 1 0 0 0 0 0 0 0 0 22 22 44 193 0.5437 277 277 554 0 1 0 0 1 1 0.0278 0.0278 1 1 84 84 0.3032 0.3032 1 0 2 0 2 0 1 2 3 1 1 1 2 0 4 0 4 0 3 5 8 11 13 
0 1 9953 1 0 1 0 0 0 0 0 0 0 0 22 22 44 194 0.5465 277 277 554 0 1 0 0 1 1 0.0278 0.0278 1 1 83 83 0.2996 0.2996 1 0 2 0 2 0 1 3 2 2 0 0 2 0 4 0 4 0 3 5 7 11 14 
0 1 9953 1 0 1 0 0 0 0 0 0 0 0 22 22 44 195 0.5493 277 277 554 0 1 0 0 1 1 0.0278 0.0278 1 1 82 82 0.2960 0.2960 1 0 2 0 2 0 2 2 2 1 1 0 2 0 4 0 4 0 3 5 8 10 14 
0 1 9953 1 0 1 0 0 0 0 0 0 0 0 22 22 44 196 0.5521 277 277 554 0 1 0 0 1 1 0.0278 0.0278 1 1 81 81 0.2924 0.2924 1 0 2 0 1 0 2 2 1 1 1 1 2 0 4 0 4 0 3 6 8 11 13 
0 1 9953 1 0 1 0 0 0 0 0 0 0 0 22 22 44 197 0.5549 277 277 554 0 1 0 0 1 1 0.0278 0.0278 1 1 80 80 0.2888 0.2888 1 0 1 0 1 0 1 2 1 1 1 1 2 0 4 0 4 0 4 6 9 11 13 
0 1 9953 1 0 1 0 0 0 0 0 0 0 0 22 22 44 220 0.6197 277 277 554 0 1 0 0 1 1 0.0278 0.0278 1 1 57 57 0.2058 0.2058 1 0 1 2 1 0 1 3 1 1 0 0 2 0 4 4 4 2 4 7 10 14 16 
0 1 9953 1 0 1 0 0 0 0 0 0 0 0 22 22 44 221 0.6225 277 277 554 0 1 0 0 1 1 0.0278 0.0278 1 1 56 56 0.2022 0.2022 1 2 2 0 1 0 3 2 1 0 0 0 2 2 4 2 4 2 3 6 10 13 16 
0 1 9953 1 0 1 0 0 0 0 0 0 0 0 22 22 44 222 0.6254 277 277 554 0 1 0 0 1 1 0.0278 0.0278 1 1 55 55 0.1986 0.1986 3 0 2 0 1 0 3 2 1 0 0 0 2 2 4 2 4 2 3 6 9 12 16 
0 1 9953 1 0 1 0 0 0 0 0 0 0 0 22 22 44 223 0.6282 277 277 554 0 1 0 0 1 1 0.0278 0.0278 1 1 54 54 0.1949 0.1949 1 0 3 0 1 0 1 3 1 1 0 0 2 0 4 4 4 2 4 6 8 12 16 
0 1 9953 1 0 0 1 0 0 0 0 0 0 0 1 2 3 182 0.5127 212 43 255 169 4.9302 0 0 1 1 0.0213 0.0043 1 0 30 -139.0000 0.1415 -3.2326 1 0 0 0 0 0 2 0 0 0 0 0 2 2 4 2 4 2 4 5 8 10 12 
0 1 9953 1 0 0 1 0 0 0 0 0 0 0 2 4 6 83 0.2338 205 70 275 135 2.9286 0 0 1 1 0.0206 0.0070 1 0 122 -13.0000 0.5951 -0.1857 1 0 0 1 0 1 4 0 0 0 0 0 2 2 4 6 4 10 4 8 11 14 16 
0 1 9953 1 0 0 1 0 0 0 0 0 0 0 1 2 3 43 0.1211 209 43 252 166 4.8605 0 0 1 1 0.0210 0.0043 1 0 166 0 0.7943 0 1 0 0 0 0 0 2 0 0 0 0 0 2 2 3 6 3 4 4 5 8 10 12 
0 1 9953 1 0 0 1 0 0 0 0 0 0 0 2 4 6 80 0.2254 134 70 204 64 1.9143 0 0 1 1 0.0135 0.0070 1 0 54 -10.0000 0.4030 -0.1429 1 0 0 1 0 0 4 0 0 0 0 0 2 2 4 12 4 9 4 8 11 14 16 
0 1 9953 1 0 0 1 0 0 0 0 0 0 0 1 4 5 74 0.2085 243 70 313 173 3.4714 0 0 1 1 0.0244 0.0070 1 0 169 -4.0000 0.6955 -0.0571 1 0 0 0 0 0 4 0 0 0 0 0 2 2 4 5 8 10 4 8 11 14 16 
0 1 9953 1 0 0 1 0 0 0 0 0 0 0 1 4 5 88 0.2479 144 70 214 74 2.0571 0 0 1 1 0.0145 0.0070 1 0 56 -18.0000 0.3889 -0.2571 1 0 0 0 0 1 4 0 0 0 0 0 2 3 4 4 8 10 4 8 11 14 16 
0 1 9953 1 0 0 1 0 0 0 0 0 0 0 1 1 2 46 0.1296 50 28 78 22 1.7857 0 0 1 1 0.0050 0.0028 1 0 4 -18.0000 0.0800 -0.6429 1 0 0 0 0 0 1 0 0 0 0 0 2 2 4 2 4 2 4 8 12 16 20 
0 1 9953 1 0 0 1 0 0 0 0 0 0 0 2 1 3 23 0.0648 90 50 140 40 1.8000 0 0 1 1 0.0090 0.0050 1 1 67 27 0.7444 0.5400 1 0 0 0 0 0 1 0 0 0 0 1 2 0 6 0 6 0 4 6 9 12 15 
0 1 9953 1 0 0 1 0 0 0 0 0 0 0 7 6 13 9 0.0254 152 62 214 90 2.4516 0 0 1 1 0.0153 0.0062 1 1 143 53 0.9408 0.8548 1 0 1 0 1 0 1 1 1 1 1 2 2 0 4 0 4 0 4 6 8 11 15 
0 1 9953 1 0 0 1 0 0 0 0 0 0 0 7 6 13 10 0.0282 152 62 214 90 2.4516 0 0 1 1 0.0153 0.0062 1 1 142 52 0.9342 0.8387 1 0 2 0 1 0 1 2 1 1 1 0 2 0 4 0 4 0 3 6 8 11 15 
0 1 9953 1 0 0 1 0 0 0 0 0 0 0 7 6 13 11 0.0310 152 62 214 90 2.4516 0 0 1 1 0.0153 0.0062 1 1 141 51 0.9276 0.8226 1 0 2 0 2 0 1 2 2 1 0 0 2 0 4 0 4 6 3 5 9 12 15 
0 1 9953 1 0 0 1 0 0 0 0 0 0 0 7 6 13 12 0.0338 152 62 214 90 2.4516 0 0 1 1 0.0153 0.0062 1 1 140 50 0.9211 0.8065 1 0 2 0 2 0 1 2 2 1 0 0 2 0 4 4 4 2 3 6 9 13 16 
0 1 9953 1 0 0 1 0 0 0 0 0 0 0 7 6 13 13 0.0366 152 62 214 90 2.4516 0 0 1 1 0.0153 0.0062 1 1 139 49 0.9145 0.7903 1 0 2 0 1 0 1 2 1 1 1 0 2 2 4 2 4 2 4 7 10 13 16 
0 1 9953 1 0 0 1 0 0 0 0 0 0 0 2 3 5 97 0.2732 134 146 280 12 1.0896 0 0 1 1 0.0135 0.0147 1 1 37 49 0.2761 0.3356 1 0 1 1 0 0 1 2 0 0 0 0 2 0 4 8 4 4 3 5 9 12 15 
0 1 9953 1 0 0 1 0 0 0 0 0 0 0 10 10 20 150 0.4225 167 151 318 16 1.1060 0 0 1 1 0.0168 0.0152 1 1 17 1 0.1018 0.0066 1 0 0 0 0 0 1 0 0 0 0 0 2 1 5 1 7 1 4 8 11 11 14 
0 1 9953 1 0 0 0 1 0 0 0 0 0 0 2 1 3 32 0.0901 90 39 129 51 2.3077 0 0 1 1 0.0090 0.0039 1 1 58 7 0.6444 0.1795 1 0 0 0 0 0 1 0 0 0 0 0 2 0 4 0 4 0 4 8 12 16 20 
0 1 9953 1 0 0 0 1 0 0 0 0 0 0 1 1 2 140 0.3944 170 167 337 3 1.0180 0 0 1 1 0.0171 0.0168 1 1 30 27 0.1765 0.1617 1 0 0 0 0 0 1 0 0 0 0 0 2 0 4 0 4 0 4 8 12 16 20 
0 1 9953 1 0 0 0 1 0 0 0 0 0 0 7 6 13 14 0.0394 152 62 214 90 2.4516 0 0 1 1 0.0153 0.0062 1 1 138 48 0.9079 0.7742 1 0 1 0 1 0 1 1 1 1 1 1 2 1 4 2 4 8 3 6 9 11 14 
0 1 9953 1 0 0 0 1 0 0 0 0 0 0 10 10 20 41 0.1155 167 151 318 16 1.1060 0 0 1 1 0.0168 0.0152 1 1 126 110 0.7545 0.7285 1 0 0 0 0 0 1 0 0 0 0 0 2 0 4 0 4 0 4 8 12 16 18 
0 1 9953 1 0 0 0 1 0 0 0 0 0 0 22 22 44 79 0.2225 277 277 554 0 1 0 0 1 1 0.0278 0.0278 1 1 198 198 0.7148 0.7148 1 0 1 0 1 0 1 1 1 1 1 2 2 0 5 1 7 2 4 6 9 10 12 
0 1 9953 1 0 0 0 1 0 0 0 0 0 0 22 22 44 80 0.2254 277 277 554 0 1 0 0 1 1 0.0278 0.0278 1 1 197 197 0.7112 0.7112 1 0 2 0 1 0 1 2 1 1 2 0 2 0 6 2 7 2 4 8 8 10 14 
0 1 9953 1 0 0 0 1 0 0 0 0 0 0 22 22 44 266 0.7493 277 277 554 0 1 0 0 1 1 0.0278 0.0278 1 1 11 11 0.0397 0.0397 1 0 0 0 0 0 1 0 0 0 0 0 2 0 4 0 4 0 4 8 12 16 20 

0 2 9954 1 0 1 0 0 1 1 2 1.5000 1.5000 3 1 1 2 61 0.1713 150 107 257 43 1.4019 1 0 1.0067 1 0.0151 0.0107 1 1 89 46 0.5933 0.4299 1 0 0 0 0 0 1 0 0 0 0 0 2 1 3 1 3 1 4 6 10 12 16 
0 2 9954 1 0 1 0 0 1 1 2 0.5000 0.5000 1 1 1 2 63 0.1770 208 288 496 80 1.3846 1 0 1.0048 1 0.0209 0.0289 1 1 145 225 0.6971 0.7812 1 0 0 0 0 0 1 0 0 0 0 0 2 1 3 1 3 1 3 6 8 11 13 
0 2 9954 1 0 1 0 0 1 1 2 0.5000 0.5000 1 3 2 5 99 0.2781 147 205 352 58 1.3946 1 0 1.0068 1 0.0148 0.0206 1 1 48 106 0.3265 0.5171 1 0 0 1 0 1 1 1 1 0 0 0 2 1 3 5 3 9 3 6 8 12 15 
0 2 9954 0 1 1 0 0 2 1 3 1 1 2 2 1 3 223 0.6264 357 278 635 79 1.2842 1 1 1.0028 1.0036 0.0359 0.0279 1 1 134 55 0.3754 0.1978 1 1 0 0 0 0 2 0 0 0 0 0 1 2 1 1 1 2 2 5 7 10 14 
0 2 9954 1 0 1 0 0 2 1 3 1 1 2 2 1 3 222 0.6236 357 277 634 80 1.2888 1 0 1.0028 1 0.0359 0.0278 1 1 135 55 0.3782 0.1986 1 1 0 0 0 0 2 0 0 0 0 0 2 3 3 3 3 3 3 6 9 12 16 
0 2 9954 1 0 0 1 0 0 0 0 0 0 0 1 2 3 182 0.5112 212 43 255 169 4.9302 0 0 1 1 0.0213 0.0043 1 0 30 -139.0000 0.1415 -3.2326 1 0 0 0 0 0 2 0 0 0 0 0 2 2 4 2 4 2 4 5 8 10 12 
0 2 9954 1 0 0 1 0 1 0 1 0 0 0 2 4 6 83 0.2331 205 70 275 135 2.9286 0 0 1 1 0.0206 0.0070 1 0 122 -13.0000 0.5951 -0.1857 1 0 0 1 0 1 4 0 0 0 0 0 2 2 4 6 4 10 4 8 11 14 16 
0 2 9954 1 0 0 1 0 0 0 0 0 0 0 1 2 3 43 0.1208 209 43 252 166 4.8605 0 0 1 1 0.0210 0.0043 1 0 166 0 0.7943 0 1 0 0 0 0 0 2 0 0 0 0 0 2 2 3 6 3 4 4 5 8 10 12 
0 2 9954 1 0 0 1 0 0 0 0 0 0 0 2 4 6 80 0.2247 134 70 204 64 1.9143 0 0 1 1 0.0135 0.0070 1 0 54 -10.0000 0.4030 -0.1429 1 0 0 1 0 0 4 0 0 0 0 0 2 2 4 12 4 9 4 8 11 14 16 
0 2 9954 1 0 0 1 0 0 0 0 0 0 0 1 4 5 74 0.2079 243 70 313 173 3.4714 0 0 1 1 0.0244 0.0070 1 0 169 -4.0000 0.6955 -0.0571 1 0 0 0 0 0 4 0 0 0 0 0 2 2 4 5 8 10 4 8 11 14 16 
0 2 9954 1 0 0 1 0 0 0 0 0 0 0 1 4 5 88 0.2472 144 70 214 74 2.0571 0 0 1 1 0.0145 0.0070 1 0 56 -18.0000 0.3889 -0.2571 1 0 0 0 0 1 4 0 0 0 0 0 2 3 4 4 8 10 4 8 11 14 16 
0 2 9954 1 0 0 1 0 0 0 0 0 0 0 1 1 2 46 0.1292 50 28 78 22 1.7857 0 0 1 1 0.0050 0.0028 1 0 4 -18.0000 0.0800 -0.6429 1 0 0 0 0 0 1 0 0 0 0 0 2 2 4 2 4 2 4 8 12 16 20 
0 2 9954 1 0 0 1 0 0 0 0 0 0 0 2 1 3 23 0.0646 90 50 140 40 1.8000 0 0 1 1 0.0090 0.0050 1 1 67 27 0.7444 0.5400 1 0 0 0 0 0 1 0 0 0 0 0 2 0 6 0 6 0 4 6 9 12 15 
0 2 9954 0 1 0 1 0 1 0 1 0 0 0 3 1 4 96 0.2697 147 204 351 57 1.3878 1 0 1.0068 1 0.0148 0.0205 1 1 51 108 0.3469 0.5294 1 0 0 0 0 1 1 0 0 0 1 1 1 0 1 4 1 4 3 6 8 12 15 
1 2 9955 1 0 0 1 0 2 2 4 0.5000 0.5000 1 1 1 2 48 0.1348 154 125 279 29 1.2320 2 0 1.0132 1 0.0155 0.0126 1 1 106 77 0.6883 0.6160 1 0 0 0 0 0 1 0 0 0 0 0 2 1 3 1 6 1 3 6 9 12 15 
0 2 9954 1 0 0 0 1 0 0 0 0 0 0 2 1 3 32 0.0899 90 39 129 51 2.3077 0 0 1 1 0.0090 0.0039 1 1 58 7 0.6444 0.1795 1 0 0 0 0 0 1 0 0 0 0 0 2 0 4 0 4 0 4 8 12 16 20 
0 2 9954 1 0 0 0 1 0 0 0 0 0 0 1 1 2 140 0.3933 170 167 337 3 1.0180 0 0 1 1 0.0171 0.0168 1 1 30 27 0.1765 0.1617 1 0 0 0 0 0 1 0 0 0 0 0 2 0 4 0 4 0 4 8 12 16 20 
0 2 9954 1 0 0 0 1 1 0 1 0 0 0 3 2 5 97 0.2725 147 134 281 13 1.0970 1 0 1.0068 1 0.0148 0.0135 1 1 50 37 0.3401 0.2761 1 0 1 1 0 0 1 2 0 0 0 0 2 0 4 9 3 5 3 5 9 12 15 

0 3 9954 1 0 1 0 0 1 1 2 1.5000 1.5000 3 1 1 2 61 0.1713 150 107 257 43 1.4019 1 0 1.0067 1 0.0151 0.0107 1 1 89 46 0.5933 0.4299 1 0 0 0 0 0 1 0 0 0 0 0 2 1 3 1 3 1 4 6 10 12 16 
0 3 9954 1 0 1 0 0 1 1 2 0.5000 0.5000 1 1 1 2 63 0.1770 208 288 496 80 1.3846 1 0 1.0048 1 0.0209 0.0289 1 1 145 225 0.6971 0.7812 1 0 0 0 0 0 1 0 0 0 0 0 2 1 3 1 3 1 3 6 8 11 13 
0 3 9954 1 0 1 0 0 2 2 4 1 1 2 3 2 5 99 0.2781 147 205 352 58 1.3946 1 0 1.0068 1 0.0148 0.0206 1 1 48 106 0.3265 0.5171 1 0 0 1 0 1 1 1 1 0 0 0 2 1 3 5 3 9 3 6 8 12 15 
0 3 9954 0 1 1 0 0 4 2 6 2 2 4 2 1 3 223 0.6264 357 278 635 79 1.2842 1 1 1.0028 1.0036 0.0359 0.0279 1 1 134 55 0.3754 0.1978 1 1 0 0 0 0 2 0 0 0 0 0 1 2 1 1 1 2 2 5 7 10 14 
0 3 9954 1 0 1 0 0 4 2 6 2 2 4 2 1 3 222 0.6236 357 277 634 80 1.2888 1 0 1.0028 1 0.0359 0.0278 1 1 135 55 0.3782 0.1986 1 1 0 0 0 0 2 0 0 0 0 0 2 3 3 3 3 3 3 6 9 12 16 
0 3 9954 1 0 0 1 0 0 0 0 0 0 0 1 2 3 182 0.5112 212 43 255 169 4.9302 0 0 1 1 0.0213 0.0043 1 0 30 -139.0000 0.1415 -3.2326 1 0 0 0 0 0 2 0 0 0 0 0 2 2 4 2 4 2 4 5 8 10 12 
0 3 9954 1 0 0 1 0 2 0 2 0 0 0 2 4 6 83 0.2331 205 70 275 135 2.9286 0 0 1 1 0.0206 0.0070 1 0 122 -13.0000 0.5951 -0.1857 1 0 0 1 0 1 4 0 0 0 0 0 2 2 4 6 4 10 4 8 11 14 16 
0 3 9954 1 0 0 1 0 0 0 0 0 0 0 1 2 3 43 0.1208 209 43 252 166 4.8605 0 0 1 1 0.0210 0.0043 1 0 166 0 0.7943 0 1 0 0 0 0 0 2 0 0 0 0 0 2 2 3 6 3 4 4 5 8 10 12 
0 3 9954 1 0 0 1 0 0 0 0 0 0 0 2 4 6 80 0.2247 134 70 204 64 1.9143 0 0 1 1 0.0135 0.0070 1 0 54 -10.0000 0.4030 -0.1429 1 0 0 1 0 0 4 0 0 0 0 0 2 2 4 12 4 9 4 8 11 14 16 
0 3 9954 1 0 0 1 0 0 0 0 0 0 0 1 4 5 74 0.2079 243 70 313 173 3.4714 0 0 1 1 0.0244 0.0070 1 0 169 -4.0000 0.6955 -0.0571 1 0 0 0 0 0 4 0 0 0 0 0 2 2 4 5 8 10 4 8 11 14 16 
0 3 9954 1 0 0 1 0 0 0 0 0 0 0 1 4 5 88 0.2472 144 70 214 74 2.0571 0 0 1 1 0.0145 0.0070 1 0 56 -18.0000 0.3889 -0.2571 1 0 0 0 0 1 4 0 0 0 0 0 2 3 4 4 8 10 4 8 11 14 16 
0 3 9954 1 0 0 1 0 0 0 0 0 0 0 1 1 2 46 0.1292 50 28 78 22 1.7857 0 0 1 1 0.0050 0.0028 1 0 4 -18.0000 0.0800 -0.6429 1 0 0 0 0 0 1 0 0 0 0 0 2 2 4 2 4 2 4 8 12 16 20 
0 3 9954 1 0 0 1 0 0 0 0 0 0 0 2 1 3 23 0.0646 90 50 140 40 1.8000 0 0 1 1 0.0090 0.0050 1 1 67 27 0.7444 0.5400 1 0 0 0 0 0 1 0 0 0 0 0 2 0 6 0 6 0 4 6 9 12 15 
0 3 9954 0 1 0 1 0 2 0 2 0 0 0 3 1 4 96 0.2697 147 204 351 57 1.3878 1 0 1.0068 1 0.0148 0.0205 1 1 51 108 0.3469 0.5294 1 0 0 0 0 1 1 0 0 0 1 1 1 0 1 4 1 4 3 6 8 12 15 
1 3 9955 1 0 0 1 0 4 4 8 2 2 4 1 1 2 48 0.1348 154 125 279 29 1.2320 2 0 1.0132 1 0.0155 0.0126 1 1 106 77 0.6883 0.6160 1 0 0 0 0 0 1 0 0 0 0 0 2 1 3 1 6 1 3 6 9 12 15 
0 3 9954 1 0 0 0 1 0 0 0 0 0 0 2 1 3 32 0.0899 90 39 129 51 2.3077 0 0 1 1 0.0090 0.0039 1 1 58 7 0.6444 0.1795 1 0 0 0 0 0 1 0 0 0 0 0 2 0 4 0 4 0 4 8 12 16 20 
0 3 9954 1 0 0 0 1 0 0 0 0 0 0 1 1 2 140 0.3933 170 167 337 3 1.0180 0 0 1 1 0.0171 0.0168 1 1 30 27 0.1765 0.1617 1 0 0 0 0 0 1 0 0 0 0 0 2 0 4 0 4 0 4 8 12 16 20 
0 3 9954 1 0 0 0 1 2 0 2 0 0 0 3 2 5 97 0.2725 147 134 281 13 1.0970 1 0 1.0068 1 0.0148 0.0135 1 1 50 37 0.3401 0.2761 1 0 1 1 0 0 1 2 0 0 0 0 2 0 4 9 3 5 3 5 9 12 15 

0 4 9954 1 0 1 0 0 1 1 2 1.5000 1.5000 3 1 1 2 61 0.1713 150 107 257 43 1.4019 1 0 1.0067 1 0.0151 0.0107 1 1 89 46 0.5933 0.4299 1 0 0 0 0 0 1 0 0 0 0 0 2 1 3 1 3 1 4 6 10 12 16 
0 4 9954 1 0 1 0 0 1 1 2 0.5000 0.5000 1 1 1 2 63 0.1770 208 288 496 80 1.3846 1 0 1.0048 1 0.0209 0.0289 1 1 145 225 0.6971 0.7812 1 0 0 0 0 0 1 0 0 0 0 0 2 1 3 1 3 1 3 6 8 11 13 
0 4 9954 1 0 1 0 0 2 2 4 1 1 2 3 2 5 99 0.2781 147 205 352 58 1.3946 1 0 1.0068 1 0.0148 0.0206 1 1 48 106 0.3265 0.5171 1 0 0 1 0 1 1 1 1 0 0 0 2 1 3 5 3 9 3 6 8 12 15 
0 4 9954 1 0 1 0 0 4 3 7 2 2 4 2 1 3 222 0.6236 357 277 634 80 1.2888 1 0 1.0028 1 0.0359 0.0278 1 1 135 55 0.3782 0.1986 1 1 0 0 0 0 2 0 0 0 0 0 2 3 3 3 3 3 3 6 9 12 16 
0 4 9954 0 1 1 0 0 3 4 7 2 2 4 1 2 3 223 0.6264 278 357 635 79 1.2842 1 1 1.0036 1.0028 0.0279 0.0359 1 1 55 134 0.1978 0.3754 1 0 0 0 0 0 1 0 0 0 0 0 1 0 1 0 2 1 2 5 8 12 16 
0 4 9954 1 0 0 1 0 0 0 0 0 0 0 1 2 3 182 0.5112 212 43 255 169 4.9302 0 0 1 1 0.0213 0.0043 1 0 30 -139.0000 0.1415 -3.2326 1 0 0 0 0 0 2 0 0 0 0 0 2 2 4 2 4 2 4 5 8 10 12 
0 4 9954 1 0 0 1 0 2 0 2 0 0 0 2 4 6 83 0.2331 205 70 275 135 2.9286 0 0 1 1 0.0206 0.0070 1 0 122 -13.0000 0.5951 -0.1857 1 0 0 1 0 1 4 0 0 0 0 0 2 2 4 6 4 10 4 8 11 14 16 
0 4 9954 1 0 0 1 0 0 0 0 0 0 0 1 2 3 43 0.1208 209 43 252 166 4.8605 0 0 1 1 0.0210 0.0043 1 0 166 0 0.7943 0 1 0 0 0 0 0 2 0 0 0 0 0 2 2 3 6 3 4 4 5 8 10 12 
0 4 9954 1 0 0 1 0 0 0 0 0 0 0 2 4 6 80 0.2247 134 70 204 64 1.9143 0 0 1 1 0.0135 0.0070 1 0 54 -10.0000 0.4030 -0.1429 1 0 0 1 0 0 4 0 0 0 0 0 2 2 4 12 4 9 4 8 11 14 16 
0 4 9954 1 0 0 1 0 0 0 0 0 0 0 1 4 5 74 0.2079 243 70 313 173 3.4714 0 0 1 1 0.0244 0.0070 1 0 169 -4.0000 0.6955 -0.0571 1 0 0 0 0 0 4 0 0 0 0 0 2 2 4 5 8 10 4 8 11 14 16 
0 4 9954 1 0 0 1 0 0 0 0 0 0 0 1 4 5 88 0.2472 144 70 214 74 2.0571 0 0 1 1 0.0145 0.0070 1 0 56 -18.0000 0.3889 -0.2571 1 0 0 0 0 1 4 0 0 0 0 0 2 3 4 4 8 10 4 8 11 14 16 
0 4 9954 1 0 0 1 0 0 0 0 0 0 0 1 1 2 46 0.1292 50 28 78 22 1.7857 0 0 1 1 0.0050 0.0028 1 0 4 -18.0000 0.0800 -0.6429 1 0 0 0 0 0 1 0 0 0 0 0 2 2 4 2 4 2 4 8 12 16 20 
0 4 9954 1 0 0 1 0 0 0 0 0 0 0 2 1 3 23 0.0646 90 50 140 40 1.8000 0 0 1 1 0.0090 0.0050 1 1 67 27 0.7444 0.5400 1 0 0 0 0 0 1 0 0 0 0 0 2 0 6 0 6 0 4 6 9 12 15 
0 4 9954 0 1 0 1 0 2 0 2 0 0 0 3 1 4 96 0.2697 147 204 351 57 1.3878 1 0 1.0068 1 0.0148 0.0205 1 1 51 108 0.3469 0.5294 1 0 0 0 0 1 1 0 0 0 1 1 1 0 1 4 1 4 3 6 8 12 15 
1 4 9955 1 0 0 1 0 6 6 12 3.5000 3.5000 7 1 1 2 48 0.1348 154 125 279 29 1.2320 2 0 1.0132 1 0.0155 0.0126 1 1 106 77 0.6883 0.6160 1 0 0 0 0 0 1 0 0 0 0 0 2 1 3 1 6 1 3 6 9 12 15 
0 4 9954 1 0 0 0 1 0 0 0 0 0 0 2 1 3 32 0.0899 90 39 129 51 2.3077 0 0 1 1 0.0090 0.0039 1 1 58 7 0.6444 0.1795 1 0 0 0 0 0 1 0 0 0 0 0 2 0 4 0 4 0 4 8 12 16 20 
0 4 9954 1 0 0 0 1 0 0 0 0 0 0 1 1 2 140 0.3933 170 167 337 3 1.0180 0 0 1 1 0.0171 0.0168 1 1 30 27 0.1765 0.1617 1 0 0 0 0 0 1 0 0 0 0 0 2 0 4 0 4 0 4 8 12 16 20 
0 4 9954 1 0 0 0 1 2 0 2 0 0 0 3 2 5 97 0.2725 147 134 281 13 1.0970 1 0 1.0068 1 0.0148 0.0135 1 1 50 37 0.3401 0.2761 1 0 1 1 0 0 1 2 0 0 0 0 2 0 4 9 3 5 3 5 9 12 15 

0 5 9954 1 0 1 0 0 1 1 2 1.5000 1.5000 3 1 1 2 61 0.1713 150 107 257 43 1.4019 1 0 1.0067 1 0.0151 0.0107 1 1 89 46 0.5933 0.4299 1 0 0 0 0 0 1 0 0 0 0 0 2 1 3 1 3 1 4 6 10 12 16 
0 5 9954 1 0 1 0 0 1 1 2 0.5000 0.5000 1 1 1 2 63 0.1770 208 288 496 80 1.3846 1 0 1.0048 1 0.0209 0.0289 1 1 145 225 0.6971 0.7812 1 0 0 0 0 0 1 0 0 0 0 0 2 1 3 1 3 1 3 6 8 11 13 
0 5 9954 1 0 1 0 0 2 2 4 1 1 2 3 2 5 99 0.2781 147 205 352 58 1.3946 1 0 1.0068 1 0.0148 0.0206 1 1 48 106 0.3265 0.5171 1 0 0 1 0 1 1 1 1 0 0 0 2 1 3 5 3 9 3 6 8 12 15 
0 5 9954 1 0 1 0 0 4 3 7 2 2 4 2 1 3 222 0.6236 357 277 634 80 1.2888 1 0 1.0028 1 0.0359 0.0278 1 1 135 55 0.3782 0.1986 1 1 0 0 0 0 2 0 0 0 0 0 2 3 3 3 3 3 3 6 9 12 16 
0 5 9954 0 1 1 0 0 3 4 7 2 2 4 1 2 3 223 0.6264 278 357 635 79 1.2842 1 1 1.0036 1.0028 0.0279 0.0359 1 1 55 134 0.1978 0.3754 1 0 0 0 0 0 1 0 0 0 0 0 1 0 1 0 2 1 2 5 8 12 16 
0 5 9954 1 0 0 1 0 0 0 0 0 0 0 1 2 3 182 0.5112 212 43 255 169 4.9302 0 0 1 1 0.0213 0.0043 1 0 30 -139.0000 0.1415 -3.2326 1 0 0 0 0 0 2 0 0 0 0 0 2 2 4 2 4 2 4 5 8 10 12 
0 5 9954 1 0 0 1 0 2 0 2 0 0 0 2 4 6 83 0.2331 205 70 275 135 2.9286 0 0 1 1 0.0206 0.0070 1 0 122 -13.0000 0.5951 -0.1857 1 0 0 1 0 1 4 0 0 0 0 0 2 2 4 6 4 10 4 8 11 14 16 
0 5 9954 1 0 0 1 0 0 0 0 0 0 0 1 2 3 43 0.1208 209 43 252 166 4.8605 0 0 1 1 0.0210 0.0043 1 0 166 0 0.7943 0 1 0 0 0 0 0 2 0 0 0 0 0 2 2 3 6 3 4 4 5 8 10 12 
0 5 9954 1 0 0 1 0 0 0 0 0 0 0 2 4 6 80 0.2247 134 70 204 64 1.9143 0 0 1 1 0.0135 0.0070 1 0 54 -10.0000 0.4030 -0.1429 1 0 0 1 0 0 4 0 0 0 0 0 2 2 4 12 4 9 4 8 11 14 16 
0 5 9954 1 0 0 1 0 0 0 0 0 0 0 1 4 5 74 0.2079 243 70 313 173 3.4714 0 0 1 1 0.0244 0.0070 1 0 169 -4.0000 0.6955 -0.0571 1 0 0 0 0 0 4 0 0 0 0 0 2 2 4 5 8 10 4 8 11 14 16 
0 5 9954 1 0 0 1 0 0 0 0 0 0 0 1 4 5 88 0.2472 144 70 214 74 2.0571 0 0 1 1 0.0145 0.0070 1 0 56 -18.0000 0.3889 -0.2571 1 0 0 0 0 1 4 0 0 0 0 0 2 3 4 4 8 10 4 8 11 14 16 
0 5 9954 1 0 0 1 0 0 0 0 0 0 0 1 1 2 46 0.1292 50 28 78 22 1.7857 0 0 1 1 0.0050 0.0028 1 0 4 -18.0000 0.0800 -0.6429 1 0 0 0 0 0 1 0 0 0 0 0 2 2 4 2 4 2 4 8 12 16 20 
0 5 9954 1 0 0 1 0 0 0 0 0 0 0 2 1 3 23 0.0646 90 50 140 40 1.8000 0 0 1 1 0.0090 0.0050 1 1 67 27 0.7444 0.5400 1 0 0 0 0 0 1 0 0 0 0 0 2 0 6 0 6 0 4 6 9 12 15 
0 5 9954 0 1 0 1 0 2 0 2 0 0 0 3 1 4 96 0.2697 147 204 351 57 1.3878 1 0 1.0068 1 0.0148 0.0205 1 1 51 108 0.3469 0.5294 1 0 0 0 0 1 1 0 0 0 1 1 1 0 1 4 1 4 3 6 8 12 15 
1 5 9955 1 0 0 1 0 8 8 16 5 5 10 1 1 2 48 0.1348 154 125 279 29 1.2320 2 0 1.0132 1 0.0155 0.0126 1 1 106 77 0.6883 0.6160 1 0 0 0 0 0 1 0 0 0 0 0 2 1 3 1 6 1 3 6 9 12 15 
0 5 9954 1 0 0 0 1 0 0 0 0 0 0 2 1 3 32 0.0899 90 39 129 51 2.3077 0 0 1 1 0.0090 0.0039 1 1 58 7 0.6444 0.1795 1 0 0 0 0 0 1 0 0 0 0 0 2 0 4 0 4 0 4 8 12 16 20 
0 5 9954 1 0 0 0 1 0 0 0 0 0 0 1 1 2 140 0.3933 170 167 337 3 1.0180 0 0 1 1 0.0171 0.0168 1 1 30 27 0.1765 0.1617 1 0 0 0 0 0 1 0 0 0 0 0 2 0 4 0 4 0 4 8 12 16 20 
0 5 9954 1 0 0 0 1 2 0 2 0 0 0 3 2 5 97 0.2725 147 134 281 13 1.0970 1 0 1.0068 1 0.0148 0.0135 1 1 50 37 0.3401 0.2761 1 0 1 1 0 0 1 2 0 0 0 0 2 0 4 9 3 5 3 5 9 12 15 

0 6 9954 1 0 1 0 0 1 1 2 1.5000 1.5000 3 1 1 2 61 0.1713 150 107 257 43 1.4019 1 0 1.0067 1 0.0151 0.0107 1 1 89 46 0.5933 0.4299 1 0 0 0 0 0 1 0 0 0 0 0 2 1 3 1 3 1 4 6 10 12 16 
0 6 9954 1 0 1 0 0 1 1 2 0.5000 0.5000 1 1 1 2 63 0.1770 208 288 496 80 1.3846 1 0 1.0048 1 0.0209 0.0289 1 1 145 225 0.6971 0.7812 1 0 0 0 0 0 1 0 0 0 0 0 2 1 3 1 3 1 3 6 8 11 13 
0 6 9954 1 0 1 0 0 2 2 4 1 1 2 3 2 5 99 0.2781 147 205 352 58 1.3946 1 0 1.0068 1 0.0148 0.0206 1 1 48 106 0.3265 0.5171 1 0 0 1 0 1 1 1 1 0 0 0 2 1 3 5 3 9 3 6 8 12 15 
0 6 9954 1 0 1 0 0 4 4 8 2 2 4 2 1 3 222 0.6236 357 277 634 80 1.2888 1 0 1.0028 1 0.0359 0.0278 1 1 135 55 0.3782 0.1986 1 1 0 0 0 0 2 0 0 0 0 0 2 3 3 3 3 3 3 6 9 12 16 
0 6 9954 0 1 1 0 0 4 4 8 2 2 4 1 2 3 223 0.6264 278 357 635 79 1.2842 1 1 1.0036 1.0028 0.0279 0.0359 1 1 55 134 0.1978 0.3754 1 0 0 0 0 0 1 0 0 0 0 0 1 0 1 0 2 1 2 5 8 12 16 
0 6 9954 1 0 0 1 0 0 0 0 0 0 0 1 2 3 182 0.5112 212 43 255 169 4.9302 0 0 1 1 0.0213 0.0043 1 0 30 -139.0000 0.1415 -3.2326 1 0 0 0 0 0 2 0 0 0 0 0 2 2 4 2 4 2 4 5 8 10 12 
0 6 9954 1 0 0 1 0 2 0 2 0 0 0 2 4 6 83 0.2331 205 70 275 135 2.9286 0 0 1 1 0.0206 0.0070 1 0 122 -13.0000 0.5951 -0.1857 1 0 0 1 0 1 4 0 0 0 0 0 2 2 4 6 4 10 4 8 11 14 16 
0 6 9954 1 0 0 1 0 0 0 0 0 0 0 1 2 3 43 0.1208 209 43 252 166 4.8605 0 0 1 1 0.0210 0.0043 1 0 166 0 0.7943 0 1 0 0 0 0 0 2 0 0 0 0 0 2 2 3 6 3 4 4 5 8 10 12 
0 6 9954 1 0 0 1 0 0 0 0 0 0 0 2 4 6 80 0.2247 134 70 204 64 1.9143 0 0 1 1 0.0135 0.0070 1 0 54 -10.0000 0.4030 -0.1429 1 0 0 1 0 0 4 0 0 0 0 0 2 2 4 12 4 9 4 8 11 14 16 
0 6 9954 1 0 0 1 0 0 0 0 0 0 0 1 4 5 74 0.2079 243 70 313 173 3.4714 0 0 1 1 0.0244 0.0070 1 0 169 -4.0000 0.6955 -0.0571 1 0 0 0 0 0 4 0 0 0 0 0 2 2 4 5 8 10 4 8 11 14 16 
0 6 9954 1 0 0 1 0 0 0 0 0 0 0 1 4 5 88 0.2472 144 70 214 74 2.0571 0 0 1 1 0.0145 0.0070 1 0 56 -18.0000 0.3889 -0.2571 1 0 0 0 0 1 4 0 0 0 0 0 2 3 4 4 8 10 4 8 11 14 16 
0 6 9954 1 0 0 1 0 0 0 0 0 0 0 1 1 2 46 0.1292 50 28 78 22 1.7857 0 0 1 1 0.0050 0.0028 1 0 4 -18.0000 0.0800 -0.6429 1 0 0 0 0 0 1 0 0 0 0 0 2 2 4 2 4 2 4 8 12 16 20 
0 6 9954 1 0 0 1 0 0 0 0 0 0 0 2 1 3 23 0.0646 90 50 140 40 1.8000 0 0 1 1 0.0090 0.0050 1 1 67 27 0.7444 0.5400 1 0 0 0 0 0 1 0 0 0 0 0 2 0 6 0 6 0 4 6 9 12 15 
0 6 9954 0 1 0 1 0 2 0 2 0 0 0 3 1 4 96 0.2697 147 204 351 57 1.3878 1 0 1.0068 1 0.0148 0.0205 1 1 51 108 0.3469 0.5294 1 0 0 0 0 1 1 0 0 0 1 1 1 0 1 4 1 4 3 6 8 12 15 
1 6 9955 1 0 0 1 0 10 10 20 6.5000 6.5000 13 1 1 2 48 0.1348 154 125 279 29 1.2320 2 0 1.0132 1 0.0155 0.0126 1 1 106 77 0.6883 0.6160 1 0 0 0 0 0 1 0 0 0 0 0 2 1 3 1 6 1 3 6 9 12 15 
0 6 9954 1 0 0 0 1 0 0 0 0 0 0 2 1 3 32 0.0899 90 39 129 51 2.3077 0 0 1 1 0.0090 0.0039 1 1 58 7 0.6444 0.1795 1 0 0 0 0 0 1 0 0 0 0 0 2 0 4 0 4 0 4 8 12 16 20 
0 6 9954 1 0 0 0 1 0 0 0 0 0 0 1 1 2 140 0.3933 170 167 337 3 1.0180 0 0 1 1 0.0171 0.0168 1 1 30 27 0.1765 0.1617 1 0 0 0 0 0 1 0 0 0 0 0 2 0 4 0 4 0 4 8 12 16 20 
0 6 9954 1 0 0 0 1 2 0 2 0 0 0 3 2 5 97 0.2725 147 134 281 13 1.0970 1 0 1.0068 1 0.0148 0.0135 1 1 50 37 0.3401 0.2761 1 0 1 1 0 0 1 2 0 0 0 0 2 0 4 9 3 5 3 5 9 12 15 

0 7 9954 1 0 1 0 0 1 1 2 1.5000 1.5000 3 1 1 2 61 0.1713 150 107 257 43 1.4019 1 0 1.0067 1 0.0151 0.0107 1 1 89 46 0.5933 0.4299 1 0 0 0 0 0 1 0 0 0 0 0 2 1 3 1 3 1 4 6 10 12 16 
0 7 9954 1 0 1 0 0 1 1 2 0.5000 0.5000 1 1 1 2 63 0.1770 208 288 496 80 1.3846 1 0 1.0048 1 0.0209 0.0289 1 1 145 225 0.6971 0.7812 1 0 0 0 0 0 1 0 0 0 0 0 2 1 3 1 3 1 3 6 8 11 13 
0 7 9954 1 0 1 0 0 2 2 4 1 1 2 3 2 5 99 0.2781 147 205 352 58 1.3946 1 0 1.0068 1 0.0148 0.0206 1 1 48 106 0.3265 0.5171 1 0 0 1 0 1 1 1 1 0 0 0 2 1 3 5 3 9 3 6 8 12 15 
0 7 9954 1 0 1 0 0 4 4 8 2 2 4 2 1 3 222 0.6236 357 277 634 80 1.2888 1 0 1.0028 1 0.0359 0.0278 1 1 135 55 0.3782 0.1986 1 1 0 0 0 0 2 0 0 0 0 0 2 3 3 3 3 3 3 6 9 12 16 
0 7 9954 0 1 1 0 0 4 4 8 2 2 4 1 2 3 223 0.6264 278 357 635 79 1.2842 1 1 1.0036 1.0028 0.0279 0.0359 1 1 55 134 0.1978 0.3754 1 0 0 0 0 0 1 0 0 0 0 0 1 0 1 0 2 1 2 5 8 12 16 
0 7 9954 1 0 0 1 0 0 0 0 0 0 0 1 2 3 182 0.5112 212 43 255 169 4.9302 0 0 1 1 0.0213 0.0043 1 0 30 -139.0000 0.1415 -3.2326 1 0 0 0 0 0 2 0 0 0 0 0 2 2 4 2 4 2 4 5 8 10 12 
0 7 9954 1 0 0 1 0 2 0 2 0 0 0 2 4 6 83 0.2331 205 70 275 135 2.9286 0 0 1 1 0.0206 0.0070 1 0 122 -13.0000 0.5951 -0.1857 1 0 0 1 0 1 4 0 0 0 0 0 2 2 4 6 4 10 4 8 11 14 16 
0 7 9954 1 0 0 1 0 0 0 0 0 0 0 1 2 3 43 0.1208 209 43 252 166 4.8605 0 0 1 1 0.0210 0.0043 1 0 166 0 0.7943 0 1 0 0 0 0 0 2 0 0 0 0 0 2 2 3 6 3 4 4 5 8 10 12 
0 7 9954 1 0 0 1 0 0 0 0 0 0 0 2 4 6 80 0.2247 134 70 204 64 1.9143 0 0 1 1 0.0135 0.0070 1 0 54 -10.0000 0.4030 -0.1429 1 0 0 1 0 0 4 0 0 0 0 0 2 2 4 12 4 9 4 8 11 14 16 
0 7 9954 1 0 0 1 0 0 0 0 0 0 0 1 4 5 74 0.2079 243 70 313 173 3.4714 0 0 1 1 0.0244 0.0070 1 0 169 -4.0000 0.6955 -0.0571 1 0 0 0 0 0 4 0 0 0 0 0 2 2 4 5 8 10 4 8 11 14 16 
0 7 9954 1 0 0 1 0 0 0 0 0 0 0 1 4 5 88 0.2472 144 70 214 74 2.0571 0 0 1 1 0.0145 0.0070 1 0 56 -18.0000 0.3889 -0.2571 1 0 0 0 0 1 4 0 0 0 0 0 2 3 4 4 8 10 4 8 11 14 16 
0 7 9954 1 0 0 1 0 0 0 0 0 0 0 1 1 2 46 0.1292 50 28 78 22 1.7857 0 0 1 1 0.0050 0.0028 1 0 4 -18.0000 0.0800 -0.6429 1 0 0 0 0 0 1 0 0 0 0 0 2 2 4 2 4 2 4 8 12 16 20 
0 7 9954 1 0 0 1 0 0 0 0 0 0 0 2 1 3 23 0.0646 90 50 140 40 1.8000 0 0 1 1 0.0090 0.0050 1 1 67 27 0.7444 0.5400 1 0 0 0 0 0 1 0 0 0 0 0 2 0 6 0 6 0 4 6 9 12 15 
0 7 9954 0 1 0 1 0 2 0 2 0 0 0 3 1 4 96 0.2697 147 204 351 57 1.3878 1 0 1.0068 1 0.0148 0.0205 1 1 51 108 0.3469 0.5294 1 0 0 0 0 1 1 0 0 0 1 1 1 0 1 4 1 4 3 6 8 12 15 
1 7 9955 1 0 0 1 0 12 12 24 8 8 16 1 1 2 48 0.1348 154 125 279 29 1.2320 2 0 1.0132 1 0.0155 0.0126 1 1 106 77 0.6883 0.6160 1 0 0 0 0 0 1 0 0 0 0 0 2 1 3 1 6 1 3 6 9 12 15 
0 7 9954 1 0 0 0 1 0 0 0 0 0 0 2 1 3 32 0.0899 90 39 129 51 2.3077 0 0 1 1 0.0090 0.0039 1 1 58 7 0.6444 0.1795 1 0 0 0 0 0 1 0 0 0 0 0 2 0 4 0 4 0 4 8 12 16 20 
0 7 9954 1 0 0 0 1 0 0 0 0 0 0 1 1 2 140 0.3933 170 167 337 3 1.0180 0 0 1 1 0.0171 0.0168 1 1 30 27 0.1765 0.1617 1 0 0 0 0 0 1 0 0 0 0 0 2 0 4 0 4 0 4 8 12 16 20 
0 7 9954 1 0 0 0 1 2 0 2 0 0 0 3 2 5 97 0.2725 147 134 281 13 1.0970 1 0 1.0068 1 0.0148 0.0135 1 1 50 37 0.3401 0.2761 1 0 1 1 0 0 1 2 0 0 0 0 2 0 4 9 3 5 3 5 9 12 15 

0 8 9954 1 0 1 0 0 1 1 2 0.5000 0.5000 1 1 1 2 61 0.1713 108 149 257 41 1.3796 1 0 1.0093 1 0.0108 0.0150 1 1 47 88 0.4352 0.5906 1 0 0 0 0 0 1 0 0 0 0 0 2 1 3 1 3 7 3 7 9 13 12 
0 8 9954 1 0 1 0 0 2 2 4 1 1 2 1 1 2 63 0.1770 208 288 496 80 1.3846 1 0 1.0048 1 0.0209 0.0289 1 1 145 225 0.6971 0.7812 1 0 0 0 0 0 1 0 0 0 0 0 2 1 3 1 3 1 3 6 8 11 13 
0 8 9954 1 0 1 0 0 3 3 6 1.5000 1.5000 3 3 2 5 99 0.2781 147 205 352 58 1.3946 1 0 1.0068 1 0.0148 0.0206 1 1 48 106 0.3265 0.5171 1 0 0 1 0 1 1 1 1 0 0 0 2 1 3 5 3 9 3 6 8 12 15 
0 8 9954 0 1 1 0 0 6 5 11 3 3 6 2 1 3 223 0.6264 357 278 635 79 1.2842 1 1 1.0028 1.0036 0.0359 0.0279 1 1 134 55 0.3754 0.1978 1 1 0 0 0 0 2 0 0 0 0 0 1 2 1 1 1 2 2 5 7 10 14 
0 8 9954 1 0 1 0 0 6 5 11 3 3 6 2 1 3 222 0.6236 357 277 634 80 1.2888 1 0 1.0028 1 0.0359 0.0278 1 1 135 55 0.3782 0.1986 1 1 0 0 0 0 2 0 0 0 0 0 2 3 3 3 3 3 3 6 9 12 16 
0 8 9954 1 0 0 1 0 0 0 0 0 0 0 1 2 3 182 0.5112 212 43 255 169 4.9302 0 0 1 1 0.0213 0.0043 1 0 30 -139.0000 0.1415 -3.2326 1 0 0 0 0 0 2 0 0 0 0 0 2 2 4 2 4 2 4 5 8 10 12 
0 8 9954 1 0 0 1 0 3 0 3 0 0 0 2 4 6 83 0.2331 205 70 275 135 2.9286 0 0 1 1 0.0206 0.0070 1 0 122 -13.0000 0.5951 -0.1857 1 0 0 1 0 1 4 0 0 0 0 0 2 2 4 6 4 10 4 8 11 14 16 
0 8 9954 1 0 0 1 0 0 0 0 0 0 0 1 2 3 43 0.1208 209 43 252 166 4.8605 0 0 1 1 0.0210 0.0043 1 0 166 0 0.7943 0 1 0 0 0 0 0 2 0 0 0 0 0 2 2 3 6 3 4 4 5 8 10 12 
0 8 9954 1 0 0 1 0 0 0 0 0 0 0 2 4 6 80 0.2247 134 70 204 64 1.9143 0 0 1 1 0.0135 0.0070 1 0 54 -10.0000 0.4030 -0.1429 1 0 0 1 0 0 4 0 0 0 0 0 2 2 4 12 4 9 4 8 11 14 16 
0 8 9954 1 0 0 1 0 0 0 0 0 0 0 1 4 5 74 0.2079 243 70 313 173 3.4714 0 0 1 1 0.0244 0.0070 1 0 169 -4.0000 0.6955 -0.0571 1 0 0 0 0 0 4 0 0 0 0 0 2 2 4 5 8 10 4 8 11 14 16 
0 8 9954 1 0 0 1 0 0 0 0 0 0 0 1 4 5 88 0.2472 144 70 214 74 2.0571 0 0 1 1 0.0145 0.0070 1 0 56 -18.0000 0.3889 -0.2571 1 0 0 0 0 1 4 0 0 0 0 0 2 3 4 4 8 10 4 8 11 14 16 
0 8 9954 1 0 0 1 0 0 0 0 0 0 0 1 1 2 46 0.1292 50 28 78 22 1.7857 0 0 1 1 0.0050 0.0028 1 0 4 -18.0000 0.0800 -0.6429 1 0 0 0 0 0 1 0 0 0 0 0 2 2 4 2 4 2 4 8 12 16 20 
0 8 9954 1 0 0 1 0 0 0 0 0 0 0 2 1 3 23 0.0646 90 50 140 40 1.8000 0 0 1 1 0.0090 0.0050 1 1 67 27 0.7444 0.5400 1 0 0 0 0 0 1 0 0 0 0 0 2 0 6 0 6 0 4 6 9 12 15 
0 8 9954 0 1 0 1 0 3 0 3 0 0 0 3 1 4 96 0.2697 147 204 351 57 1.3878 1 0 1.0068 1 0.0148 0.0205 1 1 51 108 0.3469 0.5294 1 0 0 0 0 1 1 0 0 0 1 1 1 0 1 4 1 4 3 6 8 12 15 
1 8 9955 1 0 0 1 0 14 14 28 9.5000 9.5000 19 1 1 2 48 0.1348 154 125 279 29 1.2320 2 0 1.0132 1 0.0155 0.0126 1 1 106 77 0.6883 0.6160 1 0 0 0 0 0 1 0 0 0 0 0 2 1 3 1 6 1 3 6 9 12 15 
0 8 9954 1 0 0 0 1 0 0 0 0 0 0 2 1 3 32 0.0899 90 39 129 51 2.3077 0 0 1 1 0.0090 0.0039 1 1 58 7 0.6444 0.1795 1 0 0 0 0 0 1 0 0 0 0 0 2 0 4 0 4 0 4 8 12 16 20 
0 8 9954 1 0 0 0 1 0 0 0 0 0 0 1 1 2 140 0.3933 170 167 337 3 1.0180 0 0 1 1 0.0171 0.0168 1 1 30 27 0.1765 0.1617 1 0 0 0 0 0 1 0 0 0 0 0 2 0 4 0 4 0 4 8 12 16 20 
0 8 9954 1 0 0 0 1 3 0 3 0 0 0 3 2 5 97 0.2725 147 134 281 13 1.0970 1 0 1.0068 1 0.0148 0.0135 1 1 50 37 0.3401 0.2761 1 0 1 1 0 0 1 2 0 0 0 0 2 0 4 9 3 5 3 5 9 12 15 

0 9 9954 1 0 1 0 0 1 1 2 0.5000 0.5000 1 1 1 2 61 0.1713 108 149 257 41 1.3796 1 0 1.0093 1 0.0108 0.0150 1 1 47 88 0.4352 0.5906 1 0 0 0 0 0 1 0 0 0 0 0 2 1 3 1 3 7 3 7 9 13 12 
0 9 9954 1 0 1 0 0 2 2 4 1 1 2 1 1 2 63 0.1770 208 288 496 80 1.3846 1 0 1.0048 1 0.0209 0.0289 1 1 145 225 0.6971 0.7812 1 0 0 0 0 0 1 0 0 0 0 0 2 1 3 1 3 1 3 6 8 11 13 
0 9 9954 1 0 1 0 0 4 4 8 2 2 4 3 2 5 99 0.2781 147 205 352 58 1.3946 1 0 1.0068 1 0.0148 0.0206 1 1 48 106 0.3265 0.5171 1 0 0 1 0 1 1 1 1 0 0 0 2 1 3 5 3 9 3 6 8 12 15 
0 9 9954 0 1 1 0 0 8 6 14 4 4 8 2 1 3 223 0.6264 357 278 635 79 1.2842 1 1 1.0028 1.0036 0.0359 0.0279 1 1 134 55 0.3754 0.1978 1 1 0 0 0 0 2 0 0 0 0 0 1 2 1 1 1 2 2 5 7 10 14 
0 9 9954 1 0 1 0 0 8 6 14 4 4 8 2 1 3 222 0.6236 357 277 634 80 1.2888 1 0 1.0028 1 0.0359 0.0278 1 1 135 55 0.3782 0.1986 1 1 0 0 0 0 2 0 0 0 0 0 2 3 3 3 3 3 3 6 9 12 16 
0 9 9954 1 0 0 1 0 0 0 0 0 0 0 1 2 3 182 0.5112 212 43 255 169 4.9302 0 0 1 1 0.0213 0.0043 1 0 30 -139.0000 0.1415 -3.2326 1 0 0 0 0 0 2 0 0 0 0 0 2 2 4 2 4 2 4 5 8 10 12 
0 9 9954 1 0 0 1 0 4 0 4 0 0 0 2 4 6 83 0.2331 205 70 275 135 2.9286 0 0 1 1 0.0206 0.0070 1 0 122 -13.0000 0.5951 -0.1857 1 0 0 1 0 1 4 0 0 0 0 0 2 2 4 6 4 10 4 8 11 14 16 
0 9 9954 1 0 0 1 0 0 0 0 0 0 0 1 2 3 43 0.1208 209 43 252 166 4.8605 0 0 1 1 0.0210 0.0043 1 0 166 0 0.7943 0 1 0 0 0 0 0 2 0 0 0 0 0 2 2 3 6 3 4 4 5 8 10 12 
0 9 9954 1 0 0 1 0 0 0 0 0 0 0 2 4 6 80 0.2247 134 70 204 64 1.9143 0 0 1 1 0.0135 0.0070 1 0 54 -10.0000 0.4030 -0.1429 1 0 0 1 0 0 4 0 0 0 0 0 2 2 4 12 4 9 4 8 11 14 16 
0 9 9954 1 0 0 1 0 0 0 0 0 0 0 1 4 5 74 0.2079 243 70 313 173 3.4714 0 0 1 1 0.0244 0.0070 1 0 169 -4.0000 0.6955 -0.0571 1 0 0 0 0 0 4 0 0 0 0 0 2 2 4 5 8 10 4 8 11 14 16 
0 9 9954 1 0 0 1 0 0 0 0 0 0 0 1 4 5 88 0.2472 144 70 214 74 2.0571 0 0 1 1 0.0145 0.0070 1 0 56 -18.0000 0.3889 -0.2571 1 0 0 0 0 1 4 0 0 0 0 0 2 3 4 4 8 10 4 8 11 14 16 
0 9 9954 1 0 0 1 0 0 0 0 0 0 0 1 1 2 46 0.1292 50 28 78 22 1.7857 0 0 1 1 0.0050 0.0028 1 0 4 -18.0000 0.0800 -0.6429 1 0 0 0 0 0 1 0 0 0 0 0 2 2 4 2 4 2 4 8 12 16 20 
0 9 9954 1 0 0 1 0 0 0 0 0 0 0 2 1 3 23 0.0646 90 50 140 40 1.8000 0 0 1 1 0.0090 0.0050 1 1 67 27 0.7444 0.5400 1 0 0 0 0 0 1 0 0 0 0 0 2 0 6 0 6 0 4 6 9 12 15 
0 9 9954 0 1 0 1 0 4 0 4 0 0 0 3 1 4 96 0.2697 147 204 351 57 1.3878 1 0 1.0068 1 0.0148 0.0205 1 1 51 108 0.3469 0.5294 1 0 0 0 0 1 1 0 0 0 1 1 1 0 1 4 1 4 3 6 8 12 15 
1 9 9955 1 0 0 1 0 16 16 32 11 11 22 1 1 2 48 0.1348 154 125 279 29 1.2320 2 0 1.0132 1 0.0155 0.0126 1 1 106 77 0.6883 0.6160 1 0 0 0 0 0 1 0 0 0 0 0 2 1 3 1 6 1 3 6 9 12 15 
0 9 9954 1 0 0 0 1 0 0 0 0 0 0 2 1 3 32 0.0899 90 39 129 51 2.3077 0 0 1 1 0.0090 0.0039 1 1 58 7 0.6444 0.1795 1 0 0 0 0 0 1 0 0 0 0 0 2 0 4 0 4 0 4 8 12 16 20 
0 9 9954 1 0 0 0 1 0 0 0 0 0 0 1 1 2 140 0.3933 170 167 337 3 1.0180 0 0 1 1 0.0171 0.0168 1 1 30 27 0.1765 0.1617 1 0 0 0 0 0 1 0 0 0 0 0 2 0 4 0 4 0 4 8 12 16 20 
0 9 9954 1 0 0 0 1 4 0 4 0 0 0 3 2 5 97 0.2725 147 134 281 13 1.0970 1 0 1.0068 1 0.0148 0.0135 1 1 50 37 0.3401 0.2761 1 0 1 1 0 0 1 2 0 0 0 0 2 0 4 9 3 5 3 5 9 12 15 

0 10 9954 1 0 1 0 0 1 1 2 0.5000 0.5000 1 1 1 2 61 0.1713 108 149 257 41 1.3796 1 0 1.0093 1 0.0108 0.0150 1 1 47 88 0.4352 0.5906 1 0 0 0 0 0 1 0 0 0 0 0 2 1 3 1 3 7 3 7 9 13 12 
0 10 9954 1 0 1 0 0 2 2 4 1 1 2 1 1 2 63 0.1770 208 288 496 80 1.3846 1 0 1.0048 1 0.0209 0.0289 1 1 145 225 0.6971 0.7812 1 0 0 0 0 0 1 0 0 0 0 0 2 1 3 1 3 1 3 6 8 11 13 
0 10 9954 1 0 1 0 0 4 4 8 2 2 4 3 2 5 99 0.2781 147 205 352 58 1.3946 1 0 1.0068 1 0.0148 0.0206 1 1 48 106 0.3265 0.5171 1 0 0 1 0 1 1 1 1 0 0 0 2 1 3 5 3 9 3 6 8 12 15 
0 10 9954 1 0 1 0 0 8 7 15 4 4 8 2 1 3 222 0.6236 357 277 634 80 1.2888 1 0 1.0028 1 0.0359 0.0278 1 1 135 55 0.3782 0.1986 1 1 0 0 0 0 2 0 0 0 0 0 2 3 3 3 3 3 3 6 9 12 16 
0 10 9954 0 1 1 0 0 7 8 15 4 4 8 1 2 3 223 0.6264 278 357 635 79 1.2842 1 1 1.0036 1.0028 0.0279 0.0359 1 1 55 134 0.1978 0.3754 1 0 0 0 0 0 1 0 0 0 0 0 1 0 1 0 2 1 2 5 8 12 16 
0 10 9954 1 0 0 1 0 0 0 0 0 0 0 1 2 3 182 0.5112 212 43 255 169 4.9302 0 0 1 1 0.0213 0.0043 1 0 30 -139.0000 0.1415 -3.2326 1 0 0 0 0 0 2 0 0 0 0 0 2 2 4 2 4 2 4 5 8 10 12 
0 10 9954 1 0 0 1 0 4 0 4 0 0 0 2 4 6 83 0.2331 205 70 275 135 2.9286 0 0 1 1 0.0206 0.0070 1 0 122 -13.0000 0.5951 -0.1857 1 0 0 1 0 1 4 0 0 0 0 0 2 2 4 6 4 10 4 8 11 14 16 
0 10 9954 1 0 0 1 0 0 0 0 0 0 0 1 2 3 43 0.1208 209 43 252 166 4.8605 0 0 1 1 0.0210 0.0043 1 0 166 0 0.7943 0 1 0 0 0 0 0 2 0 0 0 0 0 2 2 3 6 3 4 4 5 8 10 12 
0 10 9954 1 0 0 1 0 0 0 0 0 0 0 2 4 6 80 0.2247 134 70 204 64 1.9143 0 0 1 1 0.0135 0.0070 1 0 54 -10.0000 0.4030 -0.1429 1 0 0 1 0 0 4 0 0 0 0 0 2 2 4 12 4 9 4 8 11 14 16 
0 10 9954 1 0 0 1 0 0 0 0 0 0 0 1 4 5 74 0.2079 243 70 313 173 3.4714 0 0 1 1 0.0244 0.0070 1 0 169 -4.0000 0.6955 -0.0571 1 0 0 0 0 0 4 0 0 0 0 0 2 2 4 5 8 10 4 8 11 14 16 
0 10 9954 1 0 0 1 0 0 0 0 0 0 0 1 4 5 88 0.2472 144 70 214 74 2.0571 0 0 1 1 0.0145 0.0070 1 0 56 -18.0000 0.3889 -0.2571 1 0 0 0 0 1 4 0 0 0 0 0 2 3 4 4 8 10 4 8 11 14 16 
0 10 9954 1 0 0 1 0 0 0 0 0 0 0 1 1 2 46 0.1292 50 28 78 22 1.7857 0 0 1 1 0.0050 0.0028 1 0 4 -18.0000 0.0800 -0.6429 1 0 0 0 0 0 1 0 0 0 0 0 2 2 4 2 4 2 4 8 12 16 20 
0 10 9954 1 0 0 1 0 0 0 0 0 0 0 2 1 3 23 0.0646 90 50 140 40 1.8000 0 0 1 1 0.0090 0.0050 1 1 67 27 0.7444 0.5400 1 0 0 0 0 0 1 0 0 0 0 0 2 0 6 0 6 0 4 6 9 12 15 
0 10 9954 0 1 0 1 0 4 0 4 0 0 0 3 1 4 96 0.2697 147 204 351 57 1.3878 1 0 1.0068 1 0.0148 0.0205 1 1 51 108 0.3469 0.5294 1 0 0 0 0 1 1 0 0 0 1 1 1 0 1 4 1 4 3 6 8 12 15 
1 10 9955 1 0 0 1 0 18 18 36 12.5000 12.5000 25 1 1 2 48 0.1348 154 125 279 29 1.2320 2 0 1.0132 1 0.0155 0.0126 1 1 106 77 0.6883 0.6160 1 0 0 0 0 0 1 0 0 0 0 0 2 1 3 1 6 1 3 6 9 12 15 
0 10 9954 1 0 0 0 1 0 0 0 0 0 0 2 1 3 32 0.0899 90 39 129 51 2.3077 0 0 1 1 0.0090 0.0039 1 1 58 7 0.6444 0.1795 1 0 0 0 0 0 1 0 0 0 0 0 2 0 4 0 4 0 4 8 12 16 20 
0 10 9954 1 0 0 0 1 0 0 0 0 0 0 1 1 2 140 0.3933 170 167 337 3 1.0180 0 0 1 1 0.0171 0.0168 1 1 30 27 0.1765 0.1617 1 0 0 0 0 0 1 0 0 0 0 0 2 0 4 0 4 0 4 8 12 16 20 
0 10 9954 1 0 0 0 1 4 0 4 0 0 0 3 2 5 97 0.2725 147 134 281 13 1.0970 1 0 1.0068 1 0.0148 0.0135 1 1 50 37 0.3401 0.2761 1 0 1 1 0 0 1 2 0 0 0 0 2 0 4 9 3 5 3 5 9 12 15 

0 11 9954 1 0 1 0 0 1 1 2 0.5000 0.5000 1 1 1 2 61 0.1713 108 149 257 41 1.3796 1 0 1.0093 1 0.0108 0.0150 1 1 47 88 0.4352 0.5906 1 0 0 0 0 0 1 0 0 0 0 0 2 1 3 1 3 7 3 7 9 13 12 
0 11 9954 1 0 1 0 0 2 2 4 1 1 2 1 1 2 63 0.1770 208 288 496 80 1.3846 1 0 1.0048 1 0.0209 0.0289 1 1 145 225 0.6971 0.7812 1 0 0 0 0 0 1 0 0 0 0 0 2 1 3 1 3 1 3 6 8 11 13 
0 11 9954 1 0 1 0 0 4 4 8 2 2 4 3 2 5 99 0.2781 147 205 352 58 1.3946 1 0 1.0068 1 0.0148 0.0206 1 1 48 106 0.3265 0.5171 1 0 0 1 0 1 1 1 1 0 0 0 2 1 3 5 3 9 3 6 8 12 15 
0 11 9954 1 0 1 0 0 8 7 15 4 4 8 2 1 3 222 0.6236 357 277 634 80 1.2888 1 0 1.0028 1 0.0359 0.0278 1 1 135 55 0.3782 0.1986 1 1 0 0 0 0 2 0 0 0 0 0 2 3 3 3 3 3 3 6 9 12 16 
0 11 9954 0 1 1 0 0 7 8 15 4 4 8 1 2 3 223 0.6264 278 357 635 79 1.2842 1 1 1.0036 1.0028 0.0279 0.0359 1 1 55 134 0.1978 0.3754 1 0 0 0 0 0 1 0 0 0 0 0 1 0 1 0 2 1 2 5 8 12 16 
0 11 9954 1 0 0 1 0 0 0 0 0 0 0 1 2 3 182 0.5112 212 43 255 169 4.9302 0 0 1 1 0.0213 0.0043 1 0 30 -139.0000 0.1415 -3.2326 1 0 0 0 0 0 2 0 0 0 0 0 2 2 4 2 4 2 4 5 8 10 12 
0 11 9954 1 0 0 1 0 4 0 4 0 0 0 2 4 6 83 0.2331 205 70 275 135 2.9286 0 0 1 1 0.0206 0.0070 1 0 122 -13.0000 0.5951 -0.1857 1 0 0 1 0 1 4 0 0 0 0 0 2 2 4 6 4 10 4 8 11 14 16 
0 11 9954 1 0 0 1 0 0 0 0 0 0 0 1 2 3 43 0.1208 209 43 252 166 4.8605 0 0 1 1 0.0210 0.0043 1 0 166 0 0.7943 0 1 0 0 0 0 0 2 0 0 0 0 0 2 2 3 6 3 4 4 5 8 10 12 
0 11 9954 1 0 0 1 0 0 0 0 0 0 0 2 4 6 80 0.2247 134 70 204 64 1.9143 0 0 1 1 0.0135 0.0070 1 0 54 -10.0000 0.4030 -0.1429 1 0 0 1 0 0 4 0 0 0 0 0 2 2 4 12 4 9 4 8 11 14 16 
0 11 9954 1 0 0 1 0 0 0 0 0 0 0 1 4 5 74 0.2079 243 70 313 173 3.4714 0 0 1 1 0.0244 0.0070 1 0 169 -4.0000 0.6955 -0.0571 1 0 0 0 0 0 4 0 0 0 0 0 2 2 4 5 8 10 4 8 11 14 16 
0 11 9954 1 0 0 1 0 0 0 0 0 0 0 1 4 5 88 0.2472 144 70 214 74 2.0571 0 0 1 1 0.0145 0.0070 1 0 56 -18.0000 0.3889 -0.2571 1 0 0 0 0 1 4 0 0 0 0 0 2 3 4 4 8 10 4 8 11 14 16 
0 11 9954 1 0 0 1 0 0 0 0 0 0 0 1 1 2 46 0.1292 50 28 78 22 1.7857 0 0 1 1 0.0050 0.0028 1 0 4 -18.0000 0.0800 -0.6429 1 0 0 0 0 0 1 0 0 0 0 0 2 2 4 2 4 2 4 8 12 16 20 
0 11 9954 1 0 0 1 0 0 0 0 0 0 0 2 1 3 23 0.0646 90 50 140 40 1.8000 0 0 1 1 0.0090 0.0050 1 1 67 27 0.7444 0.5400 1 0 0 0 0 0 1 0 0 0 0 0 2 0 6 0 6 0 4 6 9 12 15 
0 11 9954 0 1 0 1 0 4 0 4 0 0 0 3 1 4 96 0.2697 147 204 351 57 1.3878 1 0 1.0068 1 0.0148 0.0205 1 1 51 108 0.3469 0.5294 1 0 0 0 0 1 1 0 0 0 1 1 1 0 1 4 1 4 3 6 8 12 15 
1 11 9955 1 0 0 1 0 20 20 40 14 14 28 1 1 2 48 0.1348 154 125 279 29 1.2320 2 0 1.0132 1 0.0155 0.0126 1 1 106 77 0.6883 0.6160 1 0 0 0 0 0 1 0 0 0 0 0 2 1 3 1 6 1 3 6 9 12 15 
0 11 9954 1 0 0 0 1 0 0 0 0 0 0 2 1 3 32 0.0899 90 39 129 51 2.3077 0 0 1 1 0.0090 0.0039 1 1 58 7 0.6444 0.1795 1 0 0 0 0 0 1 0 0 0 0 0 2 0 4 0 4 0 4 8 12 16 20 
0 11 9954 1 0 0 0 1 0 0 0 0 0 0 1 1 2 140 0.3933 170 167 337 3 1.0180 0 0 1 1 0.0171 0.0168 1 1 30 27 0.1765 0.1617 1 0 0 0 0 0 1 0 0 0 0 0 2 0 4 0 4 0 4 8 12 16 20 
0 11 9954 1 0 0 0 1 4 0 4 0 0 0 3 2 5 97 0.2725 147 134 281 13 1.0970 1 0 1.0068 1 0.0148 0.0135 1 1 50 37 0.3401 0.2761 1 0 1 1 0 0 1 2 0 0 0 0 2 0 4 9 3 5 3 5 9 12 15 

0 12 9954 1 0 1 0 0 1 1 2 0.5000 0.5000 1 1 1 2 61 0.1713 108 149 257 41 1.3796 1 0 1.0093 1 0.0108 0.0150 1 1 47 88 0.4352 0.5906 1 0 0 0 0 0 1 0 0 0 0 0 2 1 3 1 3 7 3 7 9 13 12 
0 12 9954 1 0 1 0 0 2 2 4 1 1 2 1 1 2 63 0.1770 208 288 496 80 1.3846 1 0 1.0048 1 0.0209 0.0289 1 1 145 225 0.6971 0.7812 1 0 0 0 0 0 1 0 0 0 0 0 2 1 3 1 3 1 3 6 8 11 13 
0 12 9954 1 0 1 0 0 4 4 8 2 2 4 3 2 5 99 0.2781 147 205 352 58 1.3946 1 0 1.0068 1 0.0148 0.0206 1 1 48 106 0.3265 0.5171 1 0 0 1 0 1 1 1 1 0 0 0 2 1 3 5 3 9 3 6 8 12 15 
0 12 9954 1 0 1 0 0 8 8 16 4 4 8 2 1 3 222 0.6236 357 277 634 80 1.2888 1 0 1.0028 1 0.0359 0.0278 1 1 135 55 0.3782 0.1986 1 1 0 0 0 0 2 0 0 0 0 0 2 3 3 3 3 3 3 6 9 12 16 
0 12 9954 0 1 1 0 0 8 8 16 4 4 8 1 2 3 223 0.6264 278 357 635 79 1.2842 1 1 1.0036 1.0028 0.0279 0.0359 1 1 55 134 0.1978 0.3754 1 0 0 0 0 0 1 0 0 0 0 0 1 0 1 0 2 1 2 5 8 12 16 
0 12 9954 1 0 0 1 0 0 0 0 0 0 0 1 2 3 182 0.5112 212 43 255 169 4.9302 0 0 1 1 0.0213 0.0043 1 0 30 -139.0000 0.1415 -3.2326 1 0 0 0 0 0 2 0 0 0 0 0 2 2 4 2 4 2 4 5 8 10 12 
0 12 9954 1 0 0 1 0 4 0 4 0 0 0 2 4 6 83 0.2331 205 70 275 135 2.9286 0 0 1 1 0.0206 0.0070 1 0 122 -13.0000 0.5951 -0.1857 1 0 0 1 0 1 4 0 0 0 0 0 2 2 4 6 4 10 4 8 11 14 16 
0 12 9954 1 0 0 1 0 0 0 0 0 0 0 1 2 3 43 0.1208 209 43 252 166 4.8605 0 0 1 1 0.0210 0.0043 1 0 166 0 0.7943 0 1 0 0 0 0 0 2 0 0 0 0 0 2 2 3 6 3 4 4 5 8 10 12 
0 12 9954 1 0 0 1 0 0 0 0 0 0 0 2 4 6 80 0.2247 134 70 204 64 1.9143 0 0 1 1 0.0135 0.0070 1 0 54 -10.0000 0.4030 -0.1429 1 0 0 1 0 0 4 0 0 0 0 0 2 2 4 12 4 9 4 8 11 14 16 
0 12 9954 1 0 0 1 0 0 0 0 0 0 0 1 4 5 74 0.2079 243 70 313 173 3.4714 0 0 1 1 0.0244 0.0070 1 0 169 -4.0000 0.6955 -0.0571 1 0 0 0 0 0 4 0 0 0 0 0 2 2 4 5 8 10 4 8 11 14 16 
0 12 9954 1 0 0 1 0 0 0 0 0 0 0 1 4 5 88 0.2472 144 70 214 74 2.0571 0 0 1 1 0.0145 0.0070 1 0 56 -18.0000 0.3889 -0.2571 1 0 0 0 0 1 4 0 0 0 0 0 2 3 4 4 8 10 4 8 11 14 16 
0 12 9954 1 0 0 1 0 0 0 0 0 0 0 1 1 2 46 0.1292 50 28 78 22 1.7857 0 0 1 1 0.0050 0.0028 1 0 4 -18.0000 0.0800 -0.6429 1 0 0 0 0 0 1 0 0 0 0 0 2 2 4 2 4 2 4 8 12 16 20 
0 12 9954 1 0 0 1 0 0 0 0 0 0 0 2 1 3 23 0.0646 90 50 140 40 1.8000 0 0 1 1 0.0090 0.0050 1 1 67 27 0.7444 0.5400 1 0 0 0 0 0 1 0 0 0 0 0 2 0 6 0 6 0 4 6 9 12 15 
0 12 9954 0 1 0 1 0 4 0 4 0 0 0 3 1 4 96 0.2697 147 204 351 57 1.3878 1 0 1.0068 1 0.0148 0.0205 1 1 51 108 0.3469 0.5294 1 0 0 0 0 1 1 0 0 0 1 1 1 0 1 4 1 4 3 6 8 12 15 
1 12 9955 1 0 0 1 0 22 22 44 15.5000 15.5000 31 1 1 2 48 0.1348 154 125 279 29 1.2320 2 0 1.0132 1 0.0155 0.0126 1 1 106 77 0.6883 0.6160 1 0 0 0 0 0 1 0 0 0 0 0 2 1 3 1 6 1 3 6 9 12 15 
0 12 9954 1 0 0 0 1 0 0 0 0 0 0 2 1 3 32 0.0899 90 39 129 51 2.3077 0 0 1 1 0.0090 0.0039 1 1 58 7 0.6444 0.1795 1 0 0 0 0 0 1 0 0 0 0 0 2 0 4 0 4 0 4 8 12 16 20 
0 12 9954 1 0 0 0 1 0 0 0 0 0 0 1 1 2 140 0.3933 170 167 337 3 1.0180 0 0 1 1 0.0171 0.0168 1 1 30 27 0.1765 0.1617 1 0 0 0 0 0 1 0 0 0 0 0 2 0 4 0 4 0 4 8 12 16 20 
0 12 9954 1 0 0 0 1 4 0 4 0 0 0 3 2 5 97 0.2725 147 134 281 13 1.0970 1 0 1.0068 1 0.0148 0.0135 1 1 50 37 0.3401 0.2761 1 0 1 1 0 0 1 2 0 0 0 0 2 0 4 9 3 5 3 5 9 12 15 

0 13 9954 1 0 1 0 0 1 1 2 0.5000 0.5000 1 1 1 2 61 0.1713 108 149 257 41 1.3796 1 0 1.0093 1 0.0108 0.0150 1 1 47 88 0.4352 0.5906 1 0 0 0 0 0 1 0 0 0 0 0 2 1 3 1 3 7 3 7 9 13 12 
0 13 9954 1 0 1 0 0 2 2 4 1 1 2 1 1 2 63 0.1770 208 288 496 80 1.3846 1 0 1.0048 1 0.0209 0.0289 1 1 145 225 0.6971 0.7812 1 0 0 0 0 0 1 0 0 0 0 0 2 1 3 1 3 1 3 6 8 11 13 
0 13 9954 1 0 1 0 0 4 4 8 2 2 4 3 2 5 99 0.2781 147 205 352 58 1.3946 1 0 1.0068 1 0.0148 0.0206 1 1 48 106 0.3265 0.5171 1 0 0 1 0 1 1 1 1 0 0 0 2 1 3 5 3 9 3 6 8 12 15 
0 13 9954 1 0 1 0 0 8 8 16 4 4 8 2 1 3 222 0.6236 357 277 634 80 1.2888 1 0 1.0028 1 0.0359 0.0278 1 1 135 55 0.3782 0.1986 1 1 0 0 0 0 2 0 0 0 0 0 2 3 3 3 3 3 3 6 9 12 16 
0 13 9954 0 1 1 0 0 8 8 16 4 4 8 1 2 3 223 0.6264 278 357 635 79 1.2842 1 1 1.0036 1.0028 0.0279 0.0359 1 1 55 134 0.1978 0.3754 1 0 0 0 0 0 1 0 0 0 0 0 1 0 1 0 2 1 2 5 8 12 16 
0 13 9954 1 0 0 1 0 0 0 0 0 0 0 1 2 3 182 0.5112 212 43 255 169 4.9302 0 0 1 1 0.0213 0.0043 1 0 30 -139.0000 0.1415 -3.2326 1 0 0 0 0 0 2 0 0 0 0 0 2 2 4 2 4 2 4 5 8 10 12 
0 13 9954 1 0 0 1 0 4 0 4 0 0 0 2 4 6 83 0.2331 205 70 275 135 2.9286 0 0 1 1 0.0206 0.0070 1 0 122 -13.0000 0.5951 -0.1857 1 0 0 1 0 1 4 0 0 0 0 0 2 2 4 6 4 10 4 8 11 14 16 
0 13 9954 1 0 0 1 0 0 0 0 0 0 0 1 2 3 43 0.1208 209 43 252 166 4.8605 0 0 1 1 0.0210 0.0043 1 0 166 0 0.7943 0 1 0 0 0 0 0 2 0 0 0 0 0 2 2 3 6 3 4 4 5 8 10 12 
0 13 9954 1 0 0 1 0 0 0 0 0 0 0 2 4 6 80 0.2247 134 70 204 64 1.9143 0 0 1 1 0.0135 0.0070 1 0 54 -10.0000 0.4030 -0.1429 1 0 0 1 0 0 4 0 0 0 0 0 2 2 4 12 4 9 4 8 11 14 16 
0 13 9954 1 0 0 1 0 0 0 0 0 0 0 1 4 5 74 0.2079 243 70 313 173 3.4714 0 0 1 1 0.0244 0.0070 1 0 169 -4.0000 0.6955 -0.0571 1 0 0 0 0 0 4 0 0 0 0 0 2 2 4 5 8 10 4 8 11 14 16 
0 13 9954 1 0 0 1 0 0 0 0 0 0 0 1 4 5 88 0.2472 144 70 214 74 2.0571 0 0 1 1 0.0145 0.0070 1 0 56 -18.0000 0.3889 -0.2571 1 0 0 0 0 1 4 0 0 0 0 0 2 3 4 4 8 10 4 8 11 14 16 
0 13 9954 1 0 0 1 0 0 0 0 0 0 0 1 1 2 46 0.1292 50 28 78 22 1.7857 0 0 1 1 0.0050 0.0028 1 0 4 -18.0000 0.0800 -0.6429 1 0 0 0 0 0 1 0 0 0 0 0 2 2 4 2 4 2 4 8 12 16 20 
0 13 9954 1 0 0 1 0 0 0 0 0 0 0 2 1 3 23 0.0646 90 50 140 40 1.8000 0 0 1 1 0.0090 0.0050 1 1 67 27 0.7444 0.5400 1 0 0 0 0 0 1 0 0 0 0 0 2 0 6 0 6 0 4 6 9 12 15 
0 13 9954 0 1 0 1 0 4 0 4 0 0 0 3 1 4 96 0.2697 147 204 351 57 1.3878 1 0 1.0068 1 0.0148 0.0205 1 1 51 108 0.3469 0.5294 1 0 0 0 0 1 1 0 0 0 1 1 1 0 1 4 1 4 3 6 8 12 15 
1 13 9955 1 0 0 1 0 24 24 48 17 17 34 1 1 2 48 0.1348 154 125 279 29 1.2320 2 0 1.0132 1 0.0155 0.0126 1 1 106 77 0.6883 0.6160 1 0 0 0 0 0 1 0 0 0 0 0 2 1 3 1 6 1 3 6 9 12 15 
0 13 9954 1 0 0 0 1 0 0 0 0 0 0 2 1 3 32 0.0899 90 39 129 51 2.3077 0 0 1 1 0.0090 0.0039 1 1 58 7 0.6444 0.1795 1 0 0 0 0 0 1 0 0 0 0 0 2 0 4 0 4 0 4 8 12 16 20 
0 13 9954 1 0 0 0 1 0 0 0 0 0 0 1 1 2 140 0.3933 170 167 337 3 1.0180 0 0 1 1 0.0171 0.0168 1 1 30 27 0.1765 0.1617 1 0 0 0 0 0 1 0 0 0 0 0 2 0 4 0 4 0 4 8 12 16 20 
0 13 9954 1 0 0 0 1 4 0 4 0 0 0 3 2 5 97 0.2725 147 134 281 13 1.0970 1 0 1.0068 1 0.0148 0.0135 1 1 50 37 0.3401 0.2761 1 0 1 1 0 0 1 2 0 0 0 0 2 0 4 9 3 5 3 5 9 12 15 

0 14 9954 1 0 1 0 0 2 2 4 2.5000 2.5000 5 10 10 20 93 0.2620 167 151 318 16 1.1060 0 0 1 1 0.0168 0.0152 1 1 74 58 0.4431 0.3841 1 0 1 0 1 0 1 2 1 0 0 0 2 0 4 0 4 6 4 6 10 12 16 
0 14 9954 1 0 1 0 0 2 2 4 0.5000 0.5000 1 10 10 20 94 0.2648 167 151 318 16 1.1060 0 0 1 1 0.0168 0.0152 1 1 73 57 0.4371 0.3775 1 0 2 0 0 0 2 2 0 0 0 1 2 0 4 0 4 6 3 7 9 13 12 
0 14 9954 1 0 1 0 0 2 2 4 0 0 0 10 10 20 95 0.2676 167 151 318 16 1.1060 0 0 1 1 0.0168 0.0152 1 1 72 56 0.4311 0.3709 1 0 1 0 1 0 1 2 1 0 1 1 2 0 4 0 4 6 4 6 10 9 13 
0 14 9954 1 0 1 0 0 2 2 4 0 0 0 10 10 20 99 0.2789 167 151 318 16 1.1060 0 0 1 1 0.0168 0.0152 1 1 68 52 0.4072 0.3444 1 0 1 0 1 0 1 1 1 1 2 2 2 0 4 0 4 6 4 6 9 8 11 
0 14 9954 1 0 1 0 0 2 2 4 0 0 0 10 10 20 100 0.2817 167 151 318 16 1.1060 0 0 1 1 0.0168 0.0152 1 1 67 51 0.4012 0.3377 1 0 2 0 1 0 1 2 1 1 0 1 2 0 4 0 4 6 3 6 8 12 11 
0 14 9954 1 0 1 0 0 2 2 4 0 0 0 10 10 20 101 0.2845 167 151 318 16 1.1060 0 0 1 1 0.0168 0.0152 1 1 66 50 0.3952 0.3311 1 0 2 0 2 0 1 2 2 0 0 0 2 0 4 0 4 6 3 5 9 11 15 
0 14 9954 1 0 1 0 0 2 2 4 0 0 0 10 10 20 102 0.2873 167 151 318 16 1.1060 0 0 1 1 0.0168 0.0152 1 1 65 49 0.3892 0.3245 1 0 2 0 1 0 1 2 1 1 0 0 2 0 4 0 4 6 3 6 8 12 14 
0 14 9954 1 0 1 0 0 2 2 4 0 0 0 10 10 20 103 0.2901 167 151 318 16 1.1060 0 0 1 1 0.0168 0.0152 1 1 64 48 0.3832 0.3179 1 0 1 0 1 0 1 1 1 1 1 0 2 0 4 0 4 6 4 6 9 11 15 
0 14 9954 0 1 1 0 0 4 4 8 2 2 4 2 3 5 99 0.2789 205 146 351 59 1.4041 0 0 1 1 0.0206 0.0147 1 1 106 47 0.5171 0.3219 1 0 0 0 0 0 1 0 0 0 1 1 1 0 1 0 6 1 3 5 8 11 14 
0 14 9954 0 1 1 0 0 8 8 16 4 4 8 2 22 24 222 0.6254 356 277 633 79 1.2852 0 0 1 1 0.0358 0.0278 1 1 134 55 0.3764 0.1986 3 0 1 0 0 0 3 2 0 0 1 0 2 0 2 0 2 1 2 5 7 10 14 
0 14 9954 0 1 1 0 0 8 8 16 4 4 8 2 22 24 222 0.6254 356 277 633 79 1.2852 0 0 1 1 0.0358 0.0278 1 1 134 55 0.3764 0.1986 3 0 1 0 0 0 3 2 0 0 1 0 2 0 2 0 2 1 2 5 7 10 14 
0 14 9954 0 1 1 0 0 0 4 4 0 0 0 1 3 4 96 0.2704 204 146 350 58 1.3973 0 0 1 1 0.0205 0.0147 1 1 108 50 0.5294 0.3425 1 0 1 0 0 1 1 1 1 0 0 0 1 0 4 0 2 6 2 4 6 10 13 
0 14 9954 1 0 1 0 0 8 8 16 4 4 8 22 22 44 81 0.2282 277 277 554 0 1 0 0 1 1 0.0278 0.0278 1 1 196 196 0.7076 0.7076 1 0 2 0 2 0 1 2 3 1 0 0 2 0 4 3 9 2 4 6 9 11 13 
0 14 9954 1 0 1 0 0 8 8 16 0 0 0 22 22 44 82 0.2310 277 277 554 0 1 0 0 1 1 0.0278 0.0278 1 1 195 195 0.7040 0.7040 1 0 2 0 2 0 1 3 2 1 0 0 2 0 4 4 4 2 3 6 9 12 14 
0 14 9954 1 0 1 0 0 8 8 16 18 18 36 22 22 44 83 0.2338 277 277 554 0 1 0 0 1 1 0.0278 0.0278 1 1 194 194 0.7004 0.7004 1 0 2 0 1 0 2 2 1 1 1 0 2 0 4 0 4 6 3 6 9 12 15 
0 14 9954 1 0 1 0 0 8 8 16 7 7 14 22 22 44 84 0.2366 277 277 554 0 1 0 0 1 1 0.0278 0.0278 1 1 193 193 0.6968 0.6968 1 0 1 0 1 0 2 1 1 1 1 1 2 0 4 0 4 0 4 6 9 12 14 
0 14 9954 1 0 1 0 0 8 8 16 0 0 0 22 22 44 186 0.5239 277 277 554 0 1 0 0 1 1 0.0278 0.0278 1 1 91 91 0.3285 0.3285 1 0 1 0 1 0 1 1 1 0 0 1 2 0 4 0 4 0 4 6 10 13 14 
0 14 9954 1 0 1 0 0 8 8 16 0 0 0 22 22 44 187 0.5268 277 277 554 0 1 0 0 1 1 0.0278 0.0278 1 1 90 90 0.3249 0.3249 1 0 2 0 0 0 1 2 0 0 1 1 2 0 4 0 4 0 3 7 9 12 14 
0 14 9954 1 0 1 0 0 8 8 16 0 0 0 22 22 44 188 0.5296 277 277 554 0 1 0 0 1 1 0.0278 0.0278 1 1 89 89 0.3213 0.3213 1 0 1 0 1 0 1 1 1 1 1 1 2 0 4 0 4 0 4 6 9 10 14 
0 14 9954 1 0 1 0 0 8 8 16 0 0 0 22 22 44 191 0.5380 277 277 554 0 1 0 0 1 1 0.0278 0.0278 1 1 86 86 0.3105 0.3105 1 0 1 0 1 0 1 1 1 2 3 2 2 0 4 0 4 0 4 7 8 10 11 
0 14 9954 1 0 1 0 0 8 8 16 0 0 0 22 22 44 192 0.5408 277 277 554 0 1 0 0 1 1 0.0278 0.0278 1 1 85 85 0.3069 0.3069 1 0 2 0 1 0 1 2 1 2 2 2 2 0 4 0 4 0 3 6 9 10 12 
0 14 9954 1 0 1 0 0 8 8 16 0 0 0 22 22 44 193 0.5437 277 277 554 0 1 0 0 1 1 0.0278 0.0278 1 1 84 84 0.3032 0.3032 1 0 2 0 2 0 1 2 3 1 1 1 2 0 4 0 4 0 3 5 8 11 13 
0 14 9954 1 0 1 0 0 8 8 16 0 0 0 22 22 44 194 0.5465 277 277 554 0 1 0 0 1 1 0.0278 0.0278 1 1 83 83 0.2996 0.2996 1 0 2 0 2 0 1 3 2 2 0 0 2 0 4 0 4 0 3 5 7 11 14 
0 14 9954 1 0 1 0 0 8 8 16 1 1 2 22 22 44 195 0.5493 277 277 554 0 1 0 0 1 1 0.0278 0.0278 1 1 82 82 0.2960 0.2960 1 0 2 0 2 0 2 2 2 1 1 0 2 0 4 0 4 0 3 5 8 10 14 
0 14 9954 1 0 1 0 0 8 8 16 1 1 2 22 22 44 196 0.5521 277 277 554 0 1 0 0 1 1 0.0278 0.0278 1 1 81 81 0.2924 0.2924 1 0 2 0 1 0 1 3 1 1 1 1 2 0 4 0 4 0 3 6 8 11 13 
0 14 9954 1 0 1 0 0 8 8 16 0 0 0 22 22 44 197 0.5549 277 277 554 0 1 0 0 1 1 0.0278 0.0278 1 1 80 80 0.2888 0.2888 1 0 1 0 1 0 1 1 2 1 1 1 2 0 4 0 4 0 4 6 9 11 13 
0 14 9954 1 0 1 0 0 8 8 16 0 0 0 22 22 44 220 0.6197 277 277 554 0 1 0 0 1 1 0.0278 0.0278 1 1 57 57 0.2058 0.2058 1 0 1 2 1 0 1 3 1 2 0 0 2 0 4 4 4 2 4 7 10 14 16 
0 14 9954 1 0 1 0 0 8 8 16 4 4 8 22 22 44 221 0.6225 277 277 554 0 1 0 0 1 1 0.0278 0.0278 1 1 56 56 0.2022 0.2022 1 2 2 0 1 0 3 2 2 0 0 0 2 2 4 2 4 2 3 6 10 13 16 
0 14 9954 1 0 1 0 0 8 8 16 4 4 8 22 22 44 222 0.6254 277 277 554 0 1 0 0 1 1 0.0278 0.0278 1 1 55 55 0.1986 0.1986 3 0 2 0 1 0 3 3 1 0 0 0 2 2 4 2 4 2 3 6 9 12 16 
0 14 9954 1 0 1 0 0 8 8 16 0 0 0 22 22 44 223 0.6282 277 277 554 0 1 0 0 1 1 0.0278 0.0278 1 1 54 54 0.1949 0.1949 1 0 3 0 1 0 2 3 1 1 0 0 2 0 4 4 4 2 4 6 8 12 16 
0 14 9954 0 1 1 0 0 25 25 50 18 7 25 1 1 2 48 0.1352 153 125 278 28 1.2240 1 0 1.0066 1 0.0154 0.0126 1 1 105 77 0.6863 0.6160 1 0 0 0 0 0 2 1 1 1 1 0 1 0 1 0 4 1 2 4 7 10 14 
0 14 9954 1 0 1 0 0 1 1 2 0.5000 0.5000 1 1 1 2 61 0.1718 108 149 257 41 1.3796 1 0 1.0093 1 0.0108 0.0150 1 1 47 88 0.4352 0.5906 1 0 0 0 0 0 2 2 0 0 0 1 2 1 3 1 3 7 3 7 9 13 12 
1 14 9955 1 0 1 0 0 2 2 4 1 1 2 2 1 3 63 0.1775 289 207 496 82 1.3961 1 0 1.0035 1 0.0290 0.0208 1 1 226 144 0.7820 0.6957 1 0 0 0 0 0 2 2 2 1 1 0 2 1 3 1 3 1 3 5 8 10 14 
1 14 9955 1 0 1 0 0 2 0 2 0 0 0 2 1 3 91 0.2563 289 233 522 56 1.2403 1 0 1.0035 1 0.0290 0.0234 1 1 198 142 0.6851 0.6094 1 0 0 0 0 0 2 3 1 1 0 0 2 0 4 0 4 0 4 6 8 12 16 
0 14 9954 1 0 0 1 0 0 0 0 0 0 0 1 2 3 182 0.5127 212 43 255 169 4.9302 0 0 1 1 0.0213 0.0043 1 0 30 -139.0000 0.1415 -3.2326 1 0 0 0 0 0 2 0 0 0 0 0 2 2 4 2 4 2 4 5 8 10 12 
0 14 9954 1 0 0 1 0 4 0 4 0 0 0 2 4 6 83 0.2338 205 70 275 135 2.9286 0 0 1 1 0.0206 0.0070 1 0 122 -13.0000 0.5951 -0.1857 1 0 0 1 0 1 4 0 0 0 0 0 2 2 4 6 4 10 4 8 11 14 16 
0 14 9954 1 0 0 1 0 0 0 0 0 0 0 1 2 3 43 0.1211 209 43 252 166 4.8605 0 0 1 1 0.0210 0.0043 1 0 166 0 0.7943 0 1 0 0 0 0 0 2 0 0 0 0 0 2 2 3 6 3 4 4 5 8 10 12 
0 14 9954 1 0 0 1 0 0 0 0 0 0 0 2 4 6 80 0.2254 134 70 204 64 1.9143 0 0 1 1 0.0135 0.0070 1 0 54 -10.0000 0.4030 -0.1429 1 0 0 1 0 0 4 0 0 0 0 0 2 2 4 12 4 9 4 8 11 14 16 
0 14 9954 1 0 0 1 0 0 0 0 0 0 0 1 4 5 74 0.2085 243 70 313 173 3.4714 0 0 1 1 0.0244 0.0070 1 0 169 -4.0000 0.6955 -0.0571 1 0 0 0 0 0 4 0 0 0 0 0 2 2 4 5 8 10 4 8 11 14 16 
0 14 9954 1 0 0 1 0 0 0 0 0 0 0 1 4 5 88 0.2479 144 70 214 74 2.0571 0 0 1 1 0.0145 0.0070 1 0 56 -18.0000 0.3889 -0.2571 1 0 0 0 0 1 4 0 0 0 0 0 2 3 4 4 8 10 4 8 11 14 16 
0 14 9954 1 0 0 1 0 0 0 0 0 0 0 1 1 2 46 0.1296 50 28 78 22 1.7857 0 0 1 1 0.0050 0.0028 1 0 4 -18.0000 0.0800 -0.6429 1 0 0 0 0 0 1 0 0 0 0 0 2 2 4 2 4 2 4 8 12 16 20 
0 14 9954 1 0 0 1 0 0 0 0 0 0 0 2 1 3 23 0.0648 90 50 140 40 1.8000 0 0 1 1 0.0090 0.0050 1 1 67 27 0.7444 0.5400 1 0 0 0 0 0 1 0 0 0 0 0 2 0 6 0 6 0 4 6 9 12 15 
0 14 9954 1 0 0 1 0 0 4 4 0 0 0 2 3 5 97 0.2732 134 146 280 12 1.0896 0 0 1 1 0.0135 0.0147 1 1 37 49 0.2761 0.3356 1 0 1 1 0 0 1 2 0 0 0 0 2 0 4 8 4 4 3 5 9 12 15 
0 14 9954 1 0 0 1 0 2 2 4 0 0 0 10 10 20 150 0.4225 167 151 318 16 1.1060 0 0 1 1 0.0168 0.0152 1 1 17 1 0.1018 0.0066 1 0 0 0 0 0 1 0 0 0 0 0 2 1 5 1 7 1 4 8 11 11 14 
0 14 9954 1 0 0 0 1 0 0 0 0 0 0 2 1 3 32 0.0901 90 39 129 51 2.3077 0 0 1 1 0.0090 0.0039 1 1 58 7 0.6444 0.1795 1 0 0 0 0 0 1 0 0 0 0 0 2 0 4 0 4 0 4 8 12 16 20 
0 14 9954 1 0 0 0 1 0 0 0 0 0 0 1 1 2 140 0.3944 170 167 337 3 1.0180 0 0 1 1 0.0171 0.0168 1 1 30 27 0.1765 0.1617 1 0 0 0 0 0 1 0 0 0 0 0 2 0 4 0 4 0 4 8 12 16 20 
0 14 9954 1 0 0 0 1 2 2 4 0 0 0 10 10 20 41 0.1155 167 151 318 16 1.1060 0 0 1 1 0.0168 0.0152 1 1 126 110 0.7545 0.7285 1 0 0 0 0 0 1 0 0 0 0 0 2 0 4 0 4 0 4 8 12 16 18 
0 14 9954 1 0 0 0 1 8 8 16 0 0 0 22 22 44 79 0.2225 277 277 554 0 1 0 0 1 1 0.0278 0.0278 1 1 198 198 0.7148 0.7148 1 0 1 0 1 0 1 1 1 1 2 1 2 0 5 1 7 2 4 6 9 10 12 
0 14 9954 1 0 0 0 1 8 8 16 0 0 0 22 22 44 80 0.2254 277 277 554 0 1 0 0 1 1 0.0278 0.0278 1 1 197 197 0.7112 0.7112 1 0 2 0 1 0 1 2 1 2 1 0 2 0 6 2 7 2 4 8 8 10 14 
0 14 9954 1 0 0 0 1 8 8 16 0 0 0 22 22 44 266 0.7493 277 277 554 0 1 0 0 1 1 0.0278 0.0278 1 1 11 11 0.0397 0.0397 1 0 0 0 0 0 1 0 0 0 0 0 2 0 4 0 4 0 4 8 12 16 20 

0 15 9955 1 0 1 0 0 2 2 4 2.5000 2.5000 5 10 10 20 93 0.2620 167 151 318 16 1.1060 0 0 1 1 0.0168 0.0152 1 1 74 58 0.4431 0.3841 1 0 1 0 1 0 1 2 1 0 0 0 2 0 4 0 4 6 4 6 10 12 16 
0 15 9955 1 0 1 0 0 2 2 4 0.5000 0.5000 1 10 10 20 94 0.2648 167 151 318 16 1.1060 0 0 1 1 0.0168 0.0152 1 1 73 57 0.4371 0.3775 1 0 2 0 0 0 2 2 0 0 0 1 2 0 4 0 4 6 3 7 9 13 12 
0 15 9955 1 0 1 0 0 2 2 4 0 0 0 10 10 20 95 0.2676 167 151 318 16 1.1060 0 0 1 1 0.0168 0.0152 1 1 72 56 0.4311 0.3709 1 0 1 0 1 0 1 2 1 0 1 1 2 0 4 0 4 6 4 6 10 9 13 
0 15 9955 1 0 1 0 0 2 2 4 0 0 0 10 10 20 99 0.2789 167 151 318 16 1.1060 0 0 1 1 0.0168 0.0152 1 1 68 52 0.4072 0.3444 1 0 1 0 1 0 1 1 1 1 2 2 2 0 4 0 4 6 4 6 9 8 11 
0 15 9955 1 0 1 0 0 2 2 4 0 0 0 10 10 20 100 0.2817 167 151 318 16 1.1060 0 0 1 1 0.0168 0.0152 1 1 67 51 0.4012 0.3377 1 0 2 0 1 0 1 2 1 1 0 1 2 0 4 0 4 6 3 6 8 12 11 
0 15 9955 1 0 1 0 0 2 2 4 0 0 0 10 10 20 101 0.2845 167 151 318 16 1.1060 0 0 1 1 0.0168 0.0152 1 1 66 50 0.3952 0.3311 1 0 2 0 2 0 1 2 2 0 0 0 2 0 4 0 4 6 3 5 9 11 15 
0 15 9955 1 0 1 0 0 2 2 4 0 0 0 10 10 20 102 0.2873 167 151 318 16 1.1060 0 0 1 1 0.0168 0.0152 1 1 65 49 0.3892 0.3245 1 0 2 0 1 0 1 2 1 1 0 0 2 0 4 0 4 6 3 6 8 12 14 
0 15 9955 1 0 1 0 0 2 2 4 0 0 0 10 10 20 103 0.2901 167 151 318 16 1.1060 0 0 1 1 0.0168 0.0152 1 1 64 48 0.3832 0.3179 1 0 1 0 1 0 1 1 1 1 1 0 2 0 4 0 4 6 4 6 9 11 15 
0 15 9955 0 1 1 0 0 4 4 8 2 2 4 2 3 5 99 0.2789 205 146 351 59 1.4041 0 0 1 1 0.0206 0.0147 1 1 106 47 0.5171 0.3219 1 0 0 0 0 0 1 0 0 0 1 1 1 0 1 0 6 1 3 5 8 11 14 
0 15 9955 0 1 1 0 0 8 8 16 4 4 8 2 22 24 222 0.6254 356 277 633 79 1.2852 0 0 1 1 0.0358 0.0278 1 1 134 55 0.3764 0.1986 3 0 1 0 0 0 3 2 0 0 1 0 2 0 2 0 2 1 2 5 7 10 14 
0 15 9955 0 1 1 0 0 8 8 16 4 4 8 2 22 24 222 0.6254 356 277 633 79 1.2852 0 0 1 1 0.0358 0.0278 1 1 134 55 0.3764 0.1986 3 0 1 0 0 0 3 2 0 0 1 0 2 0 2 0 2 1 2 5 7 10 14 
0 15 9955 0 1 1 0 0 0 4 4 0 0 0 1 3 4 96 0.2704 204 146 350 58 1.3973 0 0 1 1 0.0205 0.0147 1 1 108 50 0.5294 0.3425 1 0 1 0 0 1 1 1 1 0 0 0 1 0 4 0 2 6 2 4 6 10 13 
0 15 9955 1 0 1 0 0 8 8 16 4 4 8 22 22 44 81 0.2282 277 277 554 0 1 0 0 1 1 0.0278 0.0278 1 1 196 196 0.7076 0.7076 1 0 2 0 2 0 1 2 3 1 0 0 2 0 4 3 9 2 4 6 9 11 13 
0 15 9955 1 0 1 0 0 8 8 16 0 0 0 22 22 44 82 0.2310 277 277 554 0 1 0 0 1 1 0.0278 0.0278 1 1 195 195 0.7040 0.7040 1 0 2 0 2 0 1 3 2 1 0 0 2 0 4 4 4 2 3 6 9 12 14 
0 15 9955 1 0 1 0 0 8 8 16 18 18 36 22 22 44 83 0.2338 277 277 554 0 1 0 0 1 1 0.0278 0.0278 1 1 194 194 0.7004 0.7004 1 0 2 0 1 0 2 2 1 1 1 0 2 0 4 0 4 6 3 6 9 12 15 
0 15 9955 1 0 1 0 0 8 8 16 7 7 14 22 22 44 84 0.2366 277 277 554 0 1 0 0 1 1 0.0278 0.0278 1 1 193 193 0.6968 0.6968 1 0 1 0 1 0 2 1 1 1 1 1 2 0 4 0 4 0 4 6 9 12 14 
0 15 9955 1 0 1 0 0 8 8 16 0 0 0 22 22 44 186 0.5239 277 277 554 0 1 0 0 1 1 0.0278 0.0278 1 1 91 91 0.3285 0.3285 1 0 1 0 1 0 1 1 1 0 0 1 2 0 4 0 4 0 4 6 10 13 14 
0 15 9955 1 0 1 0 0 8 8 16 0 0 0 22 22 44 187 0.5268 277 277 554 0 1 0 0 1 1 0.0278 0.0278 1 1 90 90 0.3249 0.3249 1 0 2 0 0 0 1 2 0 0 1 1 2 0 4 0 4 0 3 7 9 12 14 
0 15 9955 1 0 1 0 0 8 8 16 0 0 0 22 22 44 188 0.5296 277 277 554 0 1 0 0 1 1 0.0278 0.0278 1 1 89 89 0.3213 0.3213 1 0 1 0 1 0 1 1 1 1 1 1 2 0 4 0 4 0 4 6 9 10 14 
0 15 9955 1 0 1 0 0 8 8 16 0 0 0 22 22 44 191 0.5380 277 277 554 0 1 0 0 1 1 0.0278 0.0278 1 1 86 86 0.3105 0.3105 1 0 1 0 1 0 1 1 1 2 3 2 2 0 4 0 4 0 4 7 8 10 11 
0 15 9955 1 0 1 0 0 8 8 16 0 0 0 22 22 44 192 0.5408 277 277 554 0 1 0 0 1 1 0.0278 0.0278 1 1 85 85 0.3069 0.3069 1 0 2 0 1 0 1 2 1 2 2 2 2 0 4 0 4 0 3 6 9 10 12 
0 15 9955 1 0 1 0 0 8 8 16 0 0 0 22 22 44 193 0.5437 277 277 554 0 1 0 0 1 1 0.0278 0.0278 1 1 84 84 0.3032 0.3032 1 0 2 0 2 0 1 2 3 1 1 1 2 0 4 0 4 0 3 5 8 11 13 
0 15 9955 1 0 1 0 0 8 8 16 0 0 0 22 22 44 194 0.5465 277 277 554 0 1 0 0 1 1 0.0278 0.0278 1 1 83 83 0.2996 0.2996 1 0 2 0 2 0 1 3 2 2 0 0 2 0 4 0 4 0 3 5 7 11 14 
0 15 9955 1 0 1 0 0 8 8 16 2 2 4 22 22 44 195 0.5493 277 277 554 0 1 0 0 1 1 0.0278 0.0278 1 1 82 82 0.2960 0.2960 1 0 2 0 2 0 2 2 2 1 1 0 2 0 4 0 4 0 3 5 8 10 14 
0 15 9955 1 0 1 0 0 8 8 16 1 1 2 22 22 44 196 0.5521 277 277 554 0 1 0 0 1 1 0.0278 0.0278 1 1 81 81 0.2924 0.2924 1 0 2 0 1 0 2 2 1 1 1 1 2 0 4 0 4 0 3 6 8 11 13 
0 15 9955 1 0 1 0 0 8 8 16 0 0 0 22 22 44 197 0.5549 277 277 554 0 1 0 0 1 1 0.0278 0.0278 1 1 80 80 0.2888 0.2888 1 0 1 0 1 0 1 2 1 1 1 1 2 0 4 0 4 0 4 6 9 11 13 
0 15 9955 1 0 1 0 0 8 8 16 0 0 0 22 22 44 220 0.6197 277 277 554 0 1 0 0 1 1 0.0278 0.0278 1 1 57 57 0.2058 0.2058 1 0 1 2 1 0 1 3 1 2 0 0 2 0 4 4 4 2 4 7 10 14 16 
0 15 9955 1 0 1 0 0 8 8 16 4 4 8 22 22 44 221 0.6225 277 277 554 0 1 0 0 1 1 0.0278 0.0278 1 1 56 56 0.2022 0.2022 1 2 2 0 1 0 3 2 2 0 0 0 2 2 4 2 4 2 3 6 10 13 16 
0 15 9955 1 0 1 0 0 8 8 16 4 4 8 22 22 44 222 0.6254 277 277 554 0 1 0 0 1 1 0.0278 0.0278 1 1 55 55 0.1986 0.1986 3 0 2 0 1 0 3 3 1 0 0 0 2 2 4 2 4 2 3 6 9 12 16 
0 15 9955 1 0 1 0 0 8 8 16 0 0 0 22 22 44 223 0.6282 277 277 554 0 1 0 0 1 1 0.0278 0.0278 1 1 54 54 0.1949 0.1949 1 0 3 0 1 0 2 3 1 1 0 0 2 0 4 4 4 2 4 6 8 12 16 
0 15 9955 0 1 1 0 0 25 25 50 18 7 25 1 1 2 48 0.1352 153 125 278 28 1.2240 1 0 1.0066 1 0.0154 0.0126 1 1 105 77 0.6863 0.6160 1 0 0 0 0 0 2 1 1 1 1 0 1 0 1 0 4 1 2 4 7 10 14 
0 15 9955 1 0 1 0 0 1 1 2 0.5000 0.5000 1 1 1 2 61 0.1718 108 149 257 41 1.3796 1 0 1.0093 1 0.0108 0.0150 1 1 47 88 0.4352 0.5906 1 0 0 0 0 0 2 2 0 0 0 1 2 1 3 1 3 7 3 7 9 13 12 
1 15 9956 1 0 1 0 0 3 0 3 0 0 0 2 1 3 91 0.2563 289 233 522 56 1.2403 1 0 1.0035 1 0.0290 0.0234 1 1 198 142 0.6851 0.6094 1 0 0 0 0 0 2 3 1 1 0 0 2 0 4 0 4 0 4 6 8 12 16 
0 15 9955 0 1 1 0 0 3 3 6 1 2 3 1 2 3 64 0.1803 208 289 497 81 1.3894 1 1 1.0048 1.0035 0.0209 0.0290 1 1 144 225 0.6923 0.7785 1 0 0 0 0 0 2 1 0 0 1 1 1 0 1 0 1 1 2 5 7 11 13 
0 15 9955 1 0 0 1 0 0 0 0 0 0 0 1 2 3 182 0.5127 212 43 255 169 4.9302 0 0 1 1 0.0213 0.0043 1 0 30 -139.0000 0.1415 -3.2326 1 0 0 0 0 0 2 0 0 0 0 0 2 2 4 2 4 2 4 5 8 10 12 
0 15 9955 1 0 0 1 0 4 0 4 0 0 0 2 4 6 83 0.2338 205 70 275 135 2.9286 0 0 1 1 0.0206 0.0070 1 0 122 -13.0000 0.5951 -0.1857 1 0 0 1 0 1 4 0 0 0 0 0 2 2 4 6 4 10 4 8 11 14 16 
0 15 9955 1 0 0 1 0 0 0 0 0 0 0 1 2 3 43 0.1211 209 43 252 166 4.8605 0 0 1 1 0.0210 0.0043 1 0 166 0 0.7943 0 1 0 0 0 0 0 2 0 0 0 0 0 2 2 3 6 3 4 4 5 8 10 12 
0 15 9955 1 0 0 1 0 0 0 0 0 0 0 2 4 6 80 0.2254 134 70 204 64 1.9143 0 0 1 1 0.0135 0.0070 1 0 54 -10.0000 0.4030 -0.1429 1 0 0 1 0 0 4 0 0 0 0 0 2 2 4 12 4 9 4 8 11 14 16 
0 15 9955 1 0 0 1 0 0 0 0 0 0 0 1 4 5 74 0.2085 243 70 313 173 3.4714 0 0 1 1 0.0244 0.0070 1 0 169 -4.0000 0.6955 -0.0571 1 0 0 0 0 0 4 0 0 0 0 0 2 2 4 5 8 10 4 8 11 14 16 
0 15 9955 1 0 0 1 0 0 0 0 0 0 0 1 4 5 88 0.2479 144 70 214 74 2.0571 0 0 1 1 0.0145 0.0070 1 0 56 -18.0000 0.3889 -0.2571 1 0 0 0 0 1 4 0 0 0 0 0 2 3 4 4 8 10 4 8 11 14 16 
0 15 9955 1 0 0 1 0 0 0 0 0 0 0 1 1 2 46 0.1296 50 28 78 22 1.7857 0 0 1 1 0.0050 0.0028 1 0 4 -18.0000 0.0800 -0.6429 1 0 0 0 0 0 1 0 0 0 0 0 2 2 4 2 4 2 4 8 12 16 20 
0 15 9955 1 0 0 1 0 0 0 0 0 0 0 2 1 3 23 0.0648 90 50 140 40 1.8000 0 0 1 1 0.0090 0.0050 1 1 67 27 0.7444 0.5400 1 0 0 0 0 0 1 0 0 0 0 0 2 0 6 0 6 0 4 6 9 12 15 
0 15 9955 1 0 0 1 0 0 4 4 0 0 0 2 3 5 97 0.2732 134 146 280 12 1.0896 0 0 1 1 0.0135 0.0147 1 1 37 49 0.2761 0.3356 1 0 1 1 0 0 1 2 0 0 0 0 2 0 4 8 4 4 3 5 9 12 15 
0 15 9955 1 0 0 1 0 2 2 4 0 0 0 10 10 20 150 0.4225 167 151 318 16 1.1060 0 0 1 1 0.0168 0.0152 1 1 17 1 0.1018 0.0066 1 0 0 0 0 0 1 0 0 0 0 0 2 1 5 1 7 1 4 8 11 11 14 
0 15 9955 1 0 0 0 1 0 0 0 0 0 0 2 1 3 32 0.0901 90 39 129 51 2.3077 0 0 1 1 0.0090 0.0039 1 1 58 7 0.6444 0.1795 1 0 0 0 0 0 1 0 0 0 0 0 2 0 4 0 4 0 4 8 12 16 20 
0 15 9955 1 0 0 0 1 0 0 0 0 0 0 1 1 2 140 0.3944 170 167 337 3 1.0180 0 0 1 1 0.0171 0.0168 1 1 30 27 0.1765 0.1617 1 0 0 0 0 0 1 0 0 0 0 0 2 0 4 0 4 0 4 8 12 16 20 
0 15 9955 1 0 0 0 1 2 2 4 0 0 0 10 10 20 41 0.1155 167 151 318 16 1.1060 0 0 1 1 0.0168 0.0152 1 1 126 110 0.7545 0.7285 1 0 0 0 0 0 1 0 0 0 0 0 2 0 4 0 4 0 4 8 12 16 18 
0 15 9955 1 0 0 0 1 8 8 16 0 0 0 22 22 44 79 0.2225 277 277 554 0 1 0 0 1 1 0.0278 0.0278 1 1 198 198 0.7148 0.7148 1 0 1 0 1 0 1 1 1 1 2 1 2 0 5 1 7 2 4 6 9 10 12 
0 15 9955 1 0 0 0 1 8 8 16 0 0 0 22 22 44 80 0.2254 277 277 554 0 1 0 0 1 1 0.0278 0.0278 1 1 197 197 0.7112 0.7112 1 0 2 0 1 0 1 2 1 2 1 0 2 0 6 2 7 2 4 8 8 10 14 
0 15 9955 1 0 0 0 1 8 8 16 0 0 0 22 22 44 266 0.7493 277 277 554 0 1 0 0 1 1 0.0278 0.0278 1 1 11 11 0.0397 0.0397 1 0 0 0 0 0 1 0 0 0 0 0 2 0 4 0 4 0 4 8 12 16 20 

0 16 9954 1 0 1 0 0 2 2 4 2.5000 2.5000 5 10 10 20 93 0.2620 167 151 318 16 1.1060 0 0 1 1 0.0168 0.0152 1 1 74 58 0.4431 0.3841 1 0 1 0 1 0 2 1 1 0 0 0 2 0 4 0 4 6 4 6 10 12 16 
0 16 9954 1 0 1 0 0 2 2 4 0.5000 0.5000 1 10 10 20 94 0.2648 167 151 318 16 1.1060 0 0 1 1 0.0168 0.0152 1 1 73 57 0.4371 0.3775 1 0 2 0 0 0 1 3 0 0 0 1 2 0 4 0 4 6 3 7 9 13 12 
0 16 9954 1 0 1 0 0 2 2 4 0 0 0 10 10 20 95 0.2676 167 151 318 16 1.1060 0 0 1 1 0.0168 0.0152 1 1 72 56 0.4311 0.3709 1 0 1 0 1 0 1 1 2 0 1 1 2 0 4 0 4 6 4 6 10 9 13 
0 16 9954 1 0 1 0 0 2 2 4 0 0 0 10 10 20 99 0.2789 167 151 318 16 1.1060 0 0 1 1 0.0168 0.0152 1 1 68 52 0.4072 0.3444 1 0 1 0 1 0 1 1 1 1 2 1 2 0 4 0 4 6 4 6 9 8 11 
0 16 9954 1 0 1 0 0 2 2 4 0 0 0 10 10 20 100 0.2817 167 151 318 16 1.1060 0 0 1 1 0.0168 0.0152 1 1 67 51 0.4012 0.3377 1 0 2 0 1 0 1 2 1 1 0 1 2 0 4 0 4 6 3 6 8 12 11 
0 16 9954 1 0 1 0 0 2 2 4 0 0 0 10 10 20 101 0.2845 167 151 318 16 1.1060 0 0 1 1 0.0168 0.0152 1 1 66 50 0.3952 0.3311 1 0 2 0 2 0 1 2 2 0 0 0 2 0 4 0 4 6 3 5 9 11 15 
0 16 9954 1 0 1 0 0 2 2 4 0 0 0 10 10 20 102 0.2873 167 151 318 16 1.1060 0 0 1 1 0.0168 0.0152 1 1 65 49 0.3892 0.3245 1 0 2 0 1 0 1 2 1 1 0 0 2 0 4 0 4 6 3 6 8 12 14 
0 16 9954 1 0 1 0 0 2 2 4 0 0 0 10 10 20 103 0.2901 167 151 318 16 1.1060 0 0 1 1 0.0168 0.0152 1 1 64 48 0.3832 0.3179 1 0 1 0 1 0 1 1 1 1 1 0 2 0 4 0 4 6 4 6 9 11 15 
0 16 9954 0 1 1 0 0 4 4 8 2 2 4 2 3 5 99 0.2789 205 146 351 59 1.4041 0 0 1 1 0.0206 0.0147 1 1 106 47 0.5171 0.3219 1 0 0 0 0 0 1 0 0 0 1 1 1 0 1 0 6 1 3 5 8 11 14 
0 16 9954 0 1 1 0 0 8 8 16 4 4 8 2 22 24 222 0.6254 356 277 633 79 1.2852 0 0 1 1 0.0358 0.0278 1 1 134 55 0.3764 0.1986 3 0 1 0 0 0 3 2 0 0 1 0 2 0 2 0 2 1 2 5 7 10 14 
0 16 9954 0 1 1 0 0 8 8 16 4 4 8 2 22 24 222 0.6254 356 277 633 79 1.2852 0 0 1 1 0.0358 0.0278 1 1 134 55 0.3764 0.1986 3 0 1 0 0 0 3 2 0 0 1 0 2 0 2 0 2 1 2 5 7 10 14 
0 16 9954 0 1 1 0 0 0 4 4 0 0 0 1 3 4 96 0.2704 204 146 350 58 1.3973 0 0 1 1 0.0205 0.0147 1 1 108 50 0.5294 0.3425 1 0 1 0 0 1 1 1 1 0 0 0 1 0 4 0 2 6 2 4 6 10 13 
0 16 9954 1 0 1 0 0 8 8 16 4 4 8 22 22 44 81 0.2282 277 277 554 0 1 0 0 1 1 0.0278 0.0278 1 1 196 196 0.7076 0.7076 1 0 2 0 2 0 1 2 3 1 0 0 2 0 4 3 9 2 4 6 9 11 13 
0 16 9954 1 0 1 0 0 8 8 16 0 0 0 22 22 44 82 0.2310 277 277 554 0 1 0 0 1 1 0.0278 0.0278 1 1 195 195 0.7040 0.7040 1 0 2 0 2 0 1 3 2 1 0 0 2 0 4 4 4 2 3 6 9 12 14 
0 16 9954 1 0 1 0 0 8 8 16 18 18 36 22 22 44 83 0.2338 277 277 554 0 1 0 0 1 1 0.0278 0.0278 1 1 194 194 0.7004 0.7004 1 0 2 0 1 0 2 2 1 1 1 0 2 0 4 0 4 6 3 6 9 12 15 
0 16 9954 1 0 1 0 0 8 8 16 7 7 14 22 22 44 84 0.2366 277 277 554 0 1 0 0 1 1 0.0278 0.0278 1 1 193 193 0.6968 0.6968 1 0 1 0 1 0 2 1 1 1 1 1 2 0 4 0 4 0 4 6 9 12 14 
0 16 9954 1 0 1 0 0 8 8 16 0 0 0 22 22 44 186 0.5239 277 277 554 0 1 0 0 1 1 0.0278 0.0278 1 1 91 91 0.3285 0.3285 1 0 1 0 1 0 1 1 1 0 0 1 2 0 4 0 4 0 4 6 10 13 14 
0 16 9954 1 0 1 0 0 8 8 16 0 0 0 22 22 44 187 0.5268 277 277 554 0 1 0 0 1 1 0.0278 0.0278 1 1 90 90 0.3249 0.3249 1 0 2 0 0 0 1 2 0 0 1 1 2 0 4 0 4 0 3 7 9 12 14 
0 16 9954 1 0 1 0 0 8 8 16 0 0 0 22 22 44 188 0.5296 277 277 554 0 1 0 0 1 1 0.0278 0.0278 1 1 89 89 0.3213 0.3213 1 0 1 0 1 0 1 1 1 1 1 1 2 0 4 0 4 0 4 6 9 10 14 
0 16 9954 1 0 1 0 0 8 8 16 0 0 0 22 22 44 191 0.5380 277 277 554 0 1 0 0 1 1 0.0278 0.0278 1 1 86 86 0.3105 0.3105 1 0 1 0 1 0 1 1 1 2 3 2 2 0 4 0 4 0 4 7 8 10 11 
0 16 9954 1 0 1 0 0 8 8 16 0 0 0 22 22 44 192 0.5408 277 277 554 0 1 0 0 1 1 0.0278 0.0278 1 1 85 85 0.3069 0.3069 1 0 2 0 1 0 1 2 1 2 2 2 2 0 4 0 4 0 3 6 9 10 12 
0 16 9954 1 0 1 0 0 8 8 16 0 0 0 22 22 44 193 0.5437 277 277 554 0 1 0 0 1 1 0.0278 0.0278 1 1 84 84 0.3032 0.3032 1 0 2 0 2 0 1 2 3 1 1 1 2 0 4 0 4 0 3 5 8 11 13 
0 16 9954 1 0 1 0 0 8 8 16 0 0 0 22 22 44 194 0.5465 277 277 554 0 1 0 0 1 1 0.0278 0.0278 1 1 83 83 0.2996 0.2996 1 0 2 0 2 0 1 3 2 2 0 0 2 0 4 0 4 0 3 5 7 11 14 
0 16 9954 1 0 1 0 0 8 8 16 2 2 4 22 22 44 195 0.5493 277 277 554 0 1 0 0 1 1 0.0278 0.0278 1 1 82 82 0.2960 0.2960 1 0 2 0 2 0 2 2 2 1 1 0 2 0 4 0 4 0 3 5 8 10 14 
0 16 9954 1 0 1 0 0 8 8 16 1 1 2 22 22 44 196 0.5521 277 277 554 0 1 0 0 1 1 0.0278 0.0278 1 1 81 81 0.2924 0.2924 1 0 2 0 1 0 1 3 1 1 1 1 2 0 4 0 4 0 3 6 8 11 13 
0 16 9954 1 0 1 0 0 8 8 16 0 0 0 22 22 44 197 0.5549 277 277 554 0 1 0 0 1 1 0.0278 0.0278 1 1 80 80 0.2888 0.2888 1 0 1 0 1 0 1 1 2 1 1 1 2 0 4 0 4 0 4 6 9 11 13 
0 16 9954 1 0 1 0 0 8 8 16 0 0 0 22 22 44 220 0.6197 277 277 554 0 1 0 0 1 1 0.0278 0.0278 1 1 57 57 0.2058 0.2058 1 0 1 2 1 0 1 3 1 2 0 0 2 0 4 4 4 2 4 7 10 14 16 
0 16 9954 1 0 1 0 0 8 8 16 4 4 8 22 22 44 221 0.6225 277 277 554 0 1 0 0 1 1 0.0278 0.0278 1 1 56 56 0.2022 0.2022 1 2 2 0 1 0 3 2 2 0 0 0 2 2 4 2 4 2 3 6 10 13 16 
0 16 9954 1 0 1 0 0 8 8 16 4 4 8 22 22 44 222 0.6254 277 277 554 0 1 0 0 1 1 0.0278 0.0278 1 1 55 55 0.1986 0.1986 3 0 2 0 1 0 3 3 1 0 0 0 2 2 4 2 4 2 3 6 9 12 16 
0 16 9954 1 0 1 0 0 8 8 16 0 0 0 22 22 44 223 0.6282 277 277 554 0 1 0 0 1 1 0.0278 0.0278 1 1 54 54 0.1949 0.1949 1 0 3 0 1 0 2 3 1 1 0 0 2 0 4 4 4 2 4 6 8 12 16 
0 16 9954 0 1 1 0 0 25 25 50 18 7 25 1 1 2 48 0.1352 153 125 278 28 1.2240 1 0 1.0066 1 0.0154 0.0126 1 1 105 77 0.6863 0.6160 1 0 0 0 0 0 2 1 1 1 1 0 1 0 1 0 4 1 2 4 7 10 14 
0 16 9954 1 0 1 0 0 1 1 2 2.5000 2.5000 5 1 1 2 61 0.1718 150 107 257 43 1.4019 1 0 1.0067 1 0.0151 0.0107 1 1 89 46 0.5933 0.4299 1 0 0 0 0 0 2 1 1 0 0 0 2 1 3 1 3 1 4 6 10 12 16 
1 16 9955 1 0 1 0 0 3 3 6 2 2 4 2 1 3 63 0.1775 289 207 496 82 1.3961 1 0 1.0035 1 0.0290 0.0208 1 1 226 144 0.7820 0.6957 1 0 0 0 0 0 2 2 2 1 1 0 2 1 3 1 3 1 3 5 8 10 14 
1 16 9955 1 0 1 0 0 3 0 3 0 0 0 2 1 3 91 0.2563 289 233 522 56 1.2403 1 0 1.0035 1 0.0290 0.0234 1 1 198 142 0.6851 0.6094 1 0 0 0 0 0 2 3 1 1 0 0 2 0 4 0 4 0 4 6 8 12 16 
0 16 9954 1 0 0 1 0 0 0 0 0 0 0 1 2 3 182 0.5127 212 43 255 169 4.9302 0 0 1 1 0.0213 0.0043 1 0 30 -139.0000 0.1415 -3.2326 1 0 0 0 0 0 2 0 0 0 0 0 2 2 4 2 4 2 4 5 8 10 12 
0 16 9954 1 0 0 1 0 4 0 4 0 0 0 2 4 6 83 0.2338 205 70 275 135 2.9286 0 0 1 1 0.0206 0.0070 1 0 122 -13.0000 0.5951 -0.1857 1 0 0 1 0 1 4 0 0 0 0 0 2 2 4 6 4 10 4 8 11 14 16 
0 16 9954 1 0 0 1 0 0 0 0 0 0 0 1 2 3 43 0.1211 209 43 252 166 4.8605 0 0 1 1 0.0210 0.0043 1 0 166 0 0.7943 0 1 0 0 0 0 0 2 0 0 0 0 0 2 2 3 6 3 4 4 5 8 10 12 
0 16 9954 1 0 0 1 0 0 0 0 0 0 0 2 4 6 80 0.2254 134 70 204 64 1.9143 0 0 1 1 0.0135 0.0070 1 0 54 -10.0000 0.4030 -0.1429 1 0 0 1 0 0 4 0 0 0 0 0 2 2 4 12 4 9 4 8 11 14 16 
0 16 9954 1 0 0 1 0 0 0 0 0 0 0 1 4 5 74 0.2085 243 70 313 173 3.4714 0 0 1 1 0.0244 0.0070 1 0 169 -4.0000 0.6955 -0.0571 1 0 0 0 0 0 4 0 0 0 0 0 2 2 4 5 8 10 4 8 11 14 16 
0 16 9954 1 0 0 1 0 0 0 0 0 0 0 1 4 5 88 0.2479 144 70 214 74 2.0571 0 0 1 1 0.0145 0.0070 1 0 56 -18.0000 0.3889 -0.2571 1 0 0 0 0 1 4 0 0 0 0 0 2 3 4 4 8 10 4 8 11 14 16 
0 16 9954 1 0 0 1 0 0 0 0 0 0 0 1 1 2 46 0.1296 50 28 78 22 1.7857 0 0 1 1 0.0050 0.0028 1 0 4 -18.0000 0.0800 -0.6429 1 0 0 0 0 0 1 0 0 0 0 0 2 2 4 2 4 2 4 8 12 16 20 
0 16 9954 1 0 0 1 0 0 0 0 0 0 0 2 1 3 23 0.0648 90 50 140 40 1.8000 0 0 1 1 0.0090 0.0050 1 1 67 27 0.7444 0.5400 1 0 0 0 0 0 1 0 0 0 0 0 2 0 6 0 6 0 4 6 9 12 15 
0 16 9954 1 0 0 1 0 0 4 4 0 0 0 2 3 5 97 0.2732 134 146 280 12 1.0896 0 0 1 1 0.0135 0.0147 1 1 37 49 0.2761 0.3356 1 0 1 1 0 0 1 2 0 0 0 0 2 0 4 8 4 4 3 5 9 12 15 
0 16 9954 1 0 0 1 0 2 2 4 0 0 0 10 10 20 150 0.4225 167 151 318 16 1.1060 0 0 1 1 0.0168 0.0152 1 1 17 1 0.1018 0.0066 1 0 0 0 0 0 1 0 0 0 0 0 2 1 5 1 7 1 4 8 11 11 14 
0 16 9954 1 0 0 0 1 0 0 0 0 0 0 2 1 3 32 0.0901 90 39 129 51 2.3077 0 0 1 1 0.0090 0.0039 1 1 58 7 0.6444 0.1795 1 0 0 0 0 0 1 0 0 0 0 0 2 0 4 0 4 0 4 8 12 16 20 
0 16 9954 1 0 0 0 1 0 0 0 0 0 0 1 1 2 140 0.3944 170 167 337 3 1.0180 0 0 1 1 0.0171 0.0168 1 1 30 27 0.1765 0.1617 1 0 0 0 0 0 1 0 0 0 0 0 2 0 4 0 4 0 4 8 12 16 20 
0 16 9954 1 0 0 0 1 2 2 4 0 0 0 10 10 20 41 0.1155 167 151 318 16 1.1060 0 0 1 1 0.0168 0.0152 1 1 126 110 0.7545 0.7285 1 0 0 0 0 0 1 0 0 0 0 0 2 0 4 0 4 0 4 8 12 16 18 
0 16 9954 1 0 0 0 1 8 8 16 0 0 0 22 22 44 79 0.2225 277 277 554 0 1 0 0 1 1 0.0278 0.0278 1 1 198 198 0.7148 0.7148 1 0 1 0 1 0 1 1 1 1 2 1 2 0 5 1 7 2 4 6 9 10 12 
0 16 9954 1 0 0 0 1 8 8 16 0 0 0 22 22 44 80 0.2254 277 277 554 0 1 0 0 1 1 0.0278 0.0278 1 1 197 197 0.7112 0.7112 1 0 2 0 1 0 1 2 1 2 1 0 2 0 6 2 7 2 4 8 8 10 14 
0 16 9954 1 0 0 0 1 8 8 16 0 0 0 22 22 44 266 0.7493 277 277 554 0 1 0 0 1 1 0.0278 0.0278 1 1 11 11 0.0397 0.0397 1 0 0 0 0 0 1 0 0 0 0 0 2 0 4 0 4 0 4 8 12 16 20 

0 17 9955 1 0 1 0 0 2 2 4 2.5000 2.5000 5 10 10 20 93 0.2620 167 151 318 16 1.1060 0 0 1 1 0.0168 0.0152 1 1 74 58 0.4431 0.3841 1 0 1 0 1 0 2 1 1 0 0 0 2 0 4 0 4 6 4 6 10 12 16 
0 17 9955 1 0 1 0 0 2 2 4 0.5000 0.5000 1 10 10 20 94 0.2648 167 151 318 16 1.1060 0 0 1 1 0.0168 0.0152 1 1 73 57 0.4371 0.3775 1 0 2 0 0 0 1 3 0 0 0 1 2 0 4 0 4 6 3 7 9 13 12 
0 17 9955 1 0 1 0 0 2 2 4 0 0 0 10 10 20 95 0.2676 167 151 318 16 1.1060 0 0 1 1 0.0168 0.0152 1 1 72 56 0.4311 0.3709 1 0 1 0 1 0 1 1 2 0 1 1 2 0 4 0 4 6 4 6 10 9 13 
0 17 9955 1 0 1 0 0 2 2 4 0 0 0 10 10 20 99 0.2789 167 151 318 16 1.1060 0 0 1 1 0.0168 0.0152 1 1 68 52 0.4072 0.3444 1 0 1 0 1 0 1 1 1 1 2 1 2 0 4 0 4 6 4 6 9 8 11 
0 17 9955 1 0 1 0 0 2 2 4 0 0 0 10 10 20 100 0.2817 167 151 318 16 1.1060 0 0 1 1 0.0168 0.0152 1 1 67 51 0.4012 0.3377 1 0 2 0 1 0 1 2 1 1 0 1 2 0 4 0 4 6 3 6 8 12 11 
0 17 9955 1 0 1 0 0 2 2 4 0 0 0 10 10 20 101 0.2845 167 151 318 16 1.1060 0 0 1 1 0.0168 0.0152 1 1 66 50 0.3952 0.3311 1 0 2 0 2 0 1 2 2 0 0 0 2 0 4 0 4 6 3 5 9 11 15 
0 17 9955 1 0 1 0 0 2 2 4 0 0 0 10 10 20 102 0.2873 167 151 318 16 1.1060 0 0 1 1 0.0168 0.0152 1 1 65 49 0.3892 0.3245 1 0 2 0 1 0 1 2 1 1 0 0 2 0 4 0 4 6 3 6 8 12 14 
0 17 9955 1 0 1 0 0 2 2 4 0 0 0 10 10 20 103 0.2901 167 151 318 16 1.1060 0 0 1 1 0.0168 0.0152 1 1 64 48 0.3832 0.3179 1 0 1 0 1 0 1 1 1 1 1 0 2 0 4 0 4 6 4 6 9 11 15 
0 17 9955 0 1 1 0 0 4 4 8 2 2 4 2 3 5 99 0.2789 205 146 351 59 1.4041 0 0 1 1 0.0206 0.0147 1 1 106 47 0.5171 0.3219 1 0 0 0 0 0 1 0 0 0 1 1 1 0 1 0 6 1 3 5 8 11 14 
0 17 9955 0 1 1 0 0 8 8 16 4 4 8 2 22 24 222 0.6254 356 277 633 79 1.2852 0 0 1 1 0.0358 0.0278 1 1 134 55 0.3764 0.1986 3 0 1 0 0 0 3 2 0 0 1 0 2 0 2 0 2 1 2 5 7 10 14 
0 17 9955 0 1 1 0 0 8 8 16 4 4 8 2 22 24 222 0.6254 356 277 633 79 1.2852 0 0 1 1 0.0358 0.0278 1 1 134 55 0.3764 0.1986 3 0 1 0 0 0 3 2 0 0 1 0 2 0 2 0 2 1 2 5 7 10 14 
0 17 9955 0 1 1 0 0 0 4 4 0 0 0 1 3 4 96 0.2704 204 146 350 58 1.3973 0 0 1 1 0.0205 0.0147 1 1 108 50 0.5294 0.3425 1 0 1 0 0 1 1 1 1 0 0 0 1 0 4 0 2 6 2 4 6 10 13 
0 17 9955 1 0 1 0 0 8 8 16 4 4 8 22 22 44 81 0.2282 277 277 554 0 1 0 0 1 1 0.0278 0.0278 1 1 196 196 0.7076 0.7076 1 0 2 0 2 0 1 2 3 1 0 0 2 0 4 3 9 2 4 6 9 11 13 
0 17 9955 1 0 1 0 0 8 8 16 0 0 0 22 22 44 82 0.2310 277 277 554 0 1 0 0 1 1 0.0278 0.0278 1 1 195 195 0.7040 0.7040 1 0 2 0 2 0 1 3 2 1 0 0 2 0 4 4 4 2 3 6 9 12 14 
0 17 9955 1 0 1 0 0 8 8 16 18 18 36 22 22 44 83 0.2338 277 277 554 0 1 0 0 1 1 0.0278 0.0278 1 1 194 194 0.7004 0.7004 1 0 2 0 1 0 2 2 1 1 1 0 2 0 4 0 4 6 3 6 9 12 15 
0 17 9955 1 0 1 0 0 8 8 16 7 7 14 22 22 44 84 0.2366 277 277 554 0 1 0 0 1 1 0.0278 0.0278 1 1 193 193 0.6968 0.6968 1 0 1 0 1 0 2 1 1 1 1 1 2 0 4 0 4 0 4 6 9 12 14 
0 17 9955 1 0 1 0 0 8 8 16 0 0 0 22 22 44 186 0.5239 277 277 554 0 1 0 0 1 1 0.0278 0.0278 1 1 91 91 0.3285 0.3285 1 0 1 0 1 0 1 1 1 0 0 1 2 0 4 0 4 0 4 6 10 13 14 
0 17 9955 1 0 1 0 0 8 8 16 0 0 0 22 22 44 187 0.5268 277 277 554 0 1 0 0 1 1 0.0278 0.0278 1 1 90 90 0.3249 0.3249 1 0 2 0 0 0 1 2 0 0 1 1 2 0 4 0 4 0 3 7 9 12 14 
0 17 9955 1 0 1 0 0 8 8 16 0 0 0 22 22 44 188 0.5296 277 277 554 0 1 0 0 1 1 0.0278 0.0278 1 1 89 89 0.3213 0.3213 1 0 1 0 1 0 1 1 1 1 1 1 2 0 4 0 4 0 4 6 9 10 14 
0 17 9955 1 0 1 0 0 8 8 16 0 0 0 22 22 44 191 0.5380 277 277 554 0 1 0 0 1 1 0.0278 0.0278 1 1 86 86 0.3105 0.3105 1 0 1 0 1 0 1 1 1 2 3 2 2 0 4 0 4 0 4 7 8 10 11 
0 17 9955 1 0 1 0 0 8 8 16 0 0 0 22 22 44 192 0.5408 277 277 554 0 1 0 0 1 1 0.0278 0.0278 1 1 85 85 0.3069 0.3069 1 0 2 0 1 0 1 2 1 2 2 2 2 0 4 0 4 0 3 6 9 10 12 
0 17 9955 1 0 1 0 0 8 8 16 0 0 0 22 22 44 193 0.5437 277 277 554 0 1 0 0 1 1 0.0278 0.0278 1 1 84 84 0.3032 0.3032 1 0 2 0 2 0 1 2 3 1 1 1 2 0 4 0 4 0 3 5 8 11 13 
0 17 9955 1 0 1 0 0 8 8 16 0 0 0 22 22 44 194 0.5465 277 277 554 0 1 0 0 1 1 0.0278 0.0278 1 1 83 83 0.2996 0.2996 1 0 2 0 2 0 1 3 2 2 0 0 2 0 4 0 4 0 3 5 7 11 14 
0 17 9955 1 0 1 0 0 8 8 16 3 3 6 22 22 44 195 0.5493 277 277 554 0 1 0 0 1 1 0.0278 0.0278 1 1 82 82 0.2960 0.2960 1 0 2 0 2 0 2 2 2 1 1 0 2 0 4 0 4 0 3 5 8 10 14 
0 17 9955 1 0 1 0 0 8 8 16 1 1 2 22 22 44 196 0.5521 277 277 554 0 1 0 0 1 1 0.0278 0.0278 1 1 81 81 0.2924 0.2924 1 0 2 0 1 0 2 2 1 1 1 1 2 0 4 0 4 0 3 6 8 11 13 
0 17 9955 1 0 1 0 0 8 8 16 0 0 0 22 22 44 197 0.5549 277 277 554 0 1 0 0 1 1 0.0278 0.0278 1 1 80 80 0.2888 0.2888 1 0 1 0 1 0 1 2 1 1 1 1 2 0 4 0 4 0 4 6 9 11 13 
0 17 9955 1 0 1 0 0 8 8 16 0 0 0 22 22 44 220 0.6197 277 277 554 0 1 0 0 1 1 0.0278 0.0278 1 1 57 57 0.2058 0.2058 1 0 1 2 1 0 1 3 1 2 0 0 2 0 4 4 4 2 4 7 10 14 16 
0 17 9955 1 0 1 0 0 8 8 16 4 4 8 22 22 44 221 0.6225 277 277 554 0 1 0 0 1 1 0.0278 0.0278 1 1 56 56 0.2022 0.2022 1 2 2 0 1 0 3 2 2 0 0 0 2 2 4 2 4 2 3 6 10 13 16 
0 17 9955 1 0 1 0 0 8 8 16 4 4 8 22 22 44 222 0.6254 277 277 554 0 1 0 0 1 1 0.0278 0.0278 1 1 55 55 0.1986 0.1986 3 0 2 0 1 0 3 3 1 0 0 0 2 2 4 2 4 2 3 6 9 12 16 
0 17 9955 1 0 1 0 0 8 8 16 0 0 0 22 22 44 223 0.6282 277 277 554 0 1 0 0 1 1 0.0278 0.0278 1 1 54 54 0.1949 0.1949 1 0 3 0 1 0 2 3 1 1 0 0 2 0 4 4 4 2 4 6 8 12 16 
0 17 9955 0 1 1 0 0 25 25 50 18 7 25 1 1 2 48 0.1352 153 125 278 28 1.2240 1 0 1.0066 1 0.0154 0.0126 1 1 105 77 0.6863 0.6160 1 0 0 0 0 0 2 1 1 1 1 0 1 0 1 0 4 1 2 4 7 10 14 
0 17 9955 1 0 1 0 0 1 1 2 2.5000 2.5000 5 1 1 2 61 0.1718 150 107 257 43 1.4019 1 0 1.0067 1 0.0151 0.0107 1 1 89 46 0.5933 0.4299 1 0 0 0 0 0 2 1 1 0 0 0 2 1 3 1 3 1 4 6 10 12 16 
1 17 9956 1 0 1 0 0 4 0 4 0 0 0 2 1 3 91 0.2563 289 233 522 56 1.2403 1 0 1.0035 1 0.0290 0.0234 1 1 198 142 0.6851 0.6094 1 0 0 0 0 0 2 3 1 1 0 0 2 0 4 0 4 0 4 6 8 12 16 
0 17 9955 0 1 1 0 0 4 4 8 1 3 4 1 2 3 64 0.1803 208 289 497 81 1.3894 1 1 1.0048 1.0035 0.0209 0.0290 1 1 144 225 0.6923 0.7785 1 0 0 0 0 0 2 1 0 0 1 1 1 0 1 0 1 1 2 5 7 11 13 
0 17 9955 1 0 0 1 0 0 0 0 0 0 0 1 2 3 182 0.5127 212 43 255 169 4.9302 0 0 1 1 0.0213 0.0043 1 0 30 -139.0000 0.1415 -3.2326 1 0 0 0 0 0 2 0 0 0 0 0 2 2 4 2 4 2 4 5 8 10 12 
0 17 9955 1 0 0 1 0 4 0 4 0 0 0 2 4 6 83 0.2338 205 70 275 135 2.9286 0 0 1 1 0.0206 0.0070 1 0 122 -13.0000 0.5951 -0.1857 1 0 0 1 0 1 4 0 0 0 0 0 2 2 4 6 4 10 4 8 11 14 16 
0 17 9955 1 0 0 1 0 0 0 0 0 0 0 1 2 3 43 0.1211 209 43 252 166 4.8605 0 0 1 1 0.0210 0.0043 1 0 166 0 0.7943 0 1 0 0 0 0 0 2 0 0 0 0 0 2 2 3 6 3 4 4 5 8 10 12 
0 17 9955 1 0 0 1 0 0 0 0 0 0 0 2 4 6 80 0.2254 134 70 204 64 1.9143 0 0 1 1 0.0135 0.0070 1 0 54 -10.0000 0.4030 -0.1429 1 0 0 1 0 0 4 0 0 0 0 0 2 2 4 12 4 9 4 8 11 14 16 
0 17 9955 1 0 0 1 0 0 0 0 0 0 0 1 4 5 74 0.2085 243 70 313 173 3.4714 0 0 1 1 0.0244 0.0070 1 0 169 -4.0000 0.6955 -0.0571 1 0 0 0 0 0 4 0 0 0 0 0 2 2 4 5 8 10 4 8 11 14 16 
0 17 9955 1 0 0 1 0 0 0 0 0 0 0 1 4 5 88 0.2479 144 70 214 74 2.0571 0 0 1 1 0.0145 0.0070 1 0 56 -18.0000 0.3889 -0.2571 1 0 0 0 0 1 4 0 0 0 0 0 2 3 4 4 8 10 4 8 11 14 16 
0 17 9955 1 0 0 1 0 0 0 0 0 0 0 1 1 2 46 0.1296 50 28 78 22 1.7857 0 0 1 1 0.0050 0.0028 1 0 4 -18.0000 0.0800 -0.6429 1 0 0 0 0 0 1 0 0 0 0 0 2 2 4 2 4 2 4 8 12 16 20 
0 17 9955 1 0 0 1 0 0 0 0 0 0 0 2 1 3 23 0.0648 90 50 140 40 1.8000 0 0 1 1 0.0090 0.0050 1 1 67 27 0.7444 0.5400 1 0 0 0 0 0 1 0 0 0 0 0 2 0 6 0 6 0 4 6 9 12 15 
0 17 9955 1 0 0 1 0 0 4 4 0 0 0 2 3 5 97 0.2732 134 146 280 12 1.0896 0 0 1 1 0.0135 0.0147 1 1 37 49 0.2761 0.3356 1 0 1 1 0 0 1 2 0 0 0 0 2 0 4 8 4 4 3 5 9 12 15 
0 17 9955 1 0 0 1 0 2 2 4 0 0 0 10 10 20 150 0.4225 167 151 318 16 1.1060 0 0 1 1 0.0168 0.0152 1 1 17 1 0.1018 0.0066 1 0 0 0 0 0 1 0 0 0 0 0 2 1 5 1 7 1 4 8 11 11 14 
0 17 9955 1 0 0 0 1 0 0 0 0 0 0 2 1 3 32 0.0901 90 39 129 51 2.3077 0 0 1 1 0.0090 0.0039 1 1 58 7 0.6444 0.1795 1 0 0 0 0 0 1 0 0 0 0 0 2 0 4 0 4 0 4 8 12 16 20 
0 17 9955 1 0 0 0 1 0 0 0 0 0 0 1 1 2 140 0.3944 170 167 337 3 1.0180 0 0 1 1 0.0171 0.0168 1 1 30 27 0.1765 0.1617 1 0 0 0 0 0 1 0 0 0 0 0 2 0 4 0 4 0 4 8 12 16 20 
0 17 9955 1 0 0 0 1 2 2 4 0 0 0 10 10 20 41 0.1155 167 151 318 16 1.1060 0 0 1 1 0.0168 0.0152 1 1 126 110 0.7545 0.7285 1 0 0 0 0 0 1 0 0 0 0 0 2 0 4 0 4 0 4 8 12 16 18 
0 17 9955 1 0 0 0 1 8 8 16 0 0 0 22 22 44 79 0.2225 277 277 554 0 1 0 0 1 1 0.0278 0.0278 1 1 198 198 0.7148 0.7148 1 0 1 0 1 0 1 1 1 1 2 1 2 0 5 1 7 2 4 6 9 10 12 
0 17 9955 1 0 0 0 1 8 8 16 0 0 0 22 22 44 80 0.2254 277 277 554 0 1 0 0 1 1 0.0278 0.0278 1 1 197 197 0.7112 0.7112 1 0 2 0 1 0 1 2 1 2 1 0 2 0 6 2 7 2 4 8 8 10 14 
0 17 9955 1 0 0 0 1 8 8 16 0 0 0 22 22 44 266 0.7493 277 277 554 0 1 0 0 1 1 0.0278 0.0278 1 1 11 11 0.0397 0.0397 1 0 0 0 0 0 1 0 0 0 0 0 2 0 4 0 4 0 4 8 12 16 20 

