0 1 8244 0 1 1 0 0 0 0 0 0 0 0 1 1 2 46 0.1570 97 93 190 4 1.0430 0 0 1 1 0.0118 0.0113 1 1 51 47 0.5258 0.5054 1 0 0 0 0 0 1 1 0 0 0 0 1 0 1 0 1 0 2 4 6 9 13 
0 1 8244 1 0 1 0 0 0 1 1 0 0 0 1 2 3 63 0.2150 103 85 188 18 1.2118 0 0 1 1 0.0125 0.0103 1 1 40 22 0.3883 0.2588 1 0 0 0 0 0 1 1 0 0 0 0 2 0 4 0 4 0 3 5 8 11 13 
0 1 8244 1 0 1 0 0 0 0 0 0 0 0 2 1 3 131 0.4471 294 204 498 90 1.4412 0 0 1 1 0.0357 0.0247 1 1 163 73 0.5544 0.3578 1 0 0 0 0 0 1 0 0 0 0 0 2 0 4 0 4 0 3 6 8 11 14 
0 1 8244 0 1 1 0 0 0 0 0 0 0 0 1 1 2 69 0.2355 200 188 388 12 1.0638 0 0 1 1 0.0243 0.0228 1 1 131 119 0.6550 0.6330 1 0 0 0 0 0 1 0 0 0 0 0 1 0 1 0 1 1 3 5 7 11 14 
0 1 8244 0 1 1 0 0 0 0 0 0 0 0 1 1 2 31 0.1058 65 56 121 9 1.1607 0 0 1 1 0.0079 0.0068 1 1 34 25 0.5231 0.4464 1 0 0 0 0 0 1 0 0 0 0 0 1 0 1 0 1 1 3 5 8 11 14 
1 1 8245 1 0 1 0 0 1 1 2 1 1 2 1 2 3 128 0.4369 139 85 224 54 1.6353 1 0 1.0072 1 0.0169 0.0103 1 0 11 -43.0000 0.0791 -0.5059 1 0 0 0 0 0 1 0 0 0 0 0 2 2 4 2 4 2 3 6 9 12 15 
0 1 8244 1 0 0 1 0 0 0 0 0 0 0 1 2 3 53 0.1809 129 13 142 116 9.9231 0 0 1 1 0.0156 0.0016 1 0 76 -40.0000 0.5891 -3.0769 1 0 0 0 0 0 2 0 0 0 0 0 2 2 4 2 4 2 4 5 7 9 10 
0 1 8244 1 0 0 1 0 0 0 0 0 0 0 1 2 3 59 0.2014 110 13 123 97 8.4615 0 0 1 1 0.0133 0.0016 1 0 51 -46.0000 0.4636 -3.5385 1 0 0 0 0 0 2 0 0 0 0 0 2 2 4 2 4 2 4 5 7 9 10 
0 1 8244 1 0 0 1 0 0 0 0 0 0 0 1 1 2 119 0.4061 227 145 372 82 1.5655 0 0 1 1 0.0275 0.0176 1 1 108 26 0.4758 0.1793 1 0 0 0 0 0 1 0 0 0 0 0 2 0 4 0 4 0 4 6 9 12 15 
0 1 8244 0 1 0 1 0 0 0 0 0 0 0 2 1 3 15 0.0512 294 52 346 242 5.6538 0 0 1 1 0.0357 0.0063 1 1 279 37 0.9490 0.7115 1 0 0 0 0 0 1 0 0 0 0 0 1 0 1 0 1 1 2 5 7 10 12 

0 2 8245 0 1 1 0 0 0 0 0 0 0 0 1 1 2 46 0.1570 97 93 190 4 1.0430 0 0 1 1 0.0118 0.0113 1 1 51 47 0.5258 0.5054 1 0 0 0 0 0 1 1 0 0 0 0 1 0 1 0 1 0 2 4 6 9 13 
0 2 8245 1 0 1 0 0 0 2 2 0 0 0 1 2 3 63 0.2150 103 85 188 18 1.2118 0 0 1 1 0.0125 0.0103 1 1 40 22 0.3883 0.2588 1 0 0 0 0 0 1 1 0 0 0 0 2 0 4 0 4 0 3 5 8 11 13 
0 2 8245 1 0 1 0 0 0 0 0 0 0 0 2 1 3 131 0.4471 294 204 498 90 1.4412 0 0 1 1 0.0357 0.0247 1 1 163 73 0.5544 0.3578 1 0 0 0 0 0 1 0 0 0 0 0 2 0 4 0 4 0 3 6 8 11 14 
0 2 8245 0 1 1 0 0 0 0 0 0 0 0 1 1 2 69 0.2355 200 188 388 12 1.0638 0 0 1 1 0.0243 0.0228 1 1 131 119 0.6550 0.6330 1 0 0 0 0 0 1 0 0 0 0 0 1 0 1 0 1 1 3 5 7 11 14 
0 2 8245 0 1 1 0 0 0 0 0 0 0 0 1 1 2 31 0.1058 65 56 121 9 1.1607 0 0 1 1 0.0079 0.0068 1 1 34 25 0.5231 0.4464 1 0 0 0 0 0 1 0 0 0 0 0 1 0 1 0 1 1 3 5 8 11 14 
0 2 8245 1 0 0 1 0 0 0 0 0 0 0 1 2 3 53 0.1809 129 13 142 116 9.9231 0 0 1 1 0.0156 0.0016 1 0 76 -40.0000 0.5891 -3.0769 1 0 0 0 0 0 2 0 0 0 0 0 2 2 4 2 4 2 4 5 7 9 10 
0 2 8245 1 0 0 1 0 0 0 0 0 0 0 1 2 3 59 0.2014 110 13 123 97 8.4615 0 0 1 1 0.0133 0.0016 1 0 51 -46.0000 0.4636 -3.5385 1 0 0 0 0 0 2 0 0 0 0 0 2 2 4 2 4 2 4 5 7 9 10 
0 2 8245 1 0 0 1 0 0 0 0 0 0 0 1 1 2 119 0.4061 227 145 372 82 1.5655 0 0 1 1 0.0275 0.0176 1 1 108 26 0.4758 0.1793 1 0 0 0 0 0 1 0 0 0 0 0 2 0 4 0 4 0 4 6 9 12 15 
0 2 8245 0 1 0 1 0 0 0 0 0 0 0 2 1 3 15 0.0512 294 52 346 242 5.6538 0 0 1 1 0.0357 0.0063 1 1 279 37 0.9490 0.7115 1 0 0 0 0 0 1 0 0 0 0 0 1 0 1 0 1 1 2 5 7 10 12 
1 2 8246 1 0 0 1 0 2 2 4 2 2 4 1 2 3 129 0.4403 140 85 225 55 1.6471 2 0 1.0145 1 0.0170 0.0103 1 0 11 -44.0000 0.0786 -0.5176 1 0 0 0 0 0 1 0 0 0 0 0 2 2 4 3 3 3 3 6 9 12 15 

