0 1 9410 1 0 1 0 0 0 0 0 0 0 0 1 1 2 121 0.3758 179 251 430 72 1.4022 0 0 1 1 0.0190 0.0267 1 1 58 130 0.3240 0.5179 1 0 0 0 0 0 2 0 1 1 1 0 2 0 7 0 6 0 4 6 9 11 15 
0 1 9410 1 0 1 0 0 0 0 0 0 0 0 4 4 8 52 0.1615 117 96 213 21 1.2188 0 0 1 1 0.0124 0.0102 1 1 65 44 0.5556 0.4583 1 0 1 0 1 0 1 1 1 1 0 0 2 0 4 4 4 8 4 6 9 12 14 
0 1 9410 1 0 1 0 0 0 0 0 0 0 0 4 4 8 53 0.1646 117 96 213 21 1.2188 0 0 1 1 0.0124 0.0102 1 1 64 43 0.5470 0.4479 1 0 2 0 1 0 1 2 1 0 0 0 2 0 4 4 4 8 3 6 9 12 15 
0 1 9410 1 0 1 0 0 0 0 0 0 0 0 4 4 8 54 0.1677 117 96 213 21 1.2188 0 0 1 1 0.0124 0.0102 1 1 63 42 0.5385 0.4375 1 0 2 0 1 0 1 2 1 0 0 0 2 0 4 4 4 8 3 6 9 12 14 
0 1 9410 1 0 1 0 0 0 0 0 0 0 0 4 4 8 55 0.1708 117 96 213 21 1.2188 0 0 1 1 0.0124 0.0102 1 1 62 41 0.5299 0.4271 1 0 1 0 1 0 1 1 1 1 0 0 2 0 4 4 4 8 4 6 9 11 13 
0 1 9410 0 1 1 0 0 0 0 0 0 0 0 1 3 4 62 0.1925 209 152 361 57 1.3750 0 0 1 1 0.0222 0.0162 1 1 147 90 0.7033 0.5921 1 0 0 0 0 1 1 0 2 0 2 0 1 0 4 0 4 3 2 4 7 10 14 
0 1 9410 1 0 1 0 0 0 0 0 0 0 0 3 1 4 148 0.4596 245 240 485 5 1.0208 0 0 1 1 0.0260 0.0255 1 1 97 92 0.3959 0.3833 1 0 0 0 0 0 2 0 1 1 1 0 2 0 4 0 4 0 4 6 9 11 15 
1 1 9411 1 0 1 0 0 0 0 0 0 0 0 3 2 5 121 0.3758 228 198 426 30 1.1515 0 0 1 1 0.0242 0.0210 1 1 107 77 0.4693 0.3889 1 0 0 0 1 0 1 0 1 0 0 0 2 0 4 0 9 8 4 6 10 13 14 
1 1 9411 1 0 1 0 0 0 0 0 0 0 0 3 2 5 123 0.3820 228 194 422 34 1.1753 0 0 1 1 0.0242 0.0206 1 1 105 71 0.4605 0.3660 1 0 0 0 1 0 1 0 1 0 1 0 2 0 4 3 9 9 4 6 9 10 14 
0 1 9410 1 0 1 0 0 0 0 0 0 0 0 1 3 4 60 0.1863 95 152 247 57 1.6000 0 0 1 1 0.0101 0.0162 1 1 35 92 0.3684 0.6053 1 1 0 1 0 0 2 1 0 0 2 0 2 2 4 6 4 4 4 7 9 12 16 
0 1 9410 0 1 1 0 0 0 0 0 0 0 0 1 1 2 41 0.1273 180 98 278 82 1.8367 0 0 1 1 0.0191 0.0104 1 1 139 57 0.7722 0.5816 1 0 0 0 0 0 1 0 0 0 2 0 1 0 1 0 1 1 2 5 8 10 12 
0 1 9410 0 1 1 0 0 0 0 0 0 0 0 2 4 6 244 0.7578 298 323 621 25 1.0839 0 0 1 1 0.0317 0.0343 1 1 54 79 0.1812 0.2446 1 0 0 0 0 0 1 0 0 0 1 0 1 0 1 0 1 1 2 4 7 10 13 
0 1 9410 1 0 1 0 0 0 0 0 0 0 0 1 4 5 95 0.2950 181 323 504 142 1.7845 0 0 1 1 0.0192 0.0343 1 1 86 228 0.4751 0.7059 1 0 1 0 0 0 1 1 0 0 0 0 2 0 7 0 6 11 4 6 8 11 15 
0 1 9410 1 0 1 0 0 0 0 0 0 0 0 1 4 5 60 0.1863 80 323 403 243 4.0375 0 0 1 1 0.0085 0.0343 1 1 20 263 0.2500 0.8142 1 0 0 0 0 0 1 0 0 0 0 0 2 0 4 0 4 0 4 7 9 11 11 
0 1 9410 1 0 0 1 0 0 0 0 0 0 0 1 3 4 71 0.2205 135 68 203 67 1.9853 0 0 1 1 0.0143 0.0072 1 0 64 -3.0000 0.4741 -0.0441 1 0 0 0 0 0 3 0 0 0 0 0 2 2 6 2 6 8 4 7 10 12 16 
0 1 9410 1 0 0 1 0 0 0 0 0 0 0 1 3 4 116 0.3602 134 68 202 66 1.9706 0 0 1 1 0.0142 0.0072 1 0 18 -48.0000 0.1343 -0.7059 1 0 0 0 0 0 3 0 0 0 0 0 2 2 4 2 4 2 4 7 10 12 16 
0 1 9410 1 0 0 1 0 0 0 0 0 0 0 2 3 5 139 0.4317 194 72 266 122 2.6944 0 0 1 1 0.0206 0.0077 1 0 55 -67.0000 0.2835 -0.9306 1 0 0 0 1 0 3 0 0 0 0 0 2 2 4 2 9 2 4 6 8 10 12 
0 1 9410 1 0 0 1 0 0 0 0 0 0 0 2 2 4 185 0.5745 223 126 349 97 1.7698 0 0 1 1 0.0237 0.0134 1 0 38 -59.0000 0.1704 -0.4683 1 0 0 0 0 0 2 0 0 0 0 0 2 2 4 2 4 2 2 5 6 7 10 
0 1 9410 1 0 0 1 0 0 0 0 0 0 0 2 3 5 266 0.8261 298 72 370 226 4.1389 0 0 1 1 0.0317 0.0077 1 0 32 -194.0000 0.1074 -2.6944 1 0 0 0 0 0 3 0 0 0 0 0 2 2 4 2 4 2 4 6 8 10 12 
0 1 9410 1 0 0 1 0 0 0 0 0 0 0 2 2 4 135 0.4193 163 31 194 132 5.2581 0 0 1 1 0.0173 0.0033 1 0 28 -104.0000 0.1718 -3.3548 1 0 0 0 0 0 1 0 0 0 1 0 2 2 6 2 6 2 4 7 10 13 15 
0 1 9410 1 0 0 1 0 0 0 0 0 0 0 2 3 5 135 0.4193 198 72 270 126 2.7500 0 0 1 1 0.0210 0.0077 1 0 63 -63.0000 0.3182 -0.8750 1 0 0 0 1 0 3 0 0 0 0 0 2 2 4 2 9 2 4 6 8 10 12 
0 1 9410 1 0 0 1 0 0 0 0 0 0 0 3 2 5 191 0.5932 228 126 354 102 1.8095 0 0 1 1 0.0242 0.0134 1 0 37 -65.0000 0.1623 -0.5159 1 0 0 0 0 0 2 0 0 0 0 0 2 2 4 2 4 2 2 5 6 7 10 
0 1 9410 1 0 0 1 0 0 0 0 0 0 0 3 3 6 217 0.6739 245 68 313 177 3.6029 0 0 1 1 0.0260 0.0072 1 0 28 -149.0000 0.1143 -2.1912 1 0 0 0 0 0 3 0 0 0 0 0 2 2 4 2 4 2 4 7 10 12 16 
0 1 9410 1 0 0 1 0 0 0 0 0 0 0 1 1 2 23 0.0714 58 30 88 28 1.9333 0 0 1 1 0.0062 0.0032 1 1 35 7 0.6034 0.2333 1 0 0 0 0 0 1 0 0 0 0 0 2 0 4 0 4 0 3 6 9 13 14 
0 1 9410 0 1 0 1 0 0 0 0 0 0 0 3 2 5 26 0.0807 245 31 276 214 7.9032 0 0 1 1 0.0260 0.0033 1 1 219 5 0.8939 0.1613 1 0 0 0 0 0 1 0 0 0 1 0 1 0 1 0 1 1 3 7 10 11 13 
0 1 9410 0 1 0 1 0 0 0 0 0 0 0 2 3 5 61 0.1894 223 152 375 71 1.4671 0 0 1 1 0.0237 0.0162 1 1 162 91 0.7265 0.5987 1 1 0 0 0 0 2 0 0 2 0 0 1 2 1 1 7 1 2 4 6 10 13 
1 1 9411 1 0 0 1 0 0 0 0 0 0 0 1 1 2 69 0.2143 172 124 296 48 1.3871 0 0 1 1 0.0183 0.0132 1 1 103 55 0.5988 0.4435 1 0 0 0 0 0 1 0 0 0 0 0 2 0 4 0 4 2 3 6 8 11 13 
0 1 9410 1 0 0 0 1 0 0 0 0 0 0 1 2 3 72 0.2236 140 163 303 23 1.1643 0 0 1 1 0.0149 0.0173 1 1 68 91 0.4857 0.5583 1 0 0 0 0 0 1 0 0 0 0 0 2 0 4 0 4 0 4 7 10 13 14 
0 1 9410 1 0 0 0 1 0 0 0 0 0 0 1 4 5 94 0.2919 102 323 425 221 3.1667 0 0 1 1 0.0108 0.0343 1 1 8 229 0.0784 0.7090 1 0 1 0 0 0 1 1 0 0 0 0 2 0 6 6 7 5 4 7 9 12 16 

0 2 9411 1 0 1 0 0 0 0 0 0 0 0 1 1 2 121 0.3758 179 251 430 72 1.4022 0 0 1 1 0.0190 0.0267 1 1 58 130 0.3240 0.5179 1 0 0 0 0 0 2 0 1 1 1 0 2 0 7 0 6 0 4 6 9 11 15 
0 2 9411 1 0 1 0 0 0 0 0 0 0 0 4 4 8 52 0.1615 117 96 213 21 1.2188 0 0 1 1 0.0124 0.0102 1 1 65 44 0.5556 0.4583 1 0 1 0 1 0 1 1 1 1 0 0 2 0 4 4 4 8 4 6 9 12 14 
0 2 9411 1 0 1 0 0 0 0 0 0 0 0 4 4 8 53 0.1646 117 96 213 21 1.2188 0 0 1 1 0.0124 0.0102 1 1 64 43 0.5470 0.4479 1 0 2 0 1 0 1 2 1 0 0 0 2 0 4 4 4 8 3 6 9 12 15 
0 2 9411 1 0 1 0 0 0 0 0 0 0 0 4 4 8 54 0.1677 117 96 213 21 1.2188 0 0 1 1 0.0124 0.0102 1 1 63 42 0.5385 0.4375 1 0 2 0 1 0 1 2 1 0 0 0 2 0 4 4 4 8 3 6 9 12 14 
0 2 9411 1 0 1 0 0 0 0 0 0 0 0 4 4 8 55 0.1708 117 96 213 21 1.2188 0 0 1 1 0.0124 0.0102 1 1 62 41 0.5299 0.4271 1 0 1 0 1 0 1 1 1 1 0 0 2 0 4 4 4 8 4 6 9 11 13 
0 2 9411 0 1 1 0 0 0 0 0 0 0 0 1 3 4 62 0.1925 209 152 361 57 1.3750 0 0 1 1 0.0222 0.0162 1 1 147 90 0.7033 0.5921 1 0 0 0 0 1 1 0 2 0 2 0 1 0 4 0 4 3 2 4 7 10 14 
0 2 9411 1 0 1 0 0 0 0 0 0 0 0 3 1 4 148 0.4596 245 240 485 5 1.0208 0 0 1 1 0.0260 0.0255 1 1 97 92 0.3959 0.3833 1 0 0 0 0 0 2 0 1 1 1 0 2 0 4 0 4 0 4 6 9 11 15 
0 2 9411 1 0 1 0 0 0 0 0 0 0 0 1 3 4 60 0.1863 95 152 247 57 1.6000 0 0 1 1 0.0101 0.0162 1 1 35 92 0.3684 0.6053 1 1 0 1 0 0 2 1 0 0 2 0 2 2 4 6 4 4 4 7 9 12 16 
0 2 9411 0 1 1 0 0 0 0 0 0 0 0 1 1 2 41 0.1273 180 98 278 82 1.8367 0 0 1 1 0.0191 0.0104 1 1 139 57 0.7722 0.5816 1 0 0 0 0 0 1 0 0 0 2 0 1 0 1 0 1 1 2 5 8 10 12 
0 2 9411 0 1 1 0 0 0 0 0 0 0 0 2 4 6 244 0.7578 298 323 621 25 1.0839 0 0 1 1 0.0317 0.0343 1 1 54 79 0.1812 0.2446 1 0 0 0 0 0 1 0 0 0 1 0 1 0 1 0 1 1 2 4 7 10 13 
0 2 9411 1 0 1 0 0 0 0 0 0 0 0 1 4 5 95 0.2950 181 323 504 142 1.7845 0 0 1 1 0.0192 0.0343 1 1 86 228 0.4751 0.7059 1 0 1 0 0 0 1 1 0 0 0 0 2 0 7 0 6 11 4 6 8 11 15 
0 2 9411 1 0 1 0 0 0 0 0 0 0 0 1 4 5 60 0.1863 80 323 403 243 4.0375 0 0 1 1 0.0085 0.0343 1 1 20 263 0.2500 0.8142 1 0 0 0 0 0 1 0 0 0 0 0 2 0 4 0 4 0 4 7 9 11 11 
0 2 9411 0 1 1 0 0 1 0 1 0 0 0 1 2 3 124 0.3851 229 194 423 35 1.1804 1 0 1.0044 1 0.0243 0.0206 1 1 105 70 0.4585 0.3608 1 0 0 0 0 0 1 0 0 0 0 0 1 0 1 5 6 5 2 5 7 11 13 
0 2 9411 1 0 0 1 0 0 0 0 0 0 0 1 3 4 71 0.2205 135 68 203 67 1.9853 0 0 1 1 0.0143 0.0072 1 0 64 -3.0000 0.4741 -0.0441 1 0 0 0 0 0 3 0 0 0 0 0 2 2 6 2 6 8 4 7 10 12 16 
0 2 9411 1 0 0 1 0 0 0 0 0 0 0 1 3 4 116 0.3602 134 68 202 66 1.9706 0 0 1 1 0.0142 0.0072 1 0 18 -48.0000 0.1343 -0.7059 1 0 0 0 0 0 3 0 0 0 0 0 2 2 4 2 4 2 4 7 10 12 16 
0 2 9411 1 0 0 1 0 0 0 0 0 0 0 2 3 5 139 0.4317 194 72 266 122 2.6944 0 0 1 1 0.0206 0.0077 1 0 55 -67.0000 0.2835 -0.9306 1 0 0 0 1 0 3 0 0 0 0 0 2 2 4 2 9 2 4 6 8 10 12 
0 2 9411 1 0 0 1 0 0 0 0 0 0 0 2 1 3 185 0.5745 223 126 349 97 1.7698 0 0 1 1 0.0237 0.0134 1 0 38 -59.0000 0.1704 -0.4683 1 0 0 0 0 0 1 0 0 0 0 0 2 2 4 2 4 2 2 5 6 7 10 
0 2 9411 1 0 0 1 0 0 0 0 0 0 0 2 3 5 266 0.8261 298 72 370 226 4.1389 0 0 1 1 0.0317 0.0077 1 0 32 -194.0000 0.1074 -2.6944 1 0 0 0 0 0 3 0 0 0 0 0 2 2 4 2 4 2 4 6 8 10 12 
0 2 9411 1 0 0 1 0 0 0 0 0 0 0 2 2 4 135 0.4193 163 31 194 132 5.2581 0 0 1 1 0.0173 0.0033 1 0 28 -104.0000 0.1718 -3.3548 1 0 0 0 0 0 1 0 0 0 1 0 2 2 6 2 6 2 4 7 10 13 15 
0 2 9411 1 0 0 1 0 1 0 1 0 0 0 1 3 4 135 0.4193 198 72 270 126 2.7500 0 0 1 1 0.0210 0.0077 1 0 63 -63.0000 0.3182 -0.8750 1 0 0 0 1 0 3 0 0 0 0 0 2 2 4 2 9 2 4 6 8 10 12 
0 2 9411 1 0 0 1 0 0 0 0 0 0 0 3 3 6 217 0.6739 245 68 313 177 3.6029 0 0 1 1 0.0260 0.0072 1 0 28 -149.0000 0.1143 -2.1912 1 0 0 0 0 0 3 0 0 0 0 0 2 2 4 2 4 2 4 7 10 12 16 
0 2 9411 1 0 0 1 0 0 0 0 0 0 0 1 1 2 23 0.0714 58 30 88 28 1.9333 0 0 1 1 0.0062 0.0032 1 1 35 7 0.6034 0.2333 1 0 0 0 0 0 1 0 0 0 0 0 2 0 4 0 4 0 3 6 9 13 14 
0 2 9411 0 1 0 1 0 0 0 0 0 0 0 3 2 5 26 0.0807 245 31 276 214 7.9032 0 0 1 1 0.0260 0.0033 1 1 219 5 0.8939 0.1613 1 0 0 0 0 0 1 0 0 0 1 0 1 0 1 0 1 1 3 7 10 11 13 
0 2 9411 0 1 0 1 0 0 0 0 0 0 0 2 3 5 61 0.1894 223 152 375 71 1.4671 0 0 1 1 0.0237 0.0162 1 1 162 91 0.7265 0.5987 1 1 0 0 0 0 2 0 0 2 0 0 1 2 1 1 7 1 2 4 6 10 13 
1 2 9412 1 0 0 1 0 0 0 0 0 0 0 1 1 2 69 0.2143 172 124 296 48 1.3871 0 0 1 1 0.0183 0.0132 1 1 103 55 0.5988 0.4435 1 0 0 0 0 0 1 0 0 0 0 0 2 0 4 0 4 2 3 6 8 11 13 
0 2 9411 1 0 0 0 1 0 0 0 0 0 0 1 2 3 72 0.2236 140 163 303 23 1.1643 0 0 1 1 0.0149 0.0173 1 1 68 91 0.4857 0.5583 1 0 0 0 0 0 1 0 0 0 0 0 2 0 4 0 4 0 4 7 10 13 14 
0 2 9411 1 0 0 0 1 0 0 0 0 0 0 1 4 5 94 0.2919 102 323 425 221 3.1667 0 0 1 1 0.0108 0.0343 1 1 8 229 0.0784 0.7090 1 0 1 0 0 0 1 1 0 0 0 0 2 0 6 6 7 5 4 7 9 12 16 

0 3 9411 1 0 1 0 0 0 0 0 0 0 0 1 1 2 121 0.3758 179 251 430 72 1.4022 0 0 1 1 0.0190 0.0267 1 1 58 130 0.3240 0.5179 1 0 0 0 0 0 2 0 1 1 1 0 2 0 7 0 6 0 4 6 9 11 15 
0 3 9411 1 0 1 0 0 0 0 0 0 0 0 4 4 8 52 0.1615 117 96 213 21 1.2188 0 0 1 1 0.0124 0.0102 1 1 65 44 0.5556 0.4583 1 0 1 0 1 0 1 1 1 1 0 0 2 0 4 4 4 8 4 6 9 12 14 
0 3 9411 1 0 1 0 0 0 0 0 0 0 0 4 4 8 53 0.1646 117 96 213 21 1.2188 0 0 1 1 0.0124 0.0102 1 1 64 43 0.5470 0.4479 1 0 2 0 1 0 1 2 1 0 0 0 2 0 4 4 4 8 3 6 9 12 15 
0 3 9411 1 0 1 0 0 0 0 0 0 0 0 4 4 8 54 0.1677 117 96 213 21 1.2188 0 0 1 1 0.0124 0.0102 1 1 63 42 0.5385 0.4375 1 0 2 0 1 0 1 2 1 0 0 0 2 0 4 4 4 8 3 6 9 12 14 
0 3 9411 1 0 1 0 0 0 0 0 0 0 0 4 4 8 55 0.1708 117 96 213 21 1.2188 0 0 1 1 0.0124 0.0102 1 1 62 41 0.5299 0.4271 1 0 1 0 1 0 1 1 1 1 0 0 2 0 4 4 4 8 4 6 9 11 13 
0 3 9411 0 1 1 0 0 0 0 0 0 0 0 1 3 4 62 0.1925 209 152 361 57 1.3750 0 0 1 1 0.0222 0.0162 1 1 147 90 0.7033 0.5921 1 0 0 0 0 1 1 0 2 0 2 0 1 0 4 0 4 3 2 4 7 10 14 
0 3 9411 1 0 1 0 0 0 0 0 0 0 0 3 1 4 148 0.4596 245 240 485 5 1.0208 0 0 1 1 0.0260 0.0255 1 1 97 92 0.3959 0.3833 1 0 0 0 0 0 2 0 1 1 1 0 2 0 4 0 4 0 4 6 9 11 15 
1 3 9412 1 0 1 0 0 1 0 1 0 0 0 3 2 5 123 0.3820 228 194 422 34 1.1753 0 0 1 1 0.0242 0.0206 1 1 105 71 0.4605 0.3660 1 0 1 0 0 0 1 1 0 0 1 0 2 0 4 6 6 10 4 6 9 10 14 
0 3 9411 1 0 1 0 0 0 0 0 0 0 0 1 3 4 60 0.1863 95 152 247 57 1.6000 0 0 1 1 0.0101 0.0162 1 1 35 92 0.3684 0.6053 1 1 0 1 0 0 2 1 0 0 2 0 2 2 4 6 4 4 4 7 9 12 16 
0 3 9411 0 1 1 0 0 0 0 0 0 0 0 1 1 2 41 0.1273 180 98 278 82 1.8367 0 0 1 1 0.0191 0.0104 1 1 139 57 0.7722 0.5816 1 0 0 0 0 0 1 0 0 0 2 1 1 0 1 0 1 1 2 5 8 10 12 
0 3 9411 0 1 1 0 0 0 0 0 0 0 0 2 4 6 244 0.7578 298 323 621 25 1.0839 0 0 1 1 0.0317 0.0343 1 1 54 79 0.1812 0.2446 1 0 0 0 0 0 1 0 0 0 1 0 1 0 1 0 1 1 2 4 7 10 13 
0 3 9411 1 0 1 0 0 0 0 0 0 0 0 1 4 5 95 0.2950 181 323 504 142 1.7845 0 0 1 1 0.0192 0.0343 1 1 86 228 0.4751 0.7059 1 0 1 0 0 0 1 1 0 0 0 0 2 0 7 0 6 11 4 6 8 11 15 
0 3 9411 1 0 1 0 0 0 0 0 0 0 0 1 4 5 60 0.1863 80 323 403 243 4.0375 0 0 1 1 0.0085 0.0343 1 1 20 263 0.2500 0.8142 1 0 0 0 0 0 1 0 0 0 0 0 2 0 4 0 4 0 4 7 9 11 11 
0 3 9411 0 1 1 0 0 1 1 2 0 1 1 1 3 4 122 0.3789 199 228 427 29 1.1457 1 0 1.0051 1 0.0211 0.0242 1 1 77 106 0.3869 0.4649 1 0 1 0 0 0 1 1 0 0 0 1 1 0 4 1 2 3 2 5 7 10 12 
0 3 9411 1 0 0 1 0 0 0 0 0 0 0 1 3 4 71 0.2205 135 68 203 67 1.9853 0 0 1 1 0.0143 0.0072 1 0 64 -3.0000 0.4741 -0.0441 1 0 0 0 0 0 3 0 0 0 0 0 2 2 6 2 6 8 4 7 10 12 16 
0 3 9411 1 0 0 1 0 0 0 0 0 0 0 1 3 4 116 0.3602 134 68 202 66 1.9706 0 0 1 1 0.0142 0.0072 1 0 18 -48.0000 0.1343 -0.7059 1 0 0 0 0 0 3 0 0 0 0 0 2 2 4 2 4 2 4 7 10 12 16 
0 3 9411 1 0 0 1 0 0 0 0 0 0 0 2 2 4 139 0.4317 194 72 266 122 2.6944 0 0 1 1 0.0206 0.0077 1 0 55 -67.0000 0.2835 -0.9306 1 0 0 0 0 0 2 0 0 0 0 0 2 2 4 5 4 5 4 6 8 10 12 
0 3 9411 1 0 0 1 0 0 0 0 0 0 0 2 2 4 185 0.5745 223 126 349 97 1.7698 0 0 1 1 0.0237 0.0134 1 0 38 -59.0000 0.1704 -0.4683 1 0 0 0 0 0 2 0 0 0 0 0 2 2 4 2 4 2 2 5 6 7 10 
0 3 9411 1 0 0 1 0 0 0 0 0 0 0 2 2 4 266 0.8261 298 72 370 226 4.1389 0 0 1 1 0.0317 0.0077 1 0 32 -194.0000 0.1074 -2.6944 1 0 0 0 0 0 2 0 0 0 0 0 2 2 4 2 4 2 4 6 8 10 12 
0 3 9411 1 0 0 1 0 0 0 0 0 0 0 2 2 4 135 0.4193 163 31 194 132 5.2581 0 0 1 1 0.0173 0.0033 1 0 28 -104.0000 0.1718 -3.3548 1 0 0 0 0 0 1 0 0 0 1 0 2 2 6 2 6 2 4 7 10 13 15 
0 3 9411 1 0 0 1 0 1 0 1 0 0 0 3 2 5 191 0.5932 228 126 354 102 1.8095 0 0 1 1 0.0242 0.0134 1 0 37 -65.0000 0.1623 -0.5159 1 0 0 0 0 0 2 0 0 0 0 0 2 2 4 2 4 2 2 5 6 7 10 
0 3 9411 1 0 0 1 0 0 0 0 0 0 0 3 3 6 217 0.6739 245 68 313 177 3.6029 0 0 1 1 0.0260 0.0072 1 0 28 -149.0000 0.1143 -2.1912 1 0 0 0 0 0 3 0 0 0 0 0 2 2 4 2 4 2 4 7 10 12 16 
0 3 9411 1 0 0 1 0 0 0 0 0 0 0 1 1 2 23 0.0714 58 30 88 28 1.9333 0 0 1 1 0.0062 0.0032 1 1 35 7 0.6034 0.2333 1 0 0 0 0 0 1 0 0 0 0 0 2 0 4 0 4 0 3 6 9 13 14 
0 3 9411 0 1 0 1 0 0 0 0 0 0 0 3 2 5 26 0.0807 245 31 276 214 7.9032 0 0 1 1 0.0260 0.0033 1 1 219 5 0.8939 0.1613 1 0 0 0 0 0 1 0 0 0 1 0 1 0 1 0 1 1 3 7 10 11 13 
0 3 9411 0 1 0 1 0 0 0 0 0 0 0 2 3 5 61 0.1894 223 152 375 71 1.4671 0 0 1 1 0.0237 0.0162 1 1 162 91 0.7265 0.5987 1 1 0 0 0 0 2 0 0 2 0 0 1 2 1 1 7 1 2 4 6 10 13 
1 3 9412 1 0 0 1 0 0 0 0 0 0 0 1 1 2 69 0.2143 172 124 296 48 1.3871 0 0 1 1 0.0183 0.0132 1 1 103 55 0.5988 0.4435 1 0 0 0 0 0 1 0 0 0 0 0 2 0 4 0 4 2 3 6 8 11 13 
0 3 9411 1 0 0 0 1 0 0 0 0 0 0 1 2 3 72 0.2236 140 163 303 23 1.1643 0 0 1 1 0.0149 0.0173 1 1 68 91 0.4857 0.5583 1 0 0 0 0 0 1 0 0 0 0 0 2 0 4 0 4 0 4 7 10 13 14 
0 3 9411 1 0 0 0 1 0 0 0 0 0 0 1 4 5 94 0.2919 102 323 425 221 3.1667 0 0 1 1 0.0108 0.0343 1 1 8 229 0.0784 0.7090 1 0 1 0 0 0 1 1 0 0 0 0 2 0 6 6 7 5 4 7 9 12 16 

0 4 9413 1 0 1 0 0 0 0 0 0 0 0 1 1 2 121 0.3758 179 251 430 72 1.4022 0 0 1 1 0.0190 0.0267 1 1 58 130 0.3240 0.5179 1 0 0 0 0 0 2 0 1 1 1 0 2 0 7 0 6 0 4 6 9 11 15 
0 4 9413 1 0 1 0 0 0 0 0 0 0 0 4 4 8 52 0.1615 117 96 213 21 1.2188 0 0 1 1 0.0124 0.0102 1 1 65 44 0.5556 0.4583 1 0 1 0 1 0 1 1 1 1 0 0 2 0 4 4 4 8 4 6 9 12 14 
0 4 9413 1 0 1 0 0 0 0 0 0 0 0 4 4 8 53 0.1646 117 96 213 21 1.2188 0 0 1 1 0.0124 0.0102 1 1 64 43 0.5470 0.4479 1 0 2 0 1 0 1 2 1 0 0 0 2 0 4 4 4 8 3 6 9 12 15 
0 4 9413 1 0 1 0 0 0 0 0 0 0 0 4 4 8 54 0.1677 117 96 213 21 1.2188 0 0 1 1 0.0124 0.0102 1 1 63 42 0.5385 0.4375 1 0 2 0 1 0 1 2 1 0 0 0 2 0 4 4 4 8 3 6 9 12 14 
0 4 9413 1 0 1 0 0 0 0 0 0 0 0 4 4 8 55 0.1708 117 96 213 21 1.2188 0 0 1 1 0.0124 0.0102 1 1 62 41 0.5299 0.4271 1 0 1 0 1 0 1 1 1 1 0 0 2 0 4 4 4 8 4 6 9 11 13 
0 4 9413 0 1 1 0 0 0 0 0 0 0 0 1 3 4 62 0.1925 209 152 361 57 1.3750 0 0 1 1 0.0222 0.0161 1 1 147 90 0.7033 0.5921 1 0 0 0 0 1 1 0 2 0 2 0 1 0 4 0 4 3 2 4 7 10 14 
0 4 9413 1 0 1 0 0 0 0 0 0 0 0 3 1 4 148 0.4596 245 240 485 5 1.0208 0 0 1 1 0.0260 0.0255 1 1 97 92 0.3959 0.3833 1 0 0 0 0 0 2 0 1 1 1 0 2 0 4 0 4 0 4 6 9 11 15 
0 4 9413 1 0 1 0 0 0 0 0 0 0 0 1 3 4 60 0.1863 95 152 247 57 1.6000 0 0 1 1 0.0101 0.0161 1 1 35 92 0.3684 0.6053 1 1 0 1 0 0 2 1 0 0 2 0 2 2 4 6 4 4 4 7 9 12 16 
0 4 9413 0 1 1 0 0 0 0 0 0 0 0 1 1 2 41 0.1273 180 98 278 82 1.8367 0 0 1 1 0.0191 0.0104 1 1 139 57 0.7722 0.5816 1 0 0 0 0 0 1 0 0 0 1 1 1 0 1 0 1 1 2 5 8 10 12 
0 4 9413 0 1 1 0 0 0 0 0 0 0 0 2 4 6 244 0.7578 298 323 621 25 1.0839 0 0 1 1 0.0317 0.0343 1 1 54 79 0.1812 0.2446 1 0 0 0 0 0 1 0 0 0 1 0 1 0 1 0 1 1 2 4 7 10 13 
0 4 9413 1 0 1 0 0 0 0 0 0 0 0 1 4 5 95 0.2950 181 323 504 142 1.7845 0 0 1 1 0.0192 0.0343 1 1 86 228 0.4751 0.7059 1 0 1 0 0 0 1 1 0 0 0 0 2 0 7 0 6 11 4 6 8 11 15 
0 4 9413 1 0 1 0 0 0 0 0 0 0 0 1 4 5 60 0.1863 80 323 403 243 4.0375 0 0 1 1 0.0085 0.0343 1 1 20 263 0.2500 0.8142 1 0 0 0 0 0 1 0 0 0 0 0 2 0 4 0 4 0 4 7 9 11 11 
0 4 9413 0 1 1 0 0 1 2 3 0 1 1 1 2 3 122 0.3789 199 228 427 29 1.1457 1 0 1.0051 1 0.0211 0.0242 1 1 77 106 0.3869 0.4649 1 0 0 0 0 0 1 0 0 0 0 1 1 0 2 4 2 3 2 5 7 10 12 
0 4 9413 1 0 1 0 0 1 0 1 1 1 2 1 1 2 126 0.3913 195 175 370 20 1.1143 1 0 1.0052 1 0.0207 0.0186 1 1 69 49 0.3538 0.2800 1 0 0 0 1 0 2 0 0 0 0 0 2 0 4 0 10 6 4 6 10 13 14 
0 4 9413 1 0 0 1 0 0 0 0 0 0 0 1 3 4 71 0.2205 135 68 203 67 1.9853 0 0 1 1 0.0143 0.0072 1 0 64 -3.0000 0.4741 -0.0441 1 0 0 0 0 0 3 0 0 0 0 0 2 2 6 2 6 8 4 7 10 12 16 
0 4 9413 1 0 0 1 0 0 0 0 0 0 0 1 3 4 116 0.3602 134 68 202 66 1.9706 0 0 1 1 0.0142 0.0072 1 0 18 -48.0000 0.1343 -0.7059 1 0 0 0 0 0 3 0 0 0 0 0 2 2 4 2 4 2 4 7 10 12 16 
0 4 9413 1 0 0 1 0 0 0 0 0 0 0 2 2 4 185 0.5745 223 126 349 97 1.7698 0 0 1 1 0.0237 0.0134 1 0 38 -59.0000 0.1704 -0.4683 1 0 0 0 0 0 2 0 0 0 0 0 2 2 4 2 4 2 2 5 6 7 10 
0 4 9413 1 0 0 1 0 0 0 0 0 0 0 2 1 3 266 0.8261 298 72 370 226 4.1389 0 0 1 1 0.0317 0.0076 1 0 32 -194.0000 0.1074 -2.6944 1 0 0 0 0 0 1 0 0 0 0 0 2 2 4 2 4 2 4 6 8 10 12 
0 4 9413 1 0 0 1 0 0 0 0 0 0 0 2 2 4 135 0.4193 163 31 194 132 5.2581 0 0 1 1 0.0173 0.0033 1 0 28 -104.0000 0.1718 -3.3548 1 0 0 0 0 0 1 0 0 0 1 0 2 2 6 2 6 2 4 7 10 13 15 
0 4 9413 1 0 0 1 0 2 0 2 0 0 0 2 2 4 191 0.5932 228 126 354 102 1.8095 0 0 1 1 0.0242 0.0134 1 0 37 -65.0000 0.1623 -0.5159 1 0 0 0 0 0 2 0 0 0 0 0 2 2 4 2 4 2 2 5 6 7 10 
0 4 9413 1 0 0 1 0 0 0 0 0 0 0 3 3 6 217 0.6739 245 68 313 177 3.6029 0 0 1 1 0.0260 0.0072 1 0 28 -149.0000 0.1143 -2.1912 1 0 0 0 0 0 3 0 0 0 0 0 2 2 4 2 4 2 4 7 10 12 16 
0 4 9413 1 0 0 1 0 0 0 0 0 0 0 1 1 2 23 0.0714 58 30 88 28 1.9333 0 0 1 1 0.0062 0.0032 1 1 35 7 0.6034 0.2333 1 0 0 0 0 0 1 0 0 0 0 0 2 0 4 0 4 0 3 6 9 13 14 
0 4 9413 0 1 0 1 0 0 0 0 0 0 0 3 2 5 26 0.0807 245 31 276 214 7.9032 0 0 1 1 0.0260 0.0033 1 1 219 5 0.8939 0.1613 1 0 0 0 0 0 1 0 0 0 1 0 1 0 1 0 1 1 3 7 10 11 13 
0 4 9413 0 1 0 1 0 0 0 0 0 0 0 2 3 5 61 0.1894 223 152 375 71 1.4671 0 0 1 1 0.0237 0.0161 1 1 162 91 0.7265 0.5987 1 1 0 0 0 0 2 0 0 2 0 0 1 2 1 1 7 1 2 4 6 10 13 
1 4 9414 1 0 0 1 0 1 1 2 1 1 2 1 1 2 69 0.2143 172 124 296 48 1.3871 0 0 1 1 0.0183 0.0132 1 1 103 55 0.5988 0.4435 1 0 0 0 0 0 1 0 0 0 0 0 2 0 4 0 4 2 3 6 8 11 13 
0 4 9413 1 0 0 0 1 0 0 0 0 0 0 1 2 3 72 0.2236 140 163 303 23 1.1643 0 0 1 1 0.0149 0.0173 1 1 68 91 0.4857 0.5583 1 0 0 0 0 0 1 0 0 0 0 0 2 0 4 0 4 0 4 7 10 13 14 
0 4 9413 1 0 0 0 1 0 0 0 0 0 0 1 4 5 94 0.2919 102 323 425 221 3.1667 0 0 1 1 0.0108 0.0343 1 1 8 229 0.0784 0.7090 1 0 1 0 0 0 1 1 0 0 0 0 2 0 6 6 7 5 4 7 9 12 16 

0 5 9412 1 0 1 0 0 0 0 0 0 0 0 1 1 2 121 0.3758 179 251 430 72 1.4022 0 0 1 1 0.0190 0.0267 1 1 58 130 0.3240 0.5179 1 0 0 0 0 0 2 0 1 1 1 0 2 0 7 0 6 0 4 6 9 11 15 
0 5 9412 1 0 1 0 0 0 0 0 0 0 0 4 4 8 52 0.1615 117 96 213 21 1.2188 0 0 1 1 0.0124 0.0102 1 1 65 44 0.5556 0.4583 1 0 1 0 1 0 1 1 1 1 0 0 2 0 4 4 4 8 4 6 9 12 14 
0 5 9412 1 0 1 0 0 0 0 0 0 0 0 4 4 8 53 0.1646 117 96 213 21 1.2188 0 0 1 1 0.0124 0.0102 1 1 64 43 0.5470 0.4479 1 0 2 0 1 0 1 2 1 0 0 0 2 0 4 4 4 8 3 6 9 12 15 
0 5 9412 1 0 1 0 0 0 0 0 0 0 0 4 4 8 54 0.1677 117 96 213 21 1.2188 0 0 1 1 0.0124 0.0102 1 1 63 42 0.5385 0.4375 1 0 2 0 1 0 1 2 1 0 0 0 2 0 4 4 4 8 3 6 9 12 14 
0 5 9412 1 0 1 0 0 0 0 0 0 0 0 4 4 8 55 0.1708 117 96 213 21 1.2188 0 0 1 1 0.0124 0.0102 1 1 62 41 0.5299 0.4271 1 0 1 0 1 0 1 1 1 1 0 0 2 0 4 4 4 8 4 6 9 11 13 
0 5 9412 0 1 1 0 0 0 0 0 0 0 0 1 3 4 62 0.1925 209 152 361 57 1.3750 0 0 1 1 0.0222 0.0161 1 1 147 90 0.7033 0.5921 1 0 0 0 0 1 1 0 2 0 2 0 1 0 4 0 4 3 2 4 7 10 14 
0 5 9412 1 0 1 0 0 0 0 0 0 0 0 3 1 4 148 0.4596 245 240 485 5 1.0208 0 0 1 1 0.0260 0.0255 1 1 97 92 0.3959 0.3833 1 0 0 0 0 0 2 0 1 1 1 0 2 0 4 0 4 0 4 6 9 11 15 
0 5 9412 1 0 1 0 0 0 0 0 0 0 0 1 3 4 60 0.1863 95 152 247 57 1.6000 0 0 1 1 0.0101 0.0161 1 1 35 92 0.3684 0.6053 1 1 0 1 0 0 2 1 0 0 2 0 2 2 4 6 4 4 4 7 9 12 16 
0 5 9412 0 1 1 0 0 0 0 0 0 0 0 1 1 2 41 0.1273 180 98 278 82 1.8367 0 0 1 1 0.0191 0.0104 1 1 139 57 0.7722 0.5816 1 0 0 0 0 0 1 0 0 0 2 1 1 0 1 0 1 1 2 5 8 10 12 
0 5 9412 0 1 1 0 0 0 0 0 0 0 0 2 4 6 244 0.7578 298 323 621 25 1.0839 0 0 1 1 0.0317 0.0343 1 1 54 79 0.1812 0.2446 1 0 0 0 0 0 1 0 0 0 1 0 1 0 1 0 1 1 2 4 7 10 13 
0 5 9412 1 0 1 0 0 0 0 0 0 0 0 1 4 5 95 0.2950 181 323 504 142 1.7845 0 0 1 1 0.0192 0.0343 1 1 86 228 0.4751 0.7059 1 0 1 0 0 0 1 1 0 0 0 0 2 0 7 0 6 11 4 6 8 11 15 
0 5 9412 1 0 1 0 0 0 0 0 0 0 0 1 4 5 60 0.1863 80 323 403 243 4.0375 0 0 1 1 0.0085 0.0343 1 1 20 263 0.2500 0.8142 1 0 0 0 0 0 1 0 0 0 0 0 2 0 4 0 4 0 4 7 9 11 11 
0 5 9412 0 1 1 0 0 2 1 3 0 1 1 2 2 4 124 0.3851 229 194 423 35 1.1804 1 0 1.0044 1 0.0243 0.0206 1 1 105 70 0.4585 0.3608 1 0 1 0 0 0 2 0 0 0 0 0 1 0 1 9 2 6 2 5 7 11 13 
0 5 9412 1 0 0 1 0 0 0 0 0 0 0 1 3 4 71 0.2205 135 68 203 67 1.9853 0 0 1 1 0.0143 0.0072 1 0 64 -3.0000 0.4741 -0.0441 1 0 0 0 0 0 3 0 0 0 0 0 2 2 6 2 6 8 4 7 10 12 16 
0 5 9412 1 0 0 1 0 0 0 0 0 0 0 1 3 4 116 0.3602 134 68 202 66 1.9706 0 0 1 1 0.0142 0.0072 1 0 18 -48.0000 0.1343 -0.7059 1 0 0 0 0 0 3 0 0 0 0 0 2 2 4 2 4 2 4 7 10 12 16 
0 5 9412 1 0 0 1 0 1 0 1 0 0 0 2 2 4 139 0.4317 194 72 266 122 2.6944 0 0 1 1 0.0206 0.0076 1 0 55 -67.0000 0.2835 -0.9306 1 0 0 0 0 0 2 0 0 0 0 0 2 2 4 5 4 5 4 6 8 10 12 
0 5 9412 1 0 0 1 0 0 0 0 0 0 0 2 1 3 185 0.5745 223 126 349 97 1.7698 0 0 1 1 0.0237 0.0134 1 0 38 -59.0000 0.1704 -0.4683 1 0 0 0 0 0 1 0 0 0 0 0 2 2 4 2 4 2 2 5 6 7 10 
0 5 9412 1 0 0 1 0 0 0 0 0 0 0 2 2 4 266 0.8261 298 72 370 226 4.1389 0 0 1 1 0.0317 0.0076 1 0 32 -194.0000 0.1074 -2.6944 1 0 0 0 0 0 2 0 0 0 0 0 2 2 4 2 4 2 4 6 8 10 12 
0 5 9412 1 0 0 1 0 0 0 0 0 0 0 2 2 4 135 0.4193 163 31 194 132 5.2581 0 0 1 1 0.0173 0.0033 1 0 28 -104.0000 0.1718 -3.3548 1 0 0 0 0 0 1 0 0 0 1 0 2 2 6 2 6 2 4 7 10 13 15 
0 5 9412 1 0 0 1 0 0 0 0 0 0 0 3 3 6 217 0.6739 245 68 313 177 3.6029 0 0 1 1 0.0260 0.0072 1 0 28 -149.0000 0.1143 -2.1912 1 0 0 0 0 0 3 0 0 0 0 0 2 2 4 2 4 2 4 7 10 12 16 
0 5 9412 1 0 0 1 0 0 0 0 0 0 0 1 1 2 23 0.0714 58 30 88 28 1.9333 0 0 1 1 0.0062 0.0032 1 1 35 7 0.6034 0.2333 1 0 0 0 0 0 1 0 0 0 0 0 2 0 4 0 4 0 3 6 9 13 14 
0 5 9412 0 1 0 1 0 0 0 0 0 0 0 3 2 5 26 0.0807 245 31 276 214 7.9032 0 0 1 1 0.0260 0.0033 1 1 219 5 0.8939 0.1613 1 0 0 0 0 0 1 0 0 0 1 0 1 0 1 0 1 1 3 7 10 11 13 
0 5 9412 0 1 0 1 0 0 0 0 0 0 0 2 3 5 61 0.1894 223 152 375 71 1.4671 0 0 1 1 0.0237 0.0161 1 1 162 91 0.7265 0.5987 1 1 0 0 0 0 2 0 0 2 0 0 1 2 1 1 7 1 2 4 6 10 13 
1 5 9413 1 0 0 1 0 1 1 2 1 1 2 1 1 2 69 0.2143 172 124 296 48 1.3871 0 0 1 1 0.0183 0.0132 1 1 103 55 0.5988 0.4435 1 0 0 0 0 0 1 0 0 0 0 0 2 0 4 0 4 2 3 6 8 11 13 
0 5 9412 0 1 0 1 0 2 1 3 1 0 1 2 1 3 122 0.3789 229 199 428 30 1.1508 1 1 1.0044 1.0051 0.0243 0.0211 1 1 107 77 0.4672 0.3869 1 0 0 0 0 0 1 0 0 0 1 0 1 0 1 0 6 2 3 5 8 12 14 
0 5 9412 1 0 0 0 1 0 0 0 0 0 0 1 2 3 72 0.2236 140 163 303 23 1.1643 0 0 1 1 0.0149 0.0173 1 1 68 91 0.4857 0.5583 1 0 0 0 0 0 1 0 0 0 0 0 2 0 4 0 4 0 4 7 10 13 14 
0 5 9412 1 0 0 0 1 0 0 0 0 0 0 1 4 5 94 0.2919 102 323 425 221 3.1667 0 0 1 1 0.0108 0.0343 1 1 8 229 0.0784 0.7090 1 0 1 0 0 0 1 1 0 0 0 0 2 0 6 6 7 5 4 7 9 12 16 

0 6 9412 1 0 0 1 0 0 0 0 0 0 0 1 3 4 71 0.2191 135 68 203 67 1.9853 0 0 1 1 0.0143 0.0072 1 0 64 -3.0000 0.4741 -0.0441 1 0 0 0 0 0 3 0 0 0 0 0 2 2 6 2 6 8 4 7 10 12 16 
0 6 9412 1 0 0 1 0 0 0 0 0 0 0 1 3 4 116 0.3580 134 68 202 66 1.9706 0 0 1 1 0.0142 0.0072 1 0 18 -48.0000 0.1343 -0.7059 1 0 0 0 0 0 3 0 0 0 0 0 2 2 4 2 4 2 4 7 10 12 16 
0 6 9412 1 0 0 1 0 2 0 2 0 0 0 1 3 4 139 0.4290 194 72 266 122 2.6944 0 0 1 1 0.0206 0.0076 1 0 55 -67.0000 0.2835 -0.9306 1 0 0 0 1 0 3 0 0 0 0 0 2 2 4 2 9 2 4 6 8 10 12 
0 6 9412 1 0 0 1 0 0 0 0 0 0 0 1 1 2 185 0.5710 223 126 349 97 1.7698 0 0 1 1 0.0237 0.0134 1 0 38 -59.0000 0.1704 -0.4683 1 0 0 0 0 0 1 0 0 0 0 0 2 2 4 2 4 2 2 5 6 7 10 
0 6 9412 1 0 0 1 0 2 0 2 0 0 0 2 3 5 266 0.8210 298 72 370 226 4.1389 0 0 1 1 0.0317 0.0076 1 0 32 -194.0000 0.1074 -2.6944 1 0 0 0 0 0 3 0 0 0 0 0 2 2 4 2 4 2 4 6 8 10 12 
0 6 9412 1 0 0 1 0 0 0 0 0 0 0 2 2 4 135 0.4167 163 31 194 132 5.2581 0 0 1 1 0.0173 0.0033 1 0 28 -104.0000 0.1718 -3.3548 1 0 0 0 0 0 1 0 0 0 1 0 2 2 6 2 6 2 4 7 10 13 15 
0 6 9412 1 0 0 1 0 1 0 1 0 0 0 1 3 4 135 0.4167 198 72 270 126 2.7500 0 0 1 1 0.0210 0.0076 1 0 63 -63.0000 0.3182 -0.8750 1 0 0 0 1 0 3 0 0 0 0 0 2 2 4 2 9 2 4 6 8 10 12 
0 6 9412 1 0 0 1 0 1 0 1 0 0 0 2 3 5 217 0.6698 245 68 313 177 3.6029 0 0 1 1 0.0260 0.0072 1 0 28 -149.0000 0.1143 -2.1912 1 0 0 0 0 0 3 0 0 0 0 0 2 2 4 2 4 2 4 7 10 12 16 
0 6 9412 1 0 0 1 0 0 0 0 0 0 0 1 1 2 23 0.0710 58 30 88 28 1.9333 0 0 1 1 0.0062 0.0032 1 1 35 7 0.6034 0.2333 1 0 0 0 0 0 1 0 0 0 0 0 2 0 4 0 4 0 3 6 9 13 14 
0 6 9412 0 1 0 1 0 1 0 1 0 0 0 2 2 4 26 0.0802 245 31 276 214 7.9032 0 0 1 1 0.0260 0.0033 1 1 219 5 0.8939 0.1613 1 0 0 0 0 0 1 0 0 0 1 0 1 0 1 0 1 1 3 7 10 11 13 
0 6 9412 0 1 0 1 0 1 1 2 0 1 1 1 1 2 70 0.2160 125 172 297 47 1.3760 1 0 1.0081 1 0.0133 0.0183 1 1 55 102 0.4400 0.5930 1 0 0 0 0 0 1 0 0 0 0 0 1 0 1 0 1 1 3 5 7 10 12 
1 6 9413 0 1 0 1 0 2 2 4 1.5000 1.5000 3 1 2 3 245 0.7562 325 298 623 27 1.0906 2 0 1.0062 1 0.0345 0.0317 1 1 80 53 0.2462 0.1779 1 0 0 0 0 0 1 0 0 0 0 0 1 0 1 0 1 1 2 4 7 11 12 
0 6 9412 1 0 0 0 1 0 0 0 0 0 0 1 2 3 72 0.2222 140 163 303 23 1.1643 0 0 1 1 0.0149 0.0173 1 1 68 91 0.4857 0.5583 1 0 0 0 0 0 1 0 0 0 0 0 2 0 4 0 4 0 4 7 10 13 14 
0 6 9412 1 0 0 0 1 2 0 2 0.5000 0.5000 1 1 1 2 64 0.1975 154 120 274 34 1.2833 2 0 1.0132 1 0.0164 0.0127 1 1 90 56 0.5844 0.4667 1 0 0 0 0 0 1 0 0 0 0 0 2 0 4 4 4 8 3 5 9 12 15 

0 7 9412 1 0 0 1 0 0 0 0 0 0 0 1 3 4 71 0.2191 135 68 203 67 1.9853 0 0 1 1 0.0143 0.0072 1 0 64 -3.0000 0.4741 -0.0441 1 0 0 0 0 0 3 0 0 0 0 0 2 2 6 2 6 8 4 7 10 12 16 
0 7 9412 1 0 0 1 0 0 0 0 0 0 0 1 3 4 116 0.3580 134 68 202 66 1.9706 0 0 1 1 0.0142 0.0072 1 0 18 -48.0000 0.1343 -0.7059 1 0 0 0 0 0 3 0 0 0 0 0 2 2 4 2 4 2 4 7 10 12 16 
0 7 9412 1 0 0 1 0 3 0 3 0 0 0 1 3 4 139 0.4290 194 72 266 122 2.6944 0 0 1 1 0.0206 0.0076 1 0 55 -67.0000 0.2835 -0.9306 1 0 0 0 1 0 3 0 0 0 0 0 2 2 4 2 9 2 4 6 8 10 12 
0 7 9412 1 0 0 1 0 0 0 0 0 0 0 1 1 2 185 0.5710 223 126 349 97 1.7698 0 0 1 1 0.0237 0.0134 1 0 38 -59.0000 0.1704 -0.4683 1 0 0 0 0 0 1 0 0 0 0 0 2 2 4 2 4 2 2 5 6 7 10 
0 7 9412 1 0 0 1 0 5 0 5 0 0 0 2 3 5 266 0.8210 298 72 370 226 4.1389 0 0 1 1 0.0317 0.0076 1 0 32 -194.0000 0.1074 -2.6944 1 0 0 0 0 0 3 0 0 0 0 0 2 2 4 2 4 2 4 6 8 10 12 
0 7 9412 1 0 0 1 0 0 0 0 0 0 0 2 2 4 135 0.4167 163 31 194 132 5.2581 0 0 1 1 0.0173 0.0033 1 0 28 -104.0000 0.1718 -3.3548 1 0 0 0 0 0 1 0 0 0 1 0 2 2 6 2 6 2 4 7 10 13 15 
0 7 9412 1 0 0 1 0 1 0 1 0 0 0 1 3 4 135 0.4167 198 72 270 126 2.7500 0 0 1 1 0.0210 0.0076 1 0 63 -63.0000 0.3182 -0.8750 1 0 0 0 1 0 3 0 0 0 0 0 2 2 4 2 9 2 4 6 8 10 12 
0 7 9412 1 0 0 1 0 1 0 1 0 0 0 2 3 5 217 0.6698 245 68 313 177 3.6029 0 0 1 1 0.0260 0.0072 1 0 28 -149.0000 0.1143 -2.1912 1 0 0 0 0 0 3 0 0 0 0 0 2 2 4 2 4 2 4 7 10 12 16 
0 7 9412 1 0 0 1 0 0 0 0 0 0 0 1 1 2 23 0.0710 58 30 88 28 1.9333 0 0 1 1 0.0062 0.0032 1 1 35 7 0.6034 0.2333 1 0 0 0 0 0 1 0 0 0 0 0 2 0 4 0 4 0 3 6 9 13 14 
0 7 9412 0 1 0 1 0 1 0 1 0 0 0 2 2 4 26 0.0802 245 31 276 214 7.9032 0 0 1 1 0.0260 0.0033 1 1 219 5 0.8939 0.1613 1 0 0 0 0 0 1 0 0 0 1 0 1 0 1 0 1 1 3 7 10 11 13 
0 7 9412 0 1 0 1 0 1 1 2 0 1 1 1 1 2 70 0.2160 125 172 297 47 1.3760 1 0 1.0081 1 0.0133 0.0183 1 1 55 102 0.4400 0.5930 1 0 0 0 0 0 1 0 0 0 0 0 1 0 1 0 1 1 3 5 7 10 12 
1 7 9413 0 1 0 1 0 6 5 11 2 3.5000 5.5000 1 2 3 245 0.7562 325 298 623 27 1.0906 2 0 1.0062 1 0.0345 0.0317 1 1 80 53 0.2462 0.1779 1 0 0 0 0 0 1 0 0 0 0 0 1 0 1 0 1 1 2 4 7 11 12 
0 7 9412 1 0 0 0 1 0 0 0 0 0 0 1 2 3 72 0.2222 140 163 303 23 1.1643 0 0 1 1 0.0149 0.0173 1 1 68 91 0.4857 0.5583 1 0 0 0 0 0 1 0 0 0 0 0 2 0 4 0 4 0 4 7 10 13 14 
0 7 9412 1 0 0 0 1 3 0 3 0.5000 0.5000 1 1 1 2 64 0.1975 154 120 274 34 1.2833 2 0 1.0132 1 0.0164 0.0127 1 1 90 56 0.5844 0.4667 1 0 0 0 0 0 1 0 0 0 0 0 2 0 4 4 4 8 3 5 9 12 15 

0 8 9412 1 0 0 1 0 0 0 0 0 0 0 1 3 4 71 0.2191 135 68 203 67 1.9853 0 0 1 1 0.0143 0.0072 1 0 64 -3.0000 0.4741 -0.0441 1 0 0 0 0 0 3 0 0 0 0 0 2 2 6 2 6 8 4 7 10 12 16 
0 8 9412 1 0 0 1 0 0 0 0 0 0 0 1 3 4 116 0.3580 134 68 202 66 1.9706 0 0 1 1 0.0142 0.0072 1 0 18 -48.0000 0.1343 -0.7059 1 0 0 0 0 0 3 0 0 0 0 0 2 2 4 2 4 2 4 7 10 12 16 
0 8 9412 1 0 0 1 0 4 0 4 0 0 0 1 3 4 139 0.4290 194 72 266 122 2.6944 0 0 1 1 0.0206 0.0076 1 0 55 -67.0000 0.2835 -0.9306 1 0 0 0 1 0 3 0 0 0 0 0 2 2 4 2 9 2 4 6 8 10 12 
0 8 9412 1 0 0 1 0 0 0 0 0 0 0 1 1 2 185 0.5710 223 126 349 97 1.7698 0 0 1 1 0.0237 0.0134 1 0 38 -59.0000 0.1704 -0.4683 1 0 0 0 0 0 1 0 0 0 0 0 2 2 4 2 4 2 2 5 6 7 10 
0 8 9412 1 0 0 1 0 8 0 8 0 0 0 2 3 5 266 0.8210 298 72 370 226 4.1389 0 0 1 1 0.0317 0.0076 1 0 32 -194.0000 0.1074 -2.6944 1 0 0 0 0 0 3 0 0 0 0 0 2 2 4 2 4 2 4 6 8 10 12 
0 8 9412 1 0 0 1 0 0 0 0 0 0 0 2 2 4 135 0.4167 163 31 194 132 5.2581 0 0 1 1 0.0173 0.0033 1 0 28 -104.0000 0.1718 -3.3548 1 0 0 0 0 0 1 0 0 0 1 0 2 2 6 2 6 2 4 7 10 13 15 
0 8 9412 1 0 0 1 0 1 0 1 0 0 0 1 3 4 135 0.4167 198 72 270 126 2.7500 0 0 1 1 0.0210 0.0076 1 0 63 -63.0000 0.3182 -0.8750 1 0 0 0 1 0 3 0 0 0 0 0 2 2 4 2 9 2 4 6 8 10 12 
0 8 9412 1 0 0 1 0 2 0 2 0 0 0 2 3 5 217 0.6698 245 68 313 177 3.6029 0 0 1 1 0.0260 0.0072 1 0 28 -149.0000 0.1143 -2.1912 1 0 0 0 0 0 3 0 0 0 0 0 2 2 4 2 4 2 4 7 10 12 16 
0 8 9412 1 0 0 1 0 0 0 0 0 0 0 1 1 2 23 0.0710 58 30 88 28 1.9333 0 0 1 1 0.0062 0.0032 1 1 35 7 0.6034 0.2333 1 0 0 0 0 0 1 0 0 0 0 0 2 0 4 0 4 0 3 6 9 13 14 
0 8 9412 0 1 0 1 0 2 0 2 0 0 0 2 2 4 26 0.0802 245 31 276 214 7.9032 0 0 1 1 0.0260 0.0033 1 1 219 5 0.8939 0.1613 1 0 0 0 0 0 1 0 0 0 1 0 1 0 1 0 1 1 3 7 10 11 13 
0 8 9412 0 1 0 1 0 1 1 2 0 1 1 1 1 2 70 0.2160 125 172 297 47 1.3760 1 0 1.0081 1 0.0133 0.0183 1 1 55 102 0.4400 0.5930 1 0 0 0 0 0 1 0 0 0 0 0 1 0 1 0 1 1 3 5 7 10 12 
1 8 9413 0 1 0 1 0 10 8 18 4 5.5000 9.5000 2 2 4 245 0.7562 325 298 623 27 1.0906 2 0 1.0062 1 0.0345 0.0317 1 1 80 53 0.2462 0.1779 1 0 0 0 0 0 1 0 0 0 0 0 1 0 1 0 1 1 2 4 7 11 12 
0 8 9412 1 0 0 0 1 0 0 0 0 0 0 1 2 3 72 0.2222 140 163 303 23 1.1643 0 0 1 1 0.0149 0.0173 1 1 68 91 0.4857 0.5583 1 0 0 0 0 0 1 0 0 0 0 0 2 0 4 0 4 0 4 7 10 13 14 
0 8 9412 1 0 0 0 1 5 0 5 1 1 2 1 1 2 64 0.1975 154 120 274 34 1.2833 2 0 1.0132 1 0.0164 0.0127 1 1 90 56 0.5844 0.4667 1 0 0 0 0 0 1 0 0 0 0 0 2 0 4 4 4 8 3 5 9 12 15 
0 8 9412 0 1 0 0 1 10 0 10 0 0 0 2 1 3 95 0.2932 325 102 427 223 3.1863 2 0 1.0062 1 0.0345 0.0108 1 1 230 7 0.7077 0.0686 1 0 0 0 0 0 1 0 0 0 0 0 1 0 3 0 7 5 3 7 10 14 17 

0 9 9412 1 0 0 1 0 0 0 0 0 0 0 1 3 4 71 0.2191 135 68 203 67 1.9853 0 0 1 1 0.0143 0.0072 1 0 64 -3.0000 0.4741 -0.0441 1 0 0 0 0 0 3 0 0 0 0 0 2 2 6 2 6 8 4 7 10 12 16 
0 9 9412 1 0 0 1 0 0 0 0 0 0 0 1 3 4 116 0.3580 134 68 202 66 1.9706 0 0 1 1 0.0142 0.0072 1 0 18 -48.0000 0.1343 -0.7059 1 0 0 0 0 0 3 0 0 0 0 0 2 2 4 2 4 2 4 7 10 12 16 
0 9 9412 1 0 0 1 0 5 0 5 0 0 0 1 3 4 139 0.4290 194 72 266 122 2.6944 0 0 1 1 0.0206 0.0076 1 0 55 -67.0000 0.2835 -0.9306 1 0 0 0 1 0 3 0 0 0 0 0 2 2 4 2 9 2 4 6 8 10 12 
0 9 9412 1 0 0 1 0 0 0 0 0 0 0 1 1 2 185 0.5710 223 126 349 97 1.7698 0 0 1 1 0.0237 0.0134 1 0 38 -59.0000 0.1704 -0.4683 1 0 0 0 0 0 1 0 0 0 0 0 2 2 4 2 4 2 2 5 6 7 10 
0 9 9412 1 0 0 1 0 11 0 11 0 0 0 2 3 5 266 0.8210 298 72 370 226 4.1389 0 0 1 1 0.0317 0.0076 1 0 32 -194.0000 0.1074 -2.6944 1 0 0 0 0 0 3 0 0 0 0 0 2 2 4 2 4 2 4 6 8 10 12 
0 9 9412 1 0 0 1 0 0 0 0 0 0 0 2 2 4 135 0.4167 163 31 194 132 5.2581 0 0 1 1 0.0173 0.0033 1 0 28 -104.0000 0.1718 -3.3548 1 0 0 0 0 0 1 0 0 0 1 0 2 2 6 2 6 2 4 7 10 13 15 
0 9 9412 1 0 0 1 0 1 0 1 0 0 0 1 3 4 135 0.4167 198 72 270 126 2.7500 0 0 1 1 0.0210 0.0076 1 0 63 -63.0000 0.3182 -0.8750 1 0 0 0 1 0 3 0 0 0 0 0 2 2 4 2 9 2 4 6 8 10 12 
0 9 9412 1 0 0 1 0 2 0 2 0 0 0 2 3 5 217 0.6698 245 68 313 177 3.6029 0 0 1 1 0.0260 0.0072 1 0 28 -149.0000 0.1143 -2.1912 1 0 0 0 0 0 3 0 0 0 0 0 2 2 4 2 4 2 4 7 10 12 16 
0 9 9412 1 0 0 1 0 0 0 0 0 0 0 1 1 2 23 0.0710 58 30 88 28 1.9333 0 0 1 1 0.0062 0.0032 1 1 35 7 0.6034 0.2333 1 0 0 0 0 0 1 0 0 0 0 0 2 0 4 0 4 0 3 6 9 13 14 
0 9 9412 0 1 0 1 0 2 0 2 0 0 0 2 2 4 26 0.0802 245 31 276 214 7.9032 0 0 1 1 0.0260 0.0033 1 1 219 5 0.8939 0.1613 1 0 0 0 0 0 1 0 0 0 1 0 1 0 1 0 1 1 3 7 10 11 13 
0 9 9412 0 1 0 1 0 1 1 2 0 1 1 1 1 2 70 0.2160 125 172 297 47 1.3760 1 0 1.0081 1 0.0133 0.0183 1 1 55 102 0.4400 0.5930 1 0 0 0 0 0 1 0 0 0 0 0 1 0 1 0 1 1 3 5 7 10 12 
1 9 9413 0 1 0 1 0 14 11 25 4.5000 7.5000 12 2 2 4 245 0.7562 325 298 623 27 1.0906 2 0 1.0062 1 0.0345 0.0317 1 1 80 53 0.2462 0.1779 1 0 0 0 0 0 1 0 0 0 0 0 1 0 1 0 1 1 2 4 7 11 12 
0 9 9412 1 0 0 0 1 0 0 0 0 0 0 1 2 3 72 0.2222 140 163 303 23 1.1643 0 0 1 1 0.0149 0.0173 1 1 68 91 0.4857 0.5583 1 0 0 0 0 0 1 0 0 0 0 0 2 0 4 0 4 0 4 7 10 13 14 
0 9 9412 1 0 0 0 1 6 0 6 1 1 2 1 1 2 64 0.1975 154 120 274 34 1.2833 2 0 1.0132 1 0.0164 0.0127 1 1 90 56 0.5844 0.4667 1 0 0 0 0 0 1 0 0 0 0 0 2 0 4 4 4 8 3 5 9 12 15 
0 9 9412 0 1 0 0 1 14 0 14 0 0 0 2 1 3 95 0.2932 325 102 427 223 3.1863 2 0 1.0062 1 0.0345 0.0108 1 1 230 7 0.7077 0.0686 1 0 0 0 0 0 1 0 0 0 0 0 1 0 3 0 7 5 3 7 10 14 17 

0 10 9412 1 0 0 1 0 0 0 0 0 0 0 1 3 4 71 0.2191 135 68 203 67 1.9853 0 0 1 1 0.0143 0.0072 1 0 64 -3.0000 0.4741 -0.0441 1 0 0 0 0 0 3 0 0 0 0 0 2 2 6 2 6 8 4 7 10 12 16 
0 10 9412 1 0 0 1 0 0 0 0 0 0 0 1 3 4 116 0.3580 134 68 202 66 1.9706 0 0 1 1 0.0142 0.0072 1 0 18 -48.0000 0.1343 -0.7059 1 0 0 0 0 0 3 0 0 0 0 0 2 2 4 2 4 2 4 7 10 12 16 
0 10 9412 1 0 0 1 0 6 0 6 0 0 0 1 3 4 139 0.4290 194 72 266 122 2.6944 0 0 1 1 0.0206 0.0076 1 0 55 -67.0000 0.2835 -0.9306 1 0 0 0 1 0 3 0 0 0 0 0 2 2 4 2 9 2 4 6 8 10 12 
0 10 9412 1 0 0 1 0 0 0 0 0 0 0 1 1 2 185 0.5710 223 126 349 97 1.7698 0 0 1 1 0.0237 0.0134 1 0 38 -59.0000 0.1704 -0.4683 1 0 0 0 0 0 1 0 0 0 0 0 2 2 4 2 4 2 2 5 6 7 10 
0 10 9412 1 0 0 1 0 14 0 14 0 0 0 2 3 5 266 0.8210 298 72 370 226 4.1389 0 0 1 1 0.0317 0.0076 1 0 32 -194.0000 0.1074 -2.6944 1 0 0 0 0 0 3 0 0 0 0 0 2 2 4 2 4 2 4 6 8 10 12 
0 10 9412 1 0 0 1 0 0 0 0 0 0 0 2 2 4 135 0.4167 163 31 194 132 5.2581 0 0 1 1 0.0173 0.0033 1 0 28 -104.0000 0.1718 -3.3548 1 0 0 0 0 0 1 0 0 0 1 0 2 2 6 2 6 2 4 7 10 13 15 
0 10 9412 1 0 0 1 0 1 0 1 0 0 0 1 3 4 135 0.4167 198 72 270 126 2.7500 0 0 1 1 0.0210 0.0076 1 0 63 -63.0000 0.3182 -0.8750 1 0 0 0 1 0 3 0 0 0 0 0 2 2 4 2 9 2 4 6 8 10 12 
0 10 9412 1 0 0 1 0 5 0 5 0 0 0 2 3 5 217 0.6698 245 68 313 177 3.6029 0 0 1 1 0.0260 0.0072 1 0 28 -149.0000 0.1143 -2.1912 1 0 0 0 0 0 3 0 0 0 0 0 2 2 4 2 4 2 4 7 10 12 16 
0 10 9412 1 0 0 1 0 0 0 0 0 0 0 1 1 2 23 0.0710 58 30 88 28 1.9333 0 0 1 1 0.0062 0.0032 1 1 35 7 0.6034 0.2333 1 0 0 0 0 0 1 0 0 0 0 0 2 0 4 0 4 0 3 6 9 13 14 
0 10 9412 0 1 0 1 0 5 0 5 0 0 0 2 2 4 26 0.0802 245 31 276 214 7.9032 0 0 1 1 0.0260 0.0033 1 1 219 5 0.8939 0.1613 1 0 0 0 0 0 1 0 0 0 1 0 1 0 1 0 1 1 3 7 10 11 13 
1 10 9413 0 1 0 1 0 18 14 32 6.5000 9.5000 16 1 2 3 245 0.7562 325 298 623 27 1.0906 2 0 1.0062 1 0.0345 0.0317 1 1 80 53 0.2462 0.1779 1 0 0 0 0 0 1 0 0 0 0 0 1 0 1 0 1 1 2 4 7 11 12 
0 10 9412 1 0 0 0 1 0 0 0 0 0 0 1 2 3 72 0.2222 140 163 303 23 1.1643 0 0 1 1 0.0149 0.0173 1 1 68 91 0.4857 0.5583 1 0 0 0 0 0 1 0 0 0 0 0 2 0 4 0 4 0 4 7 10 13 14 
0 10 9412 1 0 0 0 1 10 0 10 1.5000 1.5000 3 1 1 2 64 0.1975 154 120 274 34 1.2833 2 0 1.0132 1 0.0164 0.0127 1 1 90 56 0.5844 0.4667 1 0 0 0 0 0 1 0 0 0 0 0 2 0 4 4 4 8 3 5 9 12 15 

0 11 9412 1 0 1 0 0 10 8 18 6.5000 6.5000 13 2 1 3 62 0.1920 153 209 362 56 1.3660 1 0 1.0066 1 0.0163 0.0222 1 1 91 147 0.5948 0.7033 1 0 1 0 0 0 1 1 1 0 0 0 2 0 7 8 6 7 3 6 9 12 15 
0 11 9412 1 0 1 0 0 8 8 16 7 7 14 1 1 2 41 0.1269 99 180 279 81 1.8182 1 0 1.0102 1 0.0105 0.0191 1 1 58 139 0.5859 0.7722 1 0 0 0 0 0 1 1 0 0 0 0 2 1 3 1 3 1 3 5 8 11 13 
0 11 9412 1 0 1 0 0 19 15 34 10 10 20 2 2 4 244 0.7554 324 298 622 26 1.0872 1 0 1.0031 1 0.0344 0.0317 1 1 80 54 0.2469 0.1812 1 0 0 0 0 0 1 1 0 0 0 0 2 0 4 0 4 0 3 5 7 11 14 
0 11 9412 1 0 0 1 0 0 0 0 0 0 0 1 3 4 71 0.2198 135 68 203 67 1.9853 0 0 1 1 0.0143 0.0072 1 0 64 -3.0000 0.4741 -0.0441 1 0 0 0 0 0 3 0 0 0 0 0 2 2 6 2 6 8 4 7 10 12 16 
0 11 9412 1 0 0 1 0 0 0 0 0 0 0 1 3 4 116 0.3591 134 68 202 66 1.9706 0 0 1 1 0.0142 0.0072 1 0 18 -48.0000 0.1343 -0.7059 1 0 0 0 0 0 3 0 0 0 0 0 2 2 4 2 4 2 4 7 10 12 16 
0 11 9412 1 0 0 1 0 6 0 6 0 0 0 1 3 4 139 0.4303 194 72 266 122 2.6944 0 0 1 1 0.0206 0.0076 1 0 55 -67.0000 0.2835 -0.9306 1 0 0 0 1 0 3 0 0 0 0 0 2 2 4 2 9 2 4 6 8 10 12 
0 11 9412 1 0 0 1 0 0 0 0 0 0 0 2 1 3 185 0.5728 223 126 349 97 1.7698 0 0 1 1 0.0237 0.0134 1 0 38 -59.0000 0.1704 -0.4683 1 0 0 0 0 0 1 0 0 0 0 0 2 2 4 2 4 2 2 5 6 7 10 
0 11 9412 1 0 0 1 0 15 0 15 0 0 0 2 3 5 266 0.8235 298 72 370 226 4.1389 0 0 1 1 0.0317 0.0076 1 0 32 -194.0000 0.1074 -2.6944 1 0 0 0 0 0 3 0 0 0 0 0 2 2 4 2 4 2 4 6 8 10 12 
0 11 9412 1 0 0 1 0 0 0 0 0 0 0 2 2 4 135 0.4180 163 31 194 132 5.2581 0 0 1 1 0.0173 0.0033 1 0 28 -104.0000 0.1718 -3.3548 1 0 0 0 0 0 1 0 0 0 1 0 2 2 6 2 6 2 4 7 10 13 15 
0 11 9412 1 0 0 1 0 1 0 1 0 0 0 1 3 4 135 0.4180 198 72 270 126 2.7500 0 0 1 1 0.0210 0.0076 1 0 63 -63.0000 0.3182 -0.8750 1 0 0 0 1 0 3 0 0 0 0 0 2 2 4 2 9 2 4 6 8 10 12 
0 11 9412 1 0 0 1 0 5 0 5 0 0 0 2 3 5 217 0.6718 245 68 313 177 3.6029 0 0 1 1 0.0260 0.0072 1 0 28 -149.0000 0.1143 -2.1912 1 0 0 0 0 0 3 0 0 0 0 0 2 2 4 2 4 2 4 7 10 12 16 
0 11 9412 1 0 0 1 0 0 0 0 0 0 0 1 1 2 23 0.0712 58 30 88 28 1.9333 0 0 1 1 0.0062 0.0032 1 1 35 7 0.6034 0.2333 1 0 0 0 0 0 1 0 0 0 0 0 2 0 4 0 4 0 3 6 9 13 14 
0 11 9412 0 1 0 1 0 5 0 5 0 0 0 2 2 4 26 0.0805 245 31 276 214 7.9032 0 0 1 1 0.0260 0.0033 1 1 219 5 0.8939 0.1613 1 0 0 0 0 0 1 0 0 0 1 0 1 0 1 0 1 1 3 7 10 11 13 
1 11 9413 0 1 0 1 0 2 1 3 0 8 8 1 1 2 86 0.2663 173 173 346 0 1 1 0 1.0058 1 0.0184 0.0184 1 1 87 87 0.5029 0.5029 1 0 0 0 0 0 1 0 1 1 0 0 1 0 1 0 1 0 2 4 6 10 14 
0 11 9412 1 0 0 0 1 0 0 0 0 0 0 1 2 3 72 0.2229 140 163 303 23 1.1643 0 0 1 1 0.0149 0.0173 1 1 68 91 0.4857 0.5583 1 0 0 0 0 0 1 0 0 0 0 0 2 0 4 0 4 0 4 7 10 13 14 
0 11 9412 1 0 0 0 1 10 0 10 2 2 4 2 2 4 61 0.1889 153 223 376 70 1.4575 1 0 1.0066 1 0.0163 0.0237 1 1 92 162 0.6013 0.7265 1 0 1 0 0 0 1 1 0 1 0 0 2 2 7 3 5 10 4 7 9 12 16 
0 11 9412 0 1 0 0 1 19 0 19 0 0 0 2 1 3 95 0.2941 324 102 426 222 3.1765 1 0 1.0031 1 0.0344 0.0108 1 1 229 7 0.7068 0.0686 1 0 0 0 0 0 1 0 0 0 0 0 1 0 1 3 8 3 3 7 10 14 17 

0 12 9412 1 0 0 1 0 0 0 0 0 0 0 1 3 4 71 0.2191 135 68 203 67 1.9853 0 0 1 1 0.0143 0.0072 1 0 64 -3.0000 0.4741 -0.0441 1 0 0 0 0 0 3 0 0 0 0 0 2 2 6 2 6 8 4 7 10 12 16 
0 12 9412 1 0 0 1 0 0 0 0 0 0 0 1 3 4 116 0.3580 134 68 202 66 1.9706 0 0 1 1 0.0142 0.0072 1 0 18 -48.0000 0.1343 -0.7059 1 0 0 0 0 0 3 0 0 0 0 0 2 2 4 2 4 2 4 7 10 12 16 
0 12 9412 1 0 0 1 0 7 0 7 0 0 0 1 3 4 139 0.4290 194 72 266 122 2.6944 0 0 1 1 0.0206 0.0076 1 0 55 -67.0000 0.2835 -0.9306 1 0 0 0 1 0 3 0 0 0 0 0 2 2 4 2 9 2 4 6 8 10 12 
0 12 9412 1 0 0 1 0 0 0 0 0 0 0 1 1 2 185 0.5710 223 126 349 97 1.7698 0 0 1 1 0.0237 0.0134 1 0 38 -59.0000 0.1704 -0.4683 1 0 0 0 0 0 1 0 0 0 0 0 2 2 4 2 4 2 2 5 6 7 10 
0 12 9412 1 0 0 1 0 17 0 17 0 0 0 2 3 5 266 0.8210 298 72 370 226 4.1389 0 0 1 1 0.0317 0.0076 1 0 32 -194.0000 0.1074 -2.6944 1 0 0 0 0 0 3 0 0 0 0 0 2 2 4 2 4 2 4 6 8 10 12 
0 12 9412 1 0 0 1 0 0 0 0 0 0 0 2 2 4 135 0.4167 163 31 194 132 5.2581 0 0 1 1 0.0173 0.0033 1 0 28 -104.0000 0.1718 -3.3548 1 0 0 0 0 0 1 0 0 0 1 0 2 2 6 2 6 2 4 7 10 13 15 
0 12 9412 1 0 0 1 0 1 0 1 0 0 0 1 3 4 135 0.4167 198 72 270 126 2.7500 0 0 1 1 0.0210 0.0076 1 0 63 -63.0000 0.3182 -0.8750 1 0 0 0 1 0 3 0 0 0 0 0 2 2 4 2 9 2 4 6 8 10 12 
0 12 9412 1 0 0 1 0 5 0 5 0 0 0 2 3 5 217 0.6698 245 68 313 177 3.6029 0 0 1 1 0.0260 0.0072 1 0 28 -149.0000 0.1143 -2.1912 1 0 0 0 0 0 3 0 0 0 0 0 2 2 4 2 4 2 4 7 10 12 16 
0 12 9412 1 0 0 1 0 0 0 0 0 0 0 1 1 2 23 0.0710 58 30 88 28 1.9333 0 0 1 1 0.0062 0.0032 1 1 35 7 0.6034 0.2333 1 0 0 0 0 0 1 0 0 0 0 0 2 0 4 0 4 0 3 6 9 13 14 
0 12 9412 0 1 0 1 0 5 0 5 0 0 0 2 2 4 26 0.0802 245 31 276 214 7.9032 0 0 1 1 0.0260 0.0033 1 1 219 5 0.8939 0.1613 1 0 0 0 0 0 1 0 0 0 1 0 1 0 1 0 1 1 3 7 10 11 13 
1 12 9413 0 1 0 1 0 22 17 39 7 11.5000 18.5000 1 2 3 245 0.7562 325 298 623 27 1.0906 2 0 1.0062 1 0.0345 0.0317 1 1 80 53 0.2462 0.1779 1 0 0 0 0 0 1 0 0 0 0 0 1 0 1 0 1 1 2 4 7 11 12 
0 12 9412 1 0 0 0 1 0 0 0 0 0 0 1 2 3 72 0.2222 140 163 303 23 1.1643 0 0 1 1 0.0149 0.0173 1 1 68 91 0.4857 0.5583 1 0 0 0 0 0 1 0 0 0 0 0 2 0 4 0 4 0 4 7 10 13 14 
0 12 9412 1 0 0 0 1 11 0 11 1.5000 1.5000 3 1 1 2 64 0.1975 154 120 274 34 1.2833 2 0 1.0132 1 0.0164 0.0127 1 1 90 56 0.5844 0.4667 1 0 0 0 0 0 1 0 0 0 0 0 2 0 4 4 4 8 3 5 9 12 15 

0 13 9412 1 0 1 0 0 11 9 20 7.5000 7.5000 15 2 1 3 62 0.1920 153 209 362 56 1.3660 1 0 1.0066 1 0.0163 0.0222 1 1 91 147 0.5948 0.7033 1 0 1 0 0 0 1 1 1 0 0 0 2 0 7 8 6 7 3 6 9 12 15 
0 13 9412 1 0 1 0 0 9 9 18 4.5000 4.5000 9 1 1 2 41 0.1269 181 98 279 83 1.8469 1 0 1.0056 1 0.0192 0.0104 1 1 140 57 0.7735 0.5816 1 0 0 0 0 0 1 0 1 0 0 0 2 1 3 1 3 1 3 6 9 10 12 
0 13 9412 1 0 1 0 0 23 18 41 12 12 24 2 2 4 244 0.7554 324 298 622 26 1.0872 1 0 1.0031 1 0.0344 0.0317 1 1 80 54 0.2469 0.1812 1 0 0 0 0 0 1 0 1 0 0 0 2 0 4 0 4 0 3 5 7 11 14 
0 13 9412 1 0 0 1 0 0 0 0 0 0 0 1 3 4 71 0.2198 135 68 203 67 1.9853 0 0 1 1 0.0143 0.0072 1 0 64 -3.0000 0.4741 -0.0441 1 0 0 0 0 0 3 0 0 0 0 0 2 2 6 2 6 8 4 7 10 12 16 
0 13 9412 1 0 0 1 0 0 0 0 0 0 0 1 3 4 116 0.3591 134 68 202 66 1.9706 0 0 1 1 0.0142 0.0072 1 0 18 -48.0000 0.1343 -0.7059 1 0 0 0 0 0 3 0 0 0 0 0 2 2 4 2 4 2 4 7 10 12 16 
0 13 9412 1 0 0 1 0 7 0 7 0 0 0 1 3 4 139 0.4303 194 72 266 122 2.6944 0 0 1 1 0.0206 0.0076 1 0 55 -67.0000 0.2835 -0.9306 1 0 0 0 1 0 3 0 0 0 0 0 2 2 4 2 9 2 4 6 8 10 12 
0 13 9412 1 0 0 1 0 0 0 0 0 0 0 2 1 3 185 0.5728 223 126 349 97 1.7698 0 0 1 1 0.0237 0.0134 1 0 38 -59.0000 0.1704 -0.4683 1 0 0 0 0 0 1 0 0 0 0 0 2 2 4 2 4 2 2 5 6 7 10 
0 13 9412 1 0 0 1 0 18 0 18 0 0 0 2 3 5 266 0.8235 298 72 370 226 4.1389 0 0 1 1 0.0317 0.0076 1 0 32 -194.0000 0.1074 -2.6944 1 0 0 0 0 0 3 0 0 0 0 0 2 2 4 2 4 2 4 6 8 10 12 
0 13 9412 1 0 0 1 0 0 0 0 0 0 0 2 2 4 135 0.4180 163 31 194 132 5.2581 0 0 1 1 0.0173 0.0033 1 0 28 -104.0000 0.1718 -3.3548 1 0 0 0 0 0 1 0 0 0 1 0 2 2 6 2 6 2 4 7 10 13 15 
0 13 9412 1 0 0 1 0 1 0 1 0 0 0 1 3 4 135 0.4180 198 72 270 126 2.7500 0 0 1 1 0.0210 0.0076 1 0 63 -63.0000 0.3182 -0.8750 1 0 0 0 1 0 3 0 0 0 0 0 2 2 4 2 9 2 4 6 8 10 12 
0 13 9412 1 0 0 1 0 5 0 5 0 0 0 2 3 5 217 0.6718 245 68 313 177 3.6029 0 0 1 1 0.0260 0.0072 1 0 28 -149.0000 0.1143 -2.1912 1 0 0 0 0 0 3 0 0 0 0 0 2 2 4 2 4 2 4 7 10 12 16 
0 13 9412 1 0 0 1 0 0 0 0 0 0 0 1 1 2 23 0.0712 58 30 88 28 1.9333 0 0 1 1 0.0062 0.0032 1 1 35 7 0.6034 0.2333 1 0 0 0 0 0 1 0 0 0 0 0 2 0 4 0 4 0 3 6 9 13 14 
0 13 9412 0 1 0 1 0 5 0 5 0 0 0 2 2 4 26 0.0805 245 31 276 214 7.9032 0 0 1 1 0.0260 0.0033 1 1 219 5 0.8939 0.1613 1 0 0 0 0 0 1 0 0 0 1 0 1 0 1 0 1 1 3 7 10 11 13 
1 13 9413 0 1 0 1 0 4 3 7 0.5000 9.5000 10 1 1 2 86 0.2663 173 173 346 0 1 1 0 1.0058 1 0.0184 0.0184 1 1 87 87 0.5029 0.5029 1 0 0 0 0 0 1 0 1 1 0 0 1 0 1 0 1 0 2 4 6 10 14 
0 13 9412 1 0 0 0 1 0 0 0 0 0 0 1 2 3 72 0.2229 140 163 303 23 1.1643 0 0 1 1 0.0149 0.0173 1 1 68 91 0.4857 0.5583 1 0 0 0 0 0 1 0 0 0 0 0 2 0 4 0 4 0 4 7 10 13 14 
0 13 9412 1 0 0 0 1 11 0 11 2 2 4 2 2 4 61 0.1889 153 223 376 70 1.4575 1 0 1.0066 1 0.0163 0.0237 1 1 92 162 0.6013 0.7265 1 0 1 0 0 0 1 1 0 1 0 0 2 2 7 3 5 10 4 7 9 12 16 
0 13 9412 0 1 0 0 1 23 0 23 0 0 0 2 1 3 95 0.2941 324 102 426 222 3.1765 1 0 1.0031 1 0.0344 0.0108 1 1 229 7 0.7068 0.0686 1 0 0 0 0 0 1 0 0 0 0 0 1 0 1 3 8 3 3 7 10 14 17 

0 14 9412 1 0 0 1 0 0 0 0 0 0 0 1 3 4 71 0.2191 135 68 203 67 1.9853 0 0 1 1 0.0143 0.0072 1 0 64 -3.0000 0.4741 -0.0441 1 0 0 0 0 0 3 0 0 0 0 0 2 2 6 2 6 8 4 7 10 12 16 
0 14 9412 1 0 0 1 0 0 0 0 0 0 0 1 3 4 116 0.3580 134 68 202 66 1.9706 0 0 1 1 0.0142 0.0072 1 0 18 -48.0000 0.1343 -0.7059 1 0 0 0 0 0 3 0 0 0 0 0 2 2 4 2 4 2 4 7 10 12 16 
0 14 9412 1 0 0 1 0 8 0 8 0 0 0 1 3 4 139 0.4290 194 72 266 122 2.6944 0 0 1 1 0.0206 0.0076 1 0 55 -67.0000 0.2835 -0.9306 1 0 0 0 1 0 3 0 0 0 0 0 2 2 4 2 9 2 4 6 8 10 12 
0 14 9412 1 0 0 1 0 0 0 0 0 0 0 1 1 2 185 0.5710 223 126 349 97 1.7698 0 0 1 1 0.0237 0.0134 1 0 38 -59.0000 0.1704 -0.4683 1 0 0 0 0 0 1 0 0 0 0 0 2 2 4 2 4 2 2 5 6 7 10 
0 14 9412 1 0 0 1 0 20 0 20 0 0 0 2 3 5 266 0.8210 298 72 370 226 4.1389 0 0 1 1 0.0317 0.0076 1 0 32 -194.0000 0.1074 -2.6944 1 0 0 0 0 0 3 0 0 0 0 0 2 2 4 2 4 2 4 6 8 10 12 
0 14 9412 1 0 0 1 0 0 0 0 0 0 0 2 2 4 135 0.4167 163 31 194 132 5.2581 0 0 1 1 0.0173 0.0033 1 0 28 -104.0000 0.1718 -3.3548 1 0 0 0 0 0 1 0 0 0 1 0 2 2 6 2 6 2 4 7 10 13 15 
0 14 9412 1 0 0 1 0 1 0 1 0 0 0 1 3 4 135 0.4167 198 72 270 126 2.7500 0 0 1 1 0.0210 0.0076 1 0 63 -63.0000 0.3182 -0.8750 1 0 0 0 1 0 3 0 0 0 0 0 2 2 4 2 9 2 4 6 8 10 12 
0 14 9412 1 0 0 1 0 7 0 7 0 0 0 2 3 5 217 0.6698 245 68 313 177 3.6029 0 0 1 1 0.0260 0.0072 1 0 28 -149.0000 0.1143 -2.1912 1 0 0 0 0 0 3 0 0 0 0 0 2 2 4 2 4 2 4 7 10 12 16 
0 14 9412 1 0 0 1 0 0 0 0 0 0 0 1 1 2 23 0.0710 58 30 88 28 1.9333 0 0 1 1 0.0062 0.0032 1 1 35 7 0.6034 0.2333 1 0 0 0 0 0 1 0 0 0 0 0 2 0 4 0 4 0 3 6 9 13 14 
0 14 9412 0 1 0 1 0 7 0 7 0 0 0 2 2 4 26 0.0802 245 31 276 214 7.9032 0 0 1 1 0.0260 0.0033 1 1 219 5 0.8939 0.1613 1 0 0 0 0 0 1 0 0 0 1 0 1 0 1 0 1 1 3 7 10 11 13 
1 14 9413 0 1 0 1 0 26 20 46 9 13.5000 22.5000 2 2 4 245 0.7562 325 298 623 27 1.0906 2 0 1.0062 1 0.0345 0.0317 1 1 80 53 0.2462 0.1779 1 0 0 0 0 0 1 0 0 0 0 0 1 0 1 0 1 1 2 4 7 11 12 
0 14 9412 1 0 0 0 1 0 0 0 0 0 0 1 2 3 72 0.2222 140 163 303 23 1.1643 0 0 1 1 0.0149 0.0173 1 1 68 91 0.4857 0.5583 1 0 0 0 0 0 1 0 0 0 0 0 2 0 4 0 4 0 4 7 10 13 14 
0 14 9412 1 0 0 0 1 14 0 14 2 2 4 1 1 2 64 0.1975 154 120 274 34 1.2833 2 0 1.0132 1 0.0164 0.0127 1 1 90 56 0.5844 0.4667 1 0 0 0 0 0 1 0 0 0 0 0 2 0 4 4 4 8 3 5 9 12 15 
0 14 9412 0 1 0 0 1 26 0 26 0 0 0 2 1 3 95 0.2932 325 102 427 223 3.1863 2 0 1.0062 1 0.0345 0.0108 1 1 230 7 0.7077 0.0686 1 0 0 0 0 0 1 0 0 0 0 0 1 0 3 0 7 5 3 7 10 14 17 

0 15 9412 1 0 1 0 0 14 11 25 9 9 18 2 1 3 62 0.1920 153 209 362 56 1.3660 1 0 1.0066 1 0.0163 0.0222 1 1 91 147 0.5948 0.7033 1 0 1 0 0 0 1 1 1 0 0 0 2 0 7 8 6 7 3 6 9 12 15 
0 15 9412 1 0 1 0 0 11 11 22 9.5000 9.5000 19 1 1 2 41 0.1269 99 180 279 81 1.8182 1 0 1.0102 1 0.0105 0.0191 1 1 58 139 0.5859 0.7722 1 0 0 0 0 0 1 1 0 0 0 0 2 1 3 1 3 1 3 5 8 11 13 
0 15 9412 1 0 1 0 0 27 21 48 14 14 28 2 2 4 244 0.7554 324 298 622 26 1.0872 1 0 1.0031 1 0.0344 0.0317 1 1 80 54 0.2469 0.1812 1 0 0 0 0 0 1 1 0 0 0 0 2 0 4 0 4 0 3 5 7 11 14 
0 15 9412 1 0 0 1 0 0 0 0 0 0 0 1 3 4 71 0.2198 135 68 203 67 1.9853 0 0 1 1 0.0143 0.0072 1 0 64 -3.0000 0.4741 -0.0441 1 0 0 0 0 0 3 0 0 0 0 0 2 2 6 2 6 8 4 7 10 12 16 
0 15 9412 1 0 0 1 0 0 0 0 0 0 0 1 3 4 116 0.3591 134 68 202 66 1.9706 0 0 1 1 0.0142 0.0072 1 0 18 -48.0000 0.1343 -0.7059 1 0 0 0 0 0 3 0 0 0 0 0 2 2 4 2 4 2 4 7 10 12 16 
0 15 9412 1 0 0 1 0 8 0 8 0 0 0 1 3 4 139 0.4303 194 72 266 122 2.6944 0 0 1 1 0.0206 0.0076 1 0 55 -67.0000 0.2835 -0.9306 1 0 0 0 1 0 3 0 0 0 0 0 2 2 4 2 9 2 4 6 8 10 12 
0 15 9412 1 0 0 1 0 0 0 0 0 0 0 2 1 3 185 0.5728 223 126 349 97 1.7698 0 0 1 1 0.0237 0.0134 1 0 38 -59.0000 0.1704 -0.4683 1 0 0 0 0 0 1 0 0 0 0 0 2 2 4 2 4 2 2 5 6 7 10 
0 15 9412 1 0 0 1 0 21 0 21 0 0 0 2 3 5 266 0.8235 298 72 370 226 4.1389 0 0 1 1 0.0317 0.0076 1 0 32 -194.0000 0.1074 -2.6944 1 0 0 0 0 0 3 0 0 0 0 0 2 2 4 2 4 2 4 6 8 10 12 
0 15 9412 1 0 0 1 0 0 0 0 0 0 0 2 2 4 135 0.4180 163 31 194 132 5.2581 0 0 1 1 0.0173 0.0033 1 0 28 -104.0000 0.1718 -3.3548 1 0 0 0 0 0 1 0 0 0 1 0 2 2 6 2 6 2 4 7 10 13 15 
0 15 9412 1 0 0 1 0 1 0 1 0 0 0 1 3 4 135 0.4180 198 72 270 126 2.7500 0 0 1 1 0.0210 0.0076 1 0 63 -63.0000 0.3182 -0.8750 1 0 0 0 1 0 3 0 0 0 0 0 2 2 4 2 9 2 4 6 8 10 12 
0 15 9412 1 0 0 1 0 7 0 7 0 0 0 2 3 5 217 0.6718 245 68 313 177 3.6029 0 0 1 1 0.0260 0.0072 1 0 28 -149.0000 0.1143 -2.1912 1 0 0 0 0 0 3 0 0 0 0 0 2 2 4 2 4 2 4 7 10 12 16 
0 15 9412 1 0 0 1 0 0 0 0 0 0 0 1 1 2 23 0.0712 58 30 88 28 1.9333 0 0 1 1 0.0062 0.0032 1 1 35 7 0.6034 0.2333 1 0 0 0 0 0 1 0 0 0 0 0 2 0 4 0 4 0 3 6 9 13 14 
0 15 9412 0 1 0 1 0 7 0 7 0 0 0 2 2 4 26 0.0805 245 31 276 214 7.9032 0 0 1 1 0.0260 0.0033 1 1 219 5 0.8939 0.1613 1 0 0 0 0 0 1 0 0 0 1 0 1 0 1 0 1 1 3 7 10 11 13 
1 15 9413 0 1 0 1 0 6 5 11 1 13 14 1 1 2 86 0.2663 173 173 346 0 1 1 0 1.0058 1 0.0184 0.0184 1 1 87 87 0.5029 0.5029 1 0 0 0 0 0 1 0 1 1 0 0 1 0 1 0 1 0 2 4 6 10 14 
0 15 9412 1 0 0 0 1 0 0 0 0 0 0 1 2 3 72 0.2229 140 163 303 23 1.1643 0 0 1 1 0.0149 0.0173 1 1 68 91 0.4857 0.5583 1 0 0 0 0 0 1 0 0 0 0 0 2 0 4 0 4 0 4 7 10 13 14 
0 15 9412 1 0 0 0 1 14 0 14 3 3 6 2 2 4 61 0.1889 153 223 376 70 1.4575 1 0 1.0066 1 0.0163 0.0237 1 1 92 162 0.6013 0.7265 1 0 1 0 0 0 1 1 0 1 0 0 2 2 7 3 5 10 4 7 9 12 16 
0 15 9412 0 1 0 0 1 27 0 27 0 0 0 2 1 3 95 0.2941 324 102 426 222 3.1765 1 0 1.0031 1 0.0344 0.0108 1 1 229 7 0.7068 0.0686 1 0 0 0 0 0 1 0 0 0 0 0 1 0 3 0 7 5 3 7 10 14 17 

0 16 9412 1 0 0 1 0 0 0 0 0 0 0 1 3 4 71 0.2191 135 68 203 67 1.9853 0 0 1 1 0.0143 0.0072 1 0 64 -3.0000 0.4741 -0.0441 1 0 0 0 0 0 3 0 0 0 0 0 2 2 6 2 6 8 4 7 10 12 16 
0 16 9412 1 0 0 1 0 0 0 0 0 0 0 1 3 4 116 0.3580 134 68 202 66 1.9706 0 0 1 1 0.0142 0.0072 1 0 18 -48.0000 0.1343 -0.7059 1 0 0 0 0 0 3 0 0 0 0 0 2 2 4 2 4 2 4 7 10 12 16 
0 16 9412 1 0 0 1 0 9 0 9 0 0 0 1 3 4 139 0.4290 194 72 266 122 2.6944 0 0 1 1 0.0206 0.0076 1 0 55 -67.0000 0.2835 -0.9306 1 0 0 0 1 0 3 0 0 0 0 0 2 2 4 2 9 2 4 6 8 10 12 
0 16 9412 1 0 0 1 0 0 0 0 0 0 0 1 1 2 185 0.5710 223 126 349 97 1.7698 0 0 1 1 0.0237 0.0134 1 0 38 -59.0000 0.1704 -0.4683 1 0 0 0 0 0 1 0 0 0 0 0 2 2 4 2 4 2 2 5 6 7 10 
0 16 9412 1 0 0 1 0 23 0 23 0 0 0 2 3 5 266 0.8210 298 72 370 226 4.1389 0 0 1 1 0.0317 0.0076 1 0 32 -194.0000 0.1074 -2.6944 1 0 0 0 0 0 3 0 0 0 0 0 2 2 4 2 4 2 4 6 8 10 12 
0 16 9412 1 0 0 1 0 0 0 0 0 0 0 2 2 4 135 0.4167 163 31 194 132 5.2581 0 0 1 1 0.0173 0.0033 1 0 28 -104.0000 0.1718 -3.3548 1 0 0 0 0 0 1 0 0 0 1 0 2 2 6 2 6 2 4 7 10 13 15 
0 16 9412 1 0 0 1 0 1 0 1 0 0 0 1 3 4 135 0.4167 198 72 270 126 2.7500 0 0 1 1 0.0210 0.0076 1 0 63 -63.0000 0.3182 -0.8750 1 0 0 0 1 0 3 0 0 0 0 0 2 2 4 2 9 2 4 6 8 10 12 
0 16 9412 1 0 0 1 0 7 0 7 0 0 0 2 3 5 217 0.6698 245 68 313 177 3.6029 0 0 1 1 0.0260 0.0072 1 0 28 -149.0000 0.1143 -2.1912 1 0 0 0 0 0 3 0 0 0 0 0 2 2 4 2 4 2 4 7 10 12 16 
0 16 9412 1 0 0 1 0 0 0 0 0 0 0 1 1 2 23 0.0710 58 30 88 28 1.9333 0 0 1 1 0.0062 0.0032 1 1 35 7 0.6034 0.2333 1 0 0 0 0 0 1 0 0 0 0 0 2 0 4 0 4 0 3 6 9 13 14 
0 16 9412 0 1 0 1 0 7 0 7 0 0 0 2 2 4 26 0.0802 245 31 276 214 7.9032 0 0 1 1 0.0260 0.0033 1 1 219 5 0.8939 0.1613 1 0 0 0 0 0 1 0 0 0 1 0 1 0 1 0 1 1 3 7 10 11 13 
1 16 9413 0 1 0 1 0 30 23 53 9.5000 15.5000 25 2 2 4 245 0.7562 325 298 623 27 1.0906 2 0 1.0062 1 0.0345 0.0317 1 1 80 53 0.2462 0.1779 1 0 0 0 0 0 1 0 0 0 0 0 1 0 1 0 1 1 2 4 7 11 12 
0 16 9412 1 0 0 0 1 0 0 0 0 0 0 1 2 3 72 0.2222 140 163 303 23 1.1643 0 0 1 1 0.0149 0.0173 1 1 68 91 0.4857 0.5583 1 0 0 0 0 0 1 0 0 0 0 0 2 0 4 0 4 0 4 7 10 13 14 
0 16 9412 1 0 0 0 1 15 0 15 2 2 4 1 1 2 64 0.1975 154 120 274 34 1.2833 2 0 1.0132 1 0.0164 0.0127 1 1 90 56 0.5844 0.4667 1 0 0 0 0 0 1 0 0 0 0 0 2 0 4 4 4 8 3 5 9 12 15 
0 16 9412 0 1 0 0 1 30 0 30 0 0 0 2 1 3 95 0.2932 325 102 427 223 3.1863 2 0 1.0062 1 0.0345 0.0108 1 1 230 7 0.7077 0.0686 1 0 0 0 0 0 1 0 0 0 0 0 1 0 3 0 7 5 3 7 10 14 17 

0 17 9412 1 0 1 0 0 15 12 27 10 10 20 2 1 3 62 0.1920 153 209 362 56 1.3660 1 0 1.0066 1 0.0163 0.0222 1 1 91 147 0.5948 0.7033 1 0 1 0 0 0 1 1 1 0 0 0 2 0 7 8 6 7 3 6 9 12 15 
0 17 9412 1 0 1 0 0 12 12 24 6 6 12 1 1 2 41 0.1269 181 98 279 83 1.8469 1 0 1.0056 1 0.0192 0.0104 1 1 140 57 0.7735 0.5816 1 0 0 0 0 0 1 0 1 0 0 0 2 1 3 1 3 1 3 6 9 10 12 
0 17 9412 1 0 1 0 0 31 24 55 16 16 32 2 2 4 244 0.7554 324 298 622 26 1.0872 1 0 1.0031 1 0.0344 0.0317 1 1 80 54 0.2469 0.1812 1 0 0 0 0 0 1 0 1 0 0 0 2 0 4 0 4 0 3 5 7 11 14 
0 17 9412 1 0 0 1 0 0 0 0 0 0 0 1 3 4 71 0.2198 135 68 203 67 1.9853 0 0 1 1 0.0143 0.0072 1 0 64 -3.0000 0.4741 -0.0441 1 0 0 0 0 0 3 0 0 0 0 0 2 2 6 2 6 8 4 7 10 12 16 
0 17 9412 1 0 0 1 0 0 0 0 0 0 0 1 3 4 116 0.3591 134 68 202 66 1.9706 0 0 1 1 0.0142 0.0072 1 0 18 -48.0000 0.1343 -0.7059 1 0 0 0 0 0 3 0 0 0 0 0 2 2 4 2 4 2 4 7 10 12 16 
0 17 9412 1 0 0 1 0 9 0 9 0 0 0 1 3 4 139 0.4303 194 72 266 122 2.6944 0 0 1 1 0.0206 0.0076 1 0 55 -67.0000 0.2835 -0.9306 1 0 0 0 1 0 3 0 0 0 0 0 2 2 4 2 9 2 4 6 8 10 12 
0 17 9412 1 0 0 1 0 0 0 0 0 0 0 2 1 3 185 0.5728 223 126 349 97 1.7698 0 0 1 1 0.0237 0.0134 1 0 38 -59.0000 0.1704 -0.4683 1 0 0 0 0 0 1 0 0 0 0 0 2 2 4 2 4 2 2 5 6 7 10 
0 17 9412 1 0 0 1 0 24 0 24 0 0 0 2 3 5 266 0.8235 298 72 370 226 4.1389 0 0 1 1 0.0317 0.0076 1 0 32 -194.0000 0.1074 -2.6944 1 0 0 0 0 0 3 0 0 0 0 0 2 2 4 2 4 2 4 6 8 10 12 
0 17 9412 1 0 0 1 0 0 0 0 0 0 0 2 2 4 135 0.4180 163 31 194 132 5.2581 0 0 1 1 0.0173 0.0033 1 0 28 -104.0000 0.1718 -3.3548 1 0 0 0 0 0 1 0 0 0 1 0 2 2 6 2 6 2 4 7 10 13 15 
0 17 9412 1 0 0 1 0 1 0 1 0 0 0 1 3 4 135 0.4180 198 72 270 126 2.7500 0 0 1 1 0.0210 0.0076 1 0 63 -63.0000 0.3182 -0.8750 1 0 0 0 1 0 3 0 0 0 0 0 2 2 4 2 9 2 4 6 8 10 12 
0 17 9412 1 0 0 1 0 7 0 7 0 0 0 2 3 5 217 0.6718 245 68 313 177 3.6029 0 0 1 1 0.0260 0.0072 1 0 28 -149.0000 0.1143 -2.1912 1 0 0 0 0 0 3 0 0 0 0 0 2 2 4 2 4 2 4 7 10 12 16 
0 17 9412 1 0 0 1 0 0 0 0 0 0 0 1 1 2 23 0.0712 58 30 88 28 1.9333 0 0 1 1 0.0062 0.0032 1 1 35 7 0.6034 0.2333 1 0 0 0 0 0 1 0 0 0 0 0 2 0 4 0 4 0 3 6 9 13 14 
0 17 9412 0 1 0 1 0 7 0 7 0 0 0 2 2 4 26 0.0805 245 31 276 214 7.9032 0 0 1 1 0.0260 0.0033 1 1 219 5 0.8939 0.1613 1 0 0 0 0 0 1 0 0 0 1 0 1 0 1 0 1 1 3 7 10 11 13 
1 17 9413 0 1 0 1 0 8 7 15 1.5000 14.5000 16 1 1 2 86 0.2663 173 173 346 0 1 1 0 1.0058 1 0.0184 0.0184 1 1 87 87 0.5029 0.5029 1 0 0 0 0 0 1 0 1 1 0 0 1 0 1 0 1 0 2 4 6 10 14 
0 17 9412 1 0 0 0 1 0 0 0 0 0 0 1 2 3 72 0.2229 140 163 303 23 1.1643 0 0 1 1 0.0149 0.0173 1 1 68 91 0.4857 0.5583 1 0 0 0 0 0 1 0 0 0 0 0 2 0 4 0 4 0 4 7 10 13 14 
0 17 9412 1 0 0 0 1 15 0 15 3 3 6 2 2 4 61 0.1889 153 223 376 70 1.4575 1 0 1.0066 1 0.0163 0.0237 1 1 92 162 0.6013 0.7265 1 0 1 0 0 0 1 1 0 1 0 0 2 2 7 3 5 10 4 7 9 12 16 
0 17 9412 0 1 0 0 1 31 0 31 0 0 0 2 1 3 95 0.2941 324 102 426 222 3.1765 1 0 1.0031 1 0.0344 0.0108 1 1 229 7 0.7068 0.0686 1 0 0 0 0 0 1 0 0 0 0 0 1 0 3 0 7 5 3 7 10 14 17 

