0 1 8616 1 0 1 0 0 0 0 0 0 0 0 1 1 2 50 0.1529 74 110 184 36 1.4865 0 0 1 1 0.0086 0.0128 1 1 24 60 0.3243 0.5455 1 0 0 0 0 0 1 1 0 1 0 0 2 0 4 0 4 0 3 6 8 11 13 
0 1 8616 0 1 1 0 0 1 1 2 0 1 1 1 1 2 78 0.2385 117 271 388 154 2.3162 1 0 1.0086 1 0.0136 0.0315 1 1 39 193 0.3333 0.7122 1 0 0 0 0 0 1 0 0 0 0 0 1 0 1 0 1 1 2 4 7 11 13 
0 1 8616 0 1 1 0 0 1 1 2 0 1 1 2 1 3 35 0.1070 88 66 154 22 1.3333 1 0 1.0115 1 0.0102 0.0077 1 1 53 31 0.6023 0.4697 1 0 0 0 0 0 1 0 1 1 0 0 1 0 1 0 4 1 2 4 6 9 12 
0 1 8616 1 0 1 0 0 1 1 2 0.5000 0.5000 1 2 1 3 168 0.5138 246 227 473 19 1.0837 1 0 1.0041 1 0.0286 0.0263 1 1 78 59 0.3171 0.2599 1 0 0 0 0 0 1 0 0 0 0 0 2 1 3 1 3 1 3 5 8 10 14 
0 1 8616 1 0 0 1 0 0 0 0 0 0 0 1 1 2 102 0.3119 106 85 191 21 1.2471 0 0 1 1 0.0123 0.0099 1 0 4 -17.0000 0.0377 -0.2000 1 0 0 0 0 0 1 0 0 0 0 0 2 2 4 2 4 2 4 7 10 13 14 
0 1 8616 1 0 0 1 0 0 0 0 0 0 0 2 2 4 262 0.8012 328 117 445 211 2.8034 0 0 1 1 0.0381 0.0136 1 0 66 -145.0000 0.2012 -1.2393 1 0 0 0 0 0 1 0 0 0 0 0 2 2 4 2 4 2 4 8 12 16 20 
0 1 8616 1 0 0 1 0 0 0 0 0 0 0 2 1 3 143 0.4373 328 56 384 272 5.8571 0 0 1 1 0.0381 0.0065 1 0 185 -87.0000 0.5640 -1.5536 1 0 0 0 0 0 1 0 0 0 0 0 2 2 4 2 4 2 4 8 12 16 20 
0 1 8616 1 0 0 1 0 0 0 0 0 0 0 1 2 3 107 0.3272 146 117 263 29 1.2479 0 0 1 1 0.0169 0.0136 1 1 39 10 0.2671 0.0855 1 0 0 0 0 0 1 0 0 0 0 0 2 0 4 1 6 2 3 5 8 11 13 
0 1 8616 0 1 0 1 0 0 0 0 0 0 0 1 1 2 20 0.0612 41 33 74 8 1.2424 0 0 1 1 0.0048 0.0038 1 1 21 13 0.5122 0.3939 1 0 0 0 0 0 1 0 0 0 0 0 1 0 1 0 1 0 2 4 7 10 13 
0 1 8616 1 0 0 1 0 0 0 0 0 0 0 1 1 2 24 0.0734 30 178 208 148 5.9333 0 0 1 1 0.0035 0.0207 1 1 6 154 0.2000 0.8652 1 0 0 0 0 0 1 0 0 0 0 0 2 0 4 0 4 0 3 6 9 12 14 
0 1 8616 1 0 0 1 0 1 0 1 0 0 0 2 1 3 31 0.0948 88 61 149 27 1.4426 1 0 1.0115 1 0.0102 0.0071 1 1 57 30 0.6477 0.4918 1 0 0 0 0 0 1 1 1 0 0 0 2 0 4 0 4 1 3 5 8 10 13 
1 1 8617 1 0 0 1 0 1 0 1 0 0 0 2 1 3 37 0.1131 246 77 323 169 3.1948 1 0 1.0041 1 0.0286 0.0089 1 1 209 40 0.8496 0.5195 1 0 0 0 0 0 1 0 0 0 0 0 2 0 4 0 4 0 4 6 8 10 13 

0 2 8617 1 0 1 0 0 0 0 0 0 0 0 1 1 2 50 0.1529 74 110 184 36 1.4865 0 0 1 1 0.0086 0.0128 1 1 24 60 0.3243 0.5455 1 0 0 0 0 0 1 1 0 1 0 0 2 0 4 0 4 0 3 6 8 11 13 
0 2 8617 0 1 1 0 0 1 1 2 0 1 1 1 1 2 78 0.2385 117 271 388 154 2.3162 1 0 1.0086 1 0.0136 0.0314 1 1 39 193 0.3333 0.7122 1 0 0 0 0 0 1 0 0 0 0 0 1 0 1 0 1 1 2 4 7 11 13 
0 2 8617 0 1 1 0 0 1 1 2 0 1 1 2 1 3 35 0.1070 88 66 154 22 1.3333 1 0 1.0115 1 0.0102 0.0077 1 1 53 31 0.6023 0.4697 1 0 0 0 0 0 1 0 1 1 0 0 1 0 1 0 4 1 2 4 6 9 12 
0 2 8617 1 0 1 0 0 2 1 3 0.5000 0.5000 1 2 1 3 168 0.5138 246 227 473 19 1.0837 1 0 1.0041 1 0.0285 0.0263 1 1 78 59 0.3171 0.2599 1 0 0 0 0 0 1 0 0 0 0 0 2 0 4 0 4 0 3 5 8 10 14 
1 2 8618 0 1 1 0 0 2 1 3 0 1 1 2 1 3 38 0.1162 246 77 323 169 3.1948 1 0 1.0041 1 0.0285 0.0089 1 1 208 39 0.8455 0.5065 1 0 0 0 0 0 1 0 0 0 0 0 1 0 1 0 1 1 3 6 6 10 12 
0 2 8617 1 0 0 1 0 0 0 0 0 0 0 1 1 2 102 0.3119 106 85 191 21 1.2471 0 0 1 1 0.0123 0.0099 1 0 4 -17.0000 0.0377 -0.2000 1 0 0 0 0 0 1 0 0 0 0 0 2 2 4 2 4 2 4 7 10 13 14 
0 2 8617 1 0 0 1 0 0 0 0 0 0 0 2 2 4 262 0.8012 328 117 445 211 2.8034 0 0 1 1 0.0381 0.0136 1 0 66 -145.0000 0.2012 -1.2393 1 0 0 0 0 0 1 0 0 0 0 0 2 2 4 2 4 2 4 8 12 16 20 
0 2 8617 1 0 0 1 0 0 0 0 0 0 0 2 1 3 143 0.4373 328 56 384 272 5.8571 0 0 1 1 0.0381 0.0065 1 0 185 -87.0000 0.5640 -1.5536 1 0 0 0 0 0 1 0 0 0 0 0 2 2 4 2 4 2 4 8 12 16 20 
0 2 8617 1 0 0 1 0 0 0 0 0 0 0 1 2 3 107 0.3272 146 117 263 29 1.2479 0 0 1 1 0.0169 0.0136 1 1 39 10 0.2671 0.0855 1 0 0 0 0 0 1 0 0 0 0 0 2 0 4 1 6 2 3 5 8 11 13 
0 2 8617 0 1 0 1 0 0 0 0 0 0 0 1 1 2 20 0.0612 41 33 74 8 1.2424 0 0 1 1 0.0048 0.0038 1 1 21 13 0.5122 0.3939 1 0 0 0 0 0 1 0 0 0 0 0 1 0 1 0 1 0 2 4 7 10 13 
0 2 8617 1 0 0 1 0 0 0 0 0 0 0 1 1 2 24 0.0734 30 178 208 148 5.9333 0 0 1 1 0.0035 0.0207 1 1 6 154 0.2000 0.8652 1 0 0 0 0 0 1 0 0 0 0 0 2 0 4 0 4 0 3 6 9 12 14 
0 2 8617 1 0 0 1 0 1 0 1 0 0 0 2 1 3 31 0.0948 88 61 149 27 1.4426 1 0 1.0115 1 0.0102 0.0071 1 1 57 30 0.6477 0.4918 1 0 0 0 0 0 1 1 1 0 0 0 2 0 4 0 4 1 3 5 8 10 13 

0 3 8616 1 0 1 0 0 0 0 0 0 0 0 1 1 2 50 0.1529 74 110 184 36 1.4865 0 0 1 1 0.0086 0.0128 1 1 24 60 0.3243 0.5455 1 0 0 0 0 0 1 1 0 1 0 0 2 0 4 0 4 0 3 6 8 11 13 
0 3 8616 0 1 1 0 0 1 1 2 0 1 1 1 1 2 78 0.2385 272 116 388 156 2.3448 1 0 1.0037 1 0.0316 0.0135 1 1 194 38 0.7132 0.3276 1 0 0 0 0 0 1 0 0 0 0 0 1 0 1 0 1 1 2 5 8 11 13 
0 3 8616 0 1 1 0 0 2 2 4 0 2 2 2 1 3 35 0.1070 88 66 154 22 1.3333 1 0 1.0115 1 0.0102 0.0077 1 1 53 31 0.6023 0.4697 1 0 0 0 0 0 1 0 1 1 0 0 1 0 1 0 4 1 2 4 6 9 12 
0 3 8616 1 0 1 0 0 3 2 5 1 1 2 2 1 3 168 0.5138 246 227 473 19 1.0837 1 0 1.0041 1 0.0286 0.0263 1 1 78 59 0.3171 0.2599 1 0 0 0 0 0 1 0 0 0 0 0 2 1 3 1 3 1 3 5 8 10 14 
0 3 8616 1 0 0 1 0 0 0 0 0 0 0 1 1 2 102 0.3119 106 85 191 21 1.2471 0 0 1 1 0.0123 0.0099 1 0 4 -17.0000 0.0377 -0.2000 1 0 0 0 0 0 1 0 0 0 0 0 2 2 4 2 4 2 4 7 10 13 14 
0 3 8616 1 0 0 1 0 0 0 0 0 0 0 2 2 4 262 0.8012 328 117 445 211 2.8034 0 0 1 1 0.0381 0.0136 1 0 66 -145.0000 0.2012 -1.2393 1 0 0 0 0 0 1 0 0 0 0 0 2 2 4 2 4 2 4 8 12 16 20 
0 3 8616 1 0 0 1 0 0 0 0 0 0 0 2 1 3 143 0.4373 328 56 384 272 5.8571 0 0 1 1 0.0381 0.0065 1 0 185 -87.0000 0.5640 -1.5536 1 0 0 0 0 0 1 0 0 0 0 0 2 2 4 2 4 2 4 8 12 16 20 
0 3 8616 1 0 0 1 0 0 0 0 0 0 0 1 2 3 107 0.3272 146 117 263 29 1.2479 0 0 1 1 0.0169 0.0136 1 1 39 10 0.2671 0.0855 1 0 0 0 0 0 1 0 0 0 0 0 2 0 4 1 6 2 3 5 8 11 13 
0 3 8616 0 1 0 1 0 0 0 0 0 0 0 1 1 2 20 0.0612 41 33 74 8 1.2424 0 0 1 1 0.0048 0.0038 1 1 21 13 0.5122 0.3939 1 0 0 0 0 0 1 0 0 0 0 0 1 0 1 0 1 0 2 4 7 10 13 
0 3 8616 1 0 0 1 0 0 0 0 0 0 0 1 1 2 24 0.0734 30 178 208 148 5.9333 0 0 1 1 0.0035 0.0207 1 1 6 154 0.2000 0.8652 1 0 0 0 0 0 1 0 0 0 0 0 2 0 4 0 4 0 3 6 9 12 14 
0 3 8616 1 0 0 1 0 2 0 2 0 0 0 2 1 3 31 0.0948 88 61 149 27 1.4426 1 0 1.0115 1 0.0102 0.0071 1 1 57 30 0.6477 0.4918 1 0 0 0 0 0 1 1 1 0 0 0 2 0 4 0 4 1 3 5 8 10 13 
1 3 8617 1 0 0 1 0 3 1 4 1 1 2 2 1 3 37 0.1131 246 77 323 169 3.1948 1 0 1.0041 1 0.0286 0.0089 1 1 209 40 0.8496 0.5195 1 0 0 0 0 0 1 0 0 0 0 0 2 0 4 0 4 0 4 6 8 10 13 

0 4 8617 1 0 1 0 0 0 0 0 0 0 0 1 1 2 50 0.1529 74 110 184 36 1.4865 0 0 1 1 0.0086 0.0128 1 1 24 60 0.3243 0.5455 1 0 0 0 0 0 1 1 0 1 0 0 2 0 4 0 4 0 3 6 8 11 13 
0 4 8617 0 1 1 0 0 1 1 2 0 1 1 1 1 2 78 0.2385 272 116 388 156 2.3448 1 0 1.0037 1 0.0316 0.0135 1 1 194 38 0.7132 0.3276 1 0 0 0 0 0 1 0 0 0 0 0 1 0 1 0 1 1 2 5 8 11 13 
0 4 8617 0 1 1 0 0 2 2 4 0 2 2 2 1 3 35 0.1070 88 66 154 22 1.3333 1 0 1.0115 1 0.0102 0.0077 1 1 53 31 0.6023 0.4697 1 0 0 0 0 0 1 0 1 1 0 0 1 0 1 0 4 1 2 4 6 9 12 
0 4 8617 1 0 1 0 0 4 2 6 1 1 2 2 1 3 168 0.5138 246 227 473 19 1.0837 1 0 1.0041 1 0.0285 0.0263 1 1 78 59 0.3171 0.2599 1 0 0 0 0 0 1 0 0 0 0 0 2 0 4 0 4 0 3 5 8 10 14 
1 4 8618 0 1 1 0 0 4 2 6 0 2 2 2 1 3 38 0.1162 246 77 323 169 3.1948 1 0 1.0041 1 0.0285 0.0089 1 1 208 39 0.8455 0.5065 1 0 0 0 0 0 1 0 0 0 0 0 1 0 1 0 1 1 3 6 6 10 12 
0 4 8617 1 0 0 1 0 0 0 0 0 0 0 1 1 2 102 0.3119 106 85 191 21 1.2471 0 0 1 1 0.0123 0.0099 1 0 4 -17.0000 0.0377 -0.2000 1 0 0 0 0 0 1 0 0 0 0 0 2 2 4 2 4 2 4 7 10 13 14 
0 4 8617 1 0 0 1 0 0 0 0 0 0 0 2 2 4 262 0.8012 328 117 445 211 2.8034 0 0 1 1 0.0381 0.0136 1 0 66 -145.0000 0.2012 -1.2393 1 0 0 0 0 0 1 0 0 0 0 0 2 2 4 2 4 2 4 8 12 16 20 
0 4 8617 1 0 0 1 0 0 0 0 0 0 0 2 1 3 143 0.4373 328 56 384 272 5.8571 0 0 1 1 0.0381 0.0065 1 0 185 -87.0000 0.5640 -1.5536 1 0 0 0 0 0 1 0 0 0 0 0 2 2 4 2 4 2 4 8 12 16 20 
0 4 8617 1 0 0 1 0 0 0 0 0 0 0 1 2 3 107 0.3272 146 117 263 29 1.2479 0 0 1 1 0.0169 0.0136 1 1 39 10 0.2671 0.0855 1 0 0 0 0 0 1 0 0 0 0 0 2 0 4 1 6 2 3 5 8 11 13 
0 4 8617 0 1 0 1 0 0 0 0 0 0 0 1 1 2 20 0.0612 41 33 74 8 1.2424 0 0 1 1 0.0048 0.0038 1 1 21 13 0.5122 0.3939 1 0 0 0 0 0 1 0 0 0 0 0 1 0 1 0 1 0 2 4 7 10 13 
0 4 8617 1 0 0 1 0 0 0 0 0 0 0 1 1 2 24 0.0734 30 178 208 148 5.9333 0 0 1 1 0.0035 0.0207 1 1 6 154 0.2000 0.8652 1 0 0 0 0 0 1 0 0 0 0 0 2 0 4 0 4 0 3 6 9 12 14 
0 4 8617 1 0 0 1 0 2 0 2 0 0 0 2 1 3 31 0.0948 88 61 149 27 1.4426 1 0 1.0115 1 0.0102 0.0071 1 1 57 30 0.6477 0.4918 1 0 0 0 0 0 1 1 1 0 0 0 2 0 4 0 4 1 3 5 8 10 13 

0 5 8617 0 1 1 0 0 1 1 2 0 1 1 1 1 2 51 0.1560 111 74 185 37 1.5000 1 0 1.0091 1 0.0129 0.0086 1 1 60 23 0.5405 0.3108 1 0 0 0 0 0 1 0 0 0 0 0 1 0 1 0 1 1 3 5 8 11 14 
0 5 8617 1 0 0 1 0 0 0 0 0 0 0 1 1 2 102 0.3119 106 85 191 21 1.2471 0 0 1 1 0.0123 0.0099 1 0 4 -17.0000 0.0377 -0.2000 1 0 0 0 0 0 1 0 0 0 0 0 2 2 4 2 4 2 4 7 10 13 14 
0 5 8617 1 0 0 1 0 0 0 0 0 0 0 2 2 4 262 0.8012 328 117 445 211 2.8034 0 0 1 1 0.0381 0.0136 1 0 66 -145.0000 0.2012 -1.2393 1 0 0 0 0 0 1 0 0 0 0 0 2 2 4 2 4 2 4 8 12 16 20 
0 5 8617 1 0 0 1 0 0 0 0 0 0 0 2 1 3 143 0.4373 328 56 384 272 5.8571 0 0 1 1 0.0381 0.0065 1 0 185 -87.0000 0.5640 -1.5536 1 0 0 0 0 0 1 0 0 0 0 0 2 2 4 2 4 2 4 8 12 16 20 
0 5 8617 1 0 0 1 0 0 0 0 0 0 0 1 2 3 107 0.3272 146 117 263 29 1.2479 0 0 1 1 0.0169 0.0136 1 1 39 10 0.2671 0.0855 1 0 0 0 0 0 1 0 0 0 0 0 2 0 4 1 6 2 3 5 8 11 13 
0 5 8617 0 1 0 1 0 0 0 0 0 0 0 1 1 2 20 0.0612 41 33 74 8 1.2424 0 0 1 1 0.0048 0.0038 1 1 21 13 0.5122 0.3939 1 0 0 0 0 0 1 0 0 0 0 0 1 0 1 0 1 0 2 4 7 10 13 
0 5 8617 1 0 0 1 0 0 0 0 0 0 0 1 1 2 24 0.0734 30 178 208 148 5.9333 0 0 1 1 0.0035 0.0207 1 1 6 154 0.2000 0.8652 1 0 0 0 0 0 1 0 0 0 0 0 2 0 4 0 4 0 3 6 9 12 14 
1 5 8618 0 1 0 1 0 5 3 8 0 2 2 1 1 2 169 0.5168 247 227 474 20 1.0881 2 0 1.0082 1 0.0287 0.0263 1 1 78 58 0.3158 0.2555 1 0 0 0 0 0 1 0 0 0 0 0 1 0 1 0 1 1 2 5 7 11 13 

0 6 8617 1 0 1 0 0 1 1 2 1 1 2 1 1 2 50 0.1529 74 110 184 36 1.4865 0 0 1 1 0.0086 0.0128 1 1 24 60 0.3243 0.5455 1 0 0 0 0 0 1 1 0 1 0 0 2 0 4 0 4 0 3 6 8 11 13 
0 6 8617 0 1 1 0 0 2 2 4 0.5000 1.5000 2 1 1 2 78 0.2385 117 271 388 154 2.3162 1 0 1.0086 1 0.0136 0.0314 1 1 39 193 0.3333 0.7122 1 0 0 0 0 0 1 0 0 0 0 0 1 0 1 0 1 1 2 4 7 11 13 
0 6 8617 0 1 1 0 0 3 3 6 0.5000 2.5000 3 2 1 3 35 0.1070 88 66 154 22 1.3333 1 0 1.0115 1 0.0102 0.0077 1 1 53 31 0.6023 0.4697 1 0 0 0 0 0 1 0 1 1 0 0 1 0 1 0 4 1 2 4 6 9 12 
1 6 8618 0 1 1 0 0 8 4 12 2.5000 1 3.5000 2 1 3 169 0.5168 246 228 474 18 1.0789 1 1 1.0041 1.0044 0.0285 0.0265 1 1 77 59 0.3130 0.2588 1 0 0 0 0 0 1 0 0 0 0 0 1 0 1 0 1 1 2 4 7 10 13 
1 6 8618 0 1 1 0 0 8 4 12 0.5000 3.5000 4 2 1 3 38 0.1162 246 77 323 169 3.1948 1 0 1.0041 1 0.0285 0.0089 1 1 208 39 0.8455 0.5065 1 0 0 0 0 0 1 0 0 0 0 0 1 0 1 0 1 1 3 6 6 10 12 
0 6 8617 1 0 0 1 0 0 0 0 0 0 0 1 1 2 102 0.3119 106 85 191 21 1.2471 0 0 1 1 0.0123 0.0099 1 0 4 -17.0000 0.0377 -0.2000 1 0 0 0 0 0 1 0 0 0 0 0 2 2 4 2 4 2 4 7 10 13 14 
0 6 8617 1 0 0 1 0 0 0 0 0 0 0 2 2 4 262 0.8012 328 117 445 211 2.8034 0 0 1 1 0.0381 0.0136 1 0 66 -145.0000 0.2012 -1.2393 1 0 0 0 0 0 1 0 0 0 0 0 2 2 4 2 4 2 4 8 12 16 20 
0 6 8617 1 0 0 1 0 0 0 0 0 0 0 2 1 3 143 0.4373 328 56 384 272 5.8571 0 0 1 1 0.0381 0.0065 1 0 185 -87.0000 0.5640 -1.5536 1 0 0 0 0 0 1 0 0 0 0 0 2 2 4 2 4 2 4 8 12 16 20 
0 6 8617 1 0 0 1 0 0 0 0 0 0 0 1 2 3 107 0.3272 146 117 263 29 1.2479 0 0 1 1 0.0169 0.0136 1 1 39 10 0.2671 0.0855 1 0 0 0 0 0 1 0 0 0 0 0 2 0 4 1 6 2 3 5 8 11 13 
0 6 8617 0 1 0 1 0 0 0 0 0 0 0 1 1 2 20 0.0612 41 33 74 8 1.2424 0 0 1 1 0.0048 0.0038 1 1 21 13 0.5122 0.3939 1 0 0 0 0 0 1 0 0 0 0 0 1 0 1 0 1 0 2 4 7 10 13 
0 6 8617 1 0 0 1 0 0 0 0 0 0 0 1 1 2 24 0.0734 30 178 208 148 5.9333 0 0 1 1 0.0035 0.0207 1 1 6 154 0.2000 0.8652 1 0 0 0 0 0 1 0 0 0 0 0 2 0 4 0 4 0 3 6 9 12 14 
0 6 8617 1 0 0 1 0 3 0 3 0 0 0 2 1 3 31 0.0948 88 61 149 27 1.4426 1 0 1.0115 1 0.0102 0.0071 1 1 57 30 0.6477 0.4918 1 0 0 0 0 0 1 1 1 0 0 0 2 0 4 0 4 1 3 5 8 10 13 

0 7 8617 0 1 1 0 0 3 3 6 0 3 3 1 1 2 51 0.1560 111 74 185 37 1.5000 1 0 1.0091 1 0.0129 0.0086 1 1 60 23 0.5405 0.3108 1 0 0 0 0 0 1 0 0 0 0 0 1 0 1 0 1 1 3 5 8 11 14 
0 7 8617 1 0 0 1 0 0 0 0 0 0 0 1 1 2 102 0.3119 106 85 191 21 1.2471 0 0 1 1 0.0123 0.0099 1 0 4 -17.0000 0.0377 -0.2000 1 0 0 0 0 0 1 0 0 0 0 0 2 2 4 2 4 2 4 7 10 13 14 
0 7 8617 1 0 0 1 0 0 0 0 0 0 0 2 2 4 262 0.8012 328 117 445 211 2.8034 0 0 1 1 0.0381 0.0136 1 0 66 -145.0000 0.2012 -1.2393 1 0 0 0 0 0 1 0 0 0 0 0 2 2 4 2 4 2 4 8 12 16 20 
0 7 8617 1 0 0 1 0 0 0 0 0 0 0 2 1 3 143 0.4373 328 56 384 272 5.8571 0 0 1 1 0.0381 0.0065 1 0 185 -87.0000 0.5640 -1.5536 1 0 0 0 0 0 1 0 0 0 0 0 2 2 4 2 4 2 4 8 12 16 20 
0 7 8617 1 0 0 1 0 0 0 0 0 0 0 1 2 3 107 0.3272 146 117 263 29 1.2479 0 0 1 1 0.0169 0.0136 1 1 39 10 0.2671 0.0855 1 0 0 0 0 0 1 0 0 0 0 0 2 0 4 1 6 2 3 5 8 11 13 
0 7 8617 0 1 0 1 0 0 0 0 0 0 0 1 1 2 20 0.0612 41 33 74 8 1.2424 0 0 1 1 0.0048 0.0038 1 1 21 13 0.5122 0.3939 1 0 0 0 0 0 1 0 0 0 0 0 1 0 1 0 1 0 2 4 7 10 13 
0 7 8617 1 0 0 1 0 0 0 0 0 0 0 1 1 2 24 0.0734 30 178 208 148 5.9333 0 0 1 1 0.0035 0.0207 1 1 6 154 0.2000 0.8652 1 0 0 0 0 0 1 0 0 0 0 0 2 0 4 0 4 0 3 6 9 12 14 
1 7 8618 0 1 0 1 0 12 8 20 0.5000 4 4.5000 1 1 2 169 0.5168 247 227 474 20 1.0881 2 0 1.0082 1 0.0287 0.0263 1 1 78 58 0.3158 0.2555 1 0 0 0 0 0 1 0 0 0 0 0 1 0 1 0 1 1 2 5 7 11 13 

0 8 8617 0 1 1 0 0 3 3 6 0 3 3 1 1 2 51 0.1560 75 110 185 35 1.4667 1 0 1.0135 1 0.0087 0.0128 1 1 24 59 0.3200 0.5364 1 0 0 0 0 0 1 0 0 0 0 0 1 0 1 0 1 1 2 4 6 9 12 
0 8 8617 1 0 0 1 0 0 0 0 0 0 0 1 1 2 102 0.3119 106 85 191 21 1.2471 0 0 1 1 0.0123 0.0099 1 0 4 -17.0000 0.0377 -0.2000 1 0 0 0 0 0 1 0 0 0 0 0 2 2 4 2 4 2 4 7 10 13 14 
0 8 8617 1 0 0 1 0 0 0 0 0 0 0 2 2 4 262 0.8012 328 117 445 211 2.8034 0 0 1 1 0.0381 0.0136 1 0 66 -145.0000 0.2012 -1.2393 1 0 0 0 0 0 1 0 0 0 0 0 2 2 4 2 4 2 4 8 12 16 20 
0 8 8617 1 0 0 1 0 0 0 0 0 0 0 2 1 3 143 0.4373 328 56 384 272 5.8571 0 0 1 1 0.0381 0.0065 1 0 185 -87.0000 0.5640 -1.5536 1 0 0 0 0 0 1 0 0 0 0 0 2 2 4 2 4 2 4 8 12 16 20 
0 8 8617 1 0 0 1 0 0 0 0 0 0 0 1 2 3 107 0.3272 146 117 263 29 1.2479 0 0 1 1 0.0169 0.0136 1 1 39 10 0.2671 0.0855 1 0 0 0 0 0 1 0 0 0 0 0 2 0 4 1 6 2 3 5 8 11 13 
0 8 8617 0 1 0 1 0 0 0 0 0 0 0 1 1 2 20 0.0612 41 33 74 8 1.2424 0 0 1 1 0.0048 0.0038 1 1 21 13 0.5122 0.3939 1 0 0 0 0 0 1 0 0 0 0 0 1 0 1 0 1 0 2 4 7 10 13 
0 8 8617 1 0 0 1 0 0 0 0 0 0 0 1 1 2 24 0.0734 30 178 208 148 5.9333 0 0 1 1 0.0035 0.0207 1 1 6 154 0.2000 0.8652 1 0 0 0 0 0 1 0 0 0 0 0 2 0 4 0 4 0 3 6 9 12 14 
1 8 8618 0 1 0 1 0 14 10 24 1 5.5000 6.5000 1 1 2 169 0.5168 247 227 474 20 1.0881 2 0 1.0082 1 0.0287 0.0263 1 1 78 58 0.3158 0.2555 1 0 0 0 0 0 1 0 0 0 0 0 1 0 1 0 1 1 2 5 7 11 13 

0 9 8617 1 0 1 0 0 3 3 6 3 3 6 1 1 2 50 0.1529 74 110 184 36 1.4865 0 0 1 1 0.0086 0.0128 1 1 24 60 0.3243 0.5455 1 0 0 0 0 0 1 1 0 1 0 0 2 0 4 0 4 0 3 6 8 11 13 
0 9 8617 0 1 1 0 0 6 6 12 1 3.5000 4.5000 1 1 2 78 0.2385 272 116 388 156 2.3448 1 0 1.0037 1 0.0316 0.0135 1 1 194 38 0.7132 0.3276 1 0 0 0 0 0 1 0 0 0 0 0 1 0 1 0 1 1 2 5 8 11 13 
0 9 8617 0 1 1 0 0 7 7 14 2.5000 4.5000 7 2 1 3 35 0.1070 88 66 154 22 1.3333 1 0 1.0115 1 0.0102 0.0077 1 1 53 31 0.6023 0.4697 1 0 0 0 0 0 1 0 1 1 0 0 1 0 1 0 4 1 2 4 6 9 12 
1 9 8618 0 1 1 0 0 17 11 28 6 3.5000 9.5000 2 1 3 169 0.5168 246 228 474 18 1.0789 1 1 1.0041 1.0044 0.0285 0.0265 1 1 77 59 0.3130 0.2588 1 0 0 0 0 0 1 0 0 0 0 0 1 0 1 0 1 1 2 4 7 10 13 
1 9 8618 0 1 1 0 0 17 6 23 1 5 6 2 1 3 38 0.1162 246 77 323 169 3.1948 1 0 1.0041 1 0.0285 0.0089 1 1 208 39 0.8455 0.5065 1 0 0 0 0 0 1 0 0 0 0 0 1 0 1 0 1 1 3 6 6 10 12 
0 9 8617 1 0 0 1 0 0 0 0 0 0 0 1 1 2 102 0.3119 106 85 191 21 1.2471 0 0 1 1 0.0123 0.0099 1 0 4 -17.0000 0.0377 -0.2000 1 0 0 0 0 0 1 0 0 0 0 0 2 2 4 2 4 2 4 7 10 13 14 
0 9 8617 1 0 0 1 0 0 0 0 0 0 0 2 2 4 262 0.8012 328 117 445 211 2.8034 0 0 1 1 0.0381 0.0136 1 0 66 -145.0000 0.2012 -1.2393 1 0 0 0 0 0 1 0 0 0 0 0 2 2 4 2 4 2 4 8 12 16 20 
0 9 8617 1 0 0 1 0 0 0 0 0 0 0 2 1 3 143 0.4373 328 56 384 272 5.8571 0 0 1 1 0.0381 0.0065 1 0 185 -87.0000 0.5640 -1.5536 1 0 0 0 0 0 1 0 0 0 0 0 2 2 4 2 4 2 4 8 12 16 20 
0 9 8617 1 0 0 1 0 0 0 0 0 0 0 1 2 3 107 0.3272 146 117 263 29 1.2479 0 0 1 1 0.0169 0.0136 1 1 39 10 0.2671 0.0855 1 0 0 0 0 0 1 0 0 0 0 0 2 0 4 1 6 2 3 5 8 11 13 
0 9 8617 0 1 0 1 0 0 0 0 0 0 0 1 1 2 20 0.0612 41 33 74 8 1.2424 0 0 1 1 0.0048 0.0038 1 1 21 13 0.5122 0.3939 1 0 0 0 0 0 1 0 0 0 0 0 1 0 1 0 1 0 2 4 7 10 13 
0 9 8617 1 0 0 1 0 0 0 0 0 0 0 1 1 2 24 0.0734 30 178 208 148 5.9333 0 0 1 1 0.0035 0.0207 1 1 6 154 0.2000 0.8652 1 0 0 0 0 0 1 0 0 0 0 0 2 0 4 0 4 0 3 6 9 12 14 
0 9 8617 1 0 0 1 0 7 0 7 0 0 0 2 1 3 31 0.0948 88 61 149 27 1.4426 1 0 1.0115 1 0.0102 0.0071 1 1 57 30 0.6477 0.4918 1 0 0 0 0 0 1 1 1 0 0 0 2 0 4 0 4 1 3 5 8 10 13 

0 10 8617 0 1 1 0 0 4 4 8 0 4 4 1 1 2 51 0.1560 75 110 185 35 1.4667 1 0 1.0135 1 0.0087 0.0128 1 1 24 59 0.3200 0.5364 1 0 0 0 0 0 1 0 0 0 0 0 1 0 1 0 1 1 2 4 6 9 12 
0 10 8617 1 0 0 1 0 0 0 0 0 0 0 1 1 2 102 0.3119 106 85 191 21 1.2471 0 0 1 1 0.0123 0.0099 1 0 4 -17.0000 0.0377 -0.2000 1 0 0 0 0 0 1 0 0 0 0 0 2 2 4 2 4 2 4 7 10 13 14 
0 10 8617 1 0 0 1 0 0 0 0 0 0 0 2 2 4 262 0.8012 328 117 445 211 2.8034 0 0 1 1 0.0381 0.0136 1 0 66 -145.0000 0.2012 -1.2393 1 0 0 0 0 0 1 0 0 0 0 0 2 2 4 2 4 2 4 8 12 16 20 
0 10 8617 1 0 0 1 0 0 0 0 0 0 0 2 1 3 143 0.4373 328 56 384 272 5.8571 0 0 1 1 0.0381 0.0065 1 0 185 -87.0000 0.5640 -1.5536 1 0 0 0 0 0 1 0 0 0 0 0 2 2 4 2 4 2 4 8 12 16 20 
0 10 8617 1 0 0 1 0 0 0 0 0 0 0 1 2 3 107 0.3272 146 117 263 29 1.2479 0 0 1 1 0.0169 0.0136 1 1 39 10 0.2671 0.0855 1 0 0 0 0 0 1 0 0 0 0 0 2 0 4 1 6 2 3 5 8 11 13 
0 10 8617 0 1 0 1 0 0 0 0 0 0 0 1 1 2 20 0.0612 41 33 74 8 1.2424 0 0 1 1 0.0048 0.0038 1 1 21 13 0.5122 0.3939 1 0 0 0 0 0 1 0 0 0 0 0 1 0 1 0 1 0 2 4 7 10 13 
0 10 8617 1 0 0 1 0 0 0 0 0 0 0 1 1 2 24 0.0734 30 178 208 148 5.9333 0 0 1 1 0.0035 0.0207 1 1 6 154 0.2000 0.8652 1 0 0 0 0 0 1 0 0 0 0 0 2 0 4 0 4 0 3 6 9 12 14 
1 10 8618 0 1 0 1 0 21 15 36 1.5000 7.5000 9 1 1 2 169 0.5168 247 227 474 20 1.0881 2 0 1.0082 1 0.0287 0.0263 1 1 78 58 0.3158 0.2555 1 0 0 0 0 0 1 0 0 0 0 0 1 0 1 0 1 1 2 5 7 11 13 

0 11 8617 1 0 1 0 0 4 4 8 4 4 8 1 1 2 50 0.1529 74 110 184 36 1.4865 0 0 1 1 0.0086 0.0128 1 1 24 60 0.3243 0.5455 1 0 0 0 0 0 1 1 0 0 1 1 2 0 4 0 4 0 3 6 8 11 13 
0 11 8617 1 0 1 0 0 10 0 10 0 0 0 4 1 5 31 0.0948 87 61 148 26 1.4262 0 0 1 1 0.0101 0.0071 1 1 56 30 0.6437 0.4918 1 0 0 0 0 0 1 1 0 1 1 1 2 0 4 0 4 0 3 5 8 10 13 
0 11 8617 0 1 1 0 0 9 9 18 2 5 7 1 1 2 78 0.2385 117 271 388 154 2.3162 1 0 1.0086 1 0.0136 0.0314 1 1 39 193 0.3333 0.7122 1 0 0 0 0 0 1 0 0 0 0 0 1 0 1 0 1 1 2 4 7 11 13 
0 11 8617 0 1 1 0 0 10 10 20 0 6 6 1 4 5 35 0.1070 67 87 154 20 1.2985 1 0 1.0152 1 0.0078 0.0101 1 1 32 52 0.4776 0.5977 2 0 1 0 0 0 2 1 0 0 0 0 2 0 3 0 3 1 2 5 7 10 13 
0 11 8617 1 0 1 0 0 23 17 40 8.5000 8.5000 17 2 1 3 168 0.5138 246 227 473 19 1.0837 1 0 1.0041 1 0.0285 0.0263 1 1 78 59 0.3171 0.2599 1 0 0 0 0 0 1 0 0 0 0 0 2 1 3 1 3 1 3 5 8 10 14 
0 11 8617 1 0 0 1 0 0 0 0 0 0 0 1 1 2 102 0.3119 106 85 191 21 1.2471 0 0 1 1 0.0123 0.0099 1 0 4 -17.0000 0.0377 -0.2000 1 0 0 0 0 0 1 0 0 0 0 0 2 2 4 2 4 2 4 7 10 13 14 
0 11 8617 1 0 0 1 0 0 0 0 0 0 0 2 2 4 262 0.8012 328 117 445 211 2.8034 0 0 1 1 0.0381 0.0136 1 0 66 -145.0000 0.2012 -1.2393 1 0 0 0 0 0 1 0 0 0 0 0 2 2 4 2 4 2 4 8 12 16 20 
0 11 8617 1 0 0 1 0 0 0 0 0 0 0 2 1 3 143 0.4373 328 56 384 272 5.8571 0 0 1 1 0.0381 0.0065 1 0 185 -87.0000 0.5640 -1.5536 1 0 0 0 0 0 1 0 0 0 0 0 2 2 4 2 4 2 4 8 12 16 20 
0 11 8617 1 0 0 1 0 0 0 0 0 0 0 1 2 3 107 0.3272 146 117 263 29 1.2479 0 0 1 1 0.0169 0.0136 1 1 39 10 0.2671 0.0855 1 0 0 0 0 0 1 0 0 0 0 0 2 0 4 1 6 2 3 5 8 11 13 
0 11 8617 0 1 0 1 0 0 0 0 0 0 0 1 1 2 20 0.0612 41 33 74 8 1.2424 0 0 1 1 0.0048 0.0038 1 1 21 13 0.5122 0.3939 1 0 0 0 0 0 1 0 0 0 0 0 1 0 1 0 1 0 2 4 7 10 13 
0 11 8617 1 0 0 1 0 0 0 0 0 0 0 1 1 2 24 0.0734 30 178 208 148 5.9333 0 0 1 1 0.0035 0.0207 1 1 6 154 0.2000 0.8652 1 0 0 0 0 0 1 0 0 0 0 0 2 0 4 0 4 0 3 6 9 12 14 
0 11 8617 1 0 0 1 0 0 10 10 0 0 0 2 4 6 35 0.1070 104 87 191 17 1.1954 0 0 1 1 0.0121 0.0101 1 1 69 52 0.6635 0.5977 2 0 1 0 0 0 2 1 0 0 1 1 2 2 5 1 5 1 3 6 8 10 13 
0 11 8617 1 0 0 1 0 0 10 10 0 0 0 2 4 6 36 0.1101 104 87 191 17 1.1954 0 0 1 1 0.0121 0.0101 1 1 68 51 0.6538 0.5862 1 0 2 0 0 0 1 2 0 0 0 1 2 0 4 3 6 1 4 6 8 11 14 
1 11 8618 1 0 0 1 0 23 6 29 5 5 10 2 1 3 37 0.1131 246 77 323 169 3.1948 1 0 1.0041 1 0.0285 0.0089 1 1 209 40 0.8496 0.5195 1 0 0 0 0 0 1 0 0 0 0 0 2 0 4 0 4 0 4 6 8 10 13 

0 12 8618 1 0 1 0 0 4 4 8 4 4 8 1 1 2 50 0.1529 74 110 184 36 1.4865 0 0 1 1 0.0086 0.0128 1 1 24 60 0.3243 0.5455 1 0 0 0 0 0 1 1 0 0 1 1 2 0 4 0 4 0 3 6 8 11 13 
0 12 8618 1 0 1 0 0 10 0 10 0 0 0 4 1 5 31 0.0948 87 61 148 26 1.4262 0 0 1 1 0.0101 0.0071 1 1 56 30 0.6437 0.4918 1 0 0 0 0 0 1 1 0 1 1 1 2 0 4 0 4 0 3 5 8 10 13 
0 12 8618 0 1 1 0 0 9 9 18 2 5 7 1 1 2 78 0.2385 117 271 388 154 2.3162 1 0 1.0086 1 0.0136 0.0314 1 1 39 193 0.3333 0.7122 1 0 0 0 0 0 1 0 0 0 0 0 1 0 1 0 1 1 2 4 7 11 13 
0 12 8618 0 1 1 0 0 10 10 20 0 6 6 1 4 5 35 0.1070 67 87 154 20 1.2985 1 0 1.0152 1 0.0078 0.0101 1 1 32 52 0.4776 0.5977 2 0 1 0 0 0 2 1 0 0 0 0 2 0 3 0 3 1 2 5 7 10 13 
0 12 8618 1 0 1 0 0 24 17 41 8.5000 8.5000 17 2 1 3 168 0.5138 246 227 473 19 1.0837 1 0 1.0041 1 0.0285 0.0263 1 1 78 59 0.3171 0.2599 1 0 0 0 0 0 1 0 0 0 0 0 2 0 4 0 4 0 3 5 8 10 14 
1 12 8619 0 1 1 0 0 24 7 31 1 6 7 2 1 3 38 0.1162 246 77 323 169 3.1948 1 0 1.0041 1 0.0285 0.0089 1 1 208 39 0.8455 0.5065 1 0 0 0 0 0 1 0 0 0 0 0 1 0 1 0 1 1 3 6 6 10 12 
0 12 8618 1 0 0 1 0 0 0 0 0 0 0 1 1 2 102 0.3119 106 85 191 21 1.2471 0 0 1 1 0.0123 0.0099 1 0 4 -17.0000 0.0377 -0.2000 1 0 0 0 0 0 1 0 0 0 0 0 2 2 4 2 4 2 4 7 10 13 14 
0 12 8618 1 0 0 1 0 0 0 0 0 0 0 2 2 4 262 0.8012 328 117 445 211 2.8034 0 0 1 1 0.0381 0.0136 1 0 66 -145.0000 0.2012 -1.2393 1 0 0 0 0 0 1 0 0 0 0 0 2 2 4 2 4 2 4 8 12 16 20 
0 12 8618 1 0 0 1 0 0 0 0 0 0 0 2 1 3 143 0.4373 328 56 384 272 5.8571 0 0 1 1 0.0381 0.0065 1 0 185 -87.0000 0.5640 -1.5536 1 0 0 0 0 0 1 0 0 0 0 0 2 2 4 2 4 2 4 8 12 16 20 
0 12 8618 1 0 0 1 0 0 0 0 0 0 0 1 2 3 107 0.3272 146 117 263 29 1.2479 0 0 1 1 0.0169 0.0136 1 1 39 10 0.2671 0.0855 1 0 0 0 0 0 1 0 0 0 0 0 2 0 4 1 6 2 3 5 8 11 13 
0 12 8618 0 1 0 1 0 0 0 0 0 0 0 1 1 2 20 0.0612 41 33 74 8 1.2424 0 0 1 1 0.0048 0.0038 1 1 21 13 0.5122 0.3939 1 0 0 0 0 0 1 0 0 0 0 0 1 0 1 0 1 0 2 4 7 10 13 
0 12 8618 1 0 0 1 0 0 0 0 0 0 0 1 1 2 24 0.0734 30 178 208 148 5.9333 0 0 1 1 0.0035 0.0207 1 1 6 154 0.2000 0.8652 1 0 0 0 0 0 1 0 0 0 0 0 2 0 4 0 4 0 3 6 9 12 14 
0 12 8618 1 0 0 1 0 0 10 10 0 0 0 2 4 6 35 0.1070 104 87 191 17 1.1954 0 0 1 1 0.0121 0.0101 1 1 69 52 0.6635 0.5977 2 0 1 0 0 0 2 1 0 0 1 1 2 2 5 1 5 1 3 6 8 10 13 
0 12 8618 1 0 0 1 0 0 10 10 0 0 0 2 4 6 36 0.1101 104 87 191 17 1.1954 0 0 1 1 0.0121 0.0101 1 1 68 51 0.6538 0.5862 1 0 2 0 0 0 1 2 0 0 0 1 2 0 4 3 6 1 4 6 8 11 14 

0 13 8617 1 0 1 0 0 4 4 8 4 4 8 1 1 2 50 0.1529 74 110 184 36 1.4865 0 0 1 1 0.0086 0.0128 1 1 24 60 0.3243 0.5455 1 0 0 0 0 0 1 1 0 0 1 1 2 0 4 0 4 0 3 6 8 11 13 
0 13 8617 1 0 1 0 0 10 0 10 0 0 0 4 1 5 31 0.0948 87 61 148 26 1.4262 0 0 1 1 0.0101 0.0071 1 1 56 30 0.6437 0.4918 1 0 0 0 0 0 1 1 0 1 1 1 2 0 4 0 4 0 3 5 8 10 13 
0 13 8617 0 1 1 0 0 9 9 18 2 5 7 1 1 2 78 0.2385 272 116 388 156 2.3448 1 0 1.0037 1 0.0316 0.0135 1 1 194 38 0.7132 0.3276 1 0 0 0 0 0 1 0 0 0 0 0 1 0 1 0 1 1 2 5 8 11 13 
0 13 8617 0 1 1 0 0 10 10 20 0 6 6 1 4 5 35 0.1070 67 87 154 20 1.2985 1 0 1.0152 1 0.0078 0.0101 1 1 32 52 0.4776 0.5977 2 0 1 0 0 0 2 1 0 0 0 0 2 0 3 0 3 1 2 5 7 10 13 
0 13 8617 1 0 1 0 0 25 18 43 9 9 18 2 1 3 168 0.5138 246 227 473 19 1.0837 1 0 1.0041 1 0.0285 0.0263 1 1 78 59 0.3171 0.2599 1 0 0 0 0 0 1 0 0 0 0 0 2 1 3 1 3 1 3 5 8 10 14 
0 13 8617 1 0 0 1 0 0 0 0 0 0 0 1 1 2 102 0.3119 106 85 191 21 1.2471 0 0 1 1 0.0123 0.0099 1 0 4 -17.0000 0.0377 -0.2000 1 0 0 0 0 0 1 0 0 0 0 0 2 2 4 2 4 2 4 7 10 13 14 
0 13 8617 1 0 0 1 0 0 0 0 0 0 0 2 2 4 262 0.8012 328 117 445 211 2.8034 0 0 1 1 0.0381 0.0136 1 0 66 -145.0000 0.2012 -1.2393 1 0 0 0 0 0 1 0 0 0 0 0 2 2 4 2 4 2 4 8 12 16 20 
0 13 8617 1 0 0 1 0 0 0 0 0 0 0 2 1 3 143 0.4373 328 56 384 272 5.8571 0 0 1 1 0.0381 0.0065 1 0 185 -87.0000 0.5640 -1.5536 1 0 0 0 0 0 1 0 0 0 0 0 2 2 4 2 4 2 4 8 12 16 20 
0 13 8617 1 0 0 1 0 0 0 0 0 0 0 1 2 3 107 0.3272 146 117 263 29 1.2479 0 0 1 1 0.0169 0.0136 1 1 39 10 0.2671 0.0855 1 0 0 0 0 0 1 0 0 0 0 0 2 0 4 1 6 2 3 5 8 11 13 
0 13 8617 0 1 0 1 0 0 0 0 0 0 0 1 1 2 20 0.0612 41 33 74 8 1.2424 0 0 1 1 0.0048 0.0038 1 1 21 13 0.5122 0.3939 1 0 0 0 0 0 1 0 0 0 0 0 1 0 1 0 1 0 2 4 7 10 13 
0 13 8617 1 0 0 1 0 0 0 0 0 0 0 1 1 2 24 0.0734 30 178 208 148 5.9333 0 0 1 1 0.0035 0.0207 1 1 6 154 0.2000 0.8652 1 0 0 0 0 0 1 0 0 0 0 0 2 0 4 0 4 0 3 6 9 12 14 
0 13 8617 1 0 0 1 0 0 10 10 0 0 0 2 4 6 35 0.1070 104 87 191 17 1.1954 0 0 1 1 0.0121 0.0101 1 1 69 52 0.6635 0.5977 2 0 1 0 0 0 2 1 0 0 1 1 2 2 5 1 5 1 3 6 8 10 13 
0 13 8617 1 0 0 1 0 0 10 10 0 0 0 2 4 6 36 0.1101 104 87 191 17 1.1954 0 0 1 1 0.0121 0.0101 1 1 68 51 0.6538 0.5862 1 0 2 0 0 0 1 2 0 0 0 1 2 0 4 3 6 1 4 6 8 11 14 
1 13 8618 1 0 0 1 0 25 7 32 6 6 12 2 1 3 37 0.1131 246 77 323 169 3.1948 1 0 1.0041 1 0.0285 0.0089 1 1 209 40 0.8496 0.5195 1 0 0 0 0 0 1 0 0 0 0 0 2 0 4 0 4 0 4 6 8 10 13 

0 14 8618 1 0 1 0 0 4 4 8 4 4 8 1 1 2 50 0.1529 74 110 184 36 1.4865 0 0 1 1 0.0086 0.0128 1 1 24 60 0.3243 0.5455 1 0 0 0 0 0 1 1 0 0 1 1 2 0 4 0 4 0 3 6 8 11 13 
0 14 8618 1 0 1 0 0 10 0 10 0 0 0 4 1 5 31 0.0948 87 61 148 26 1.4262 0 0 1 1 0.0101 0.0071 1 1 56 30 0.6437 0.4918 1 0 0 0 0 0 1 1 0 1 1 1 2 0 4 0 4 0 3 5 8 10 13 
0 14 8618 0 1 1 0 0 9 9 18 2 5 7 1 1 2 78 0.2385 272 116 388 156 2.3448 1 0 1.0037 1 0.0316 0.0135 1 1 194 38 0.7132 0.3276 1 0 0 0 0 0 1 0 0 0 0 0 1 0 1 0 1 1 2 5 8 11 13 
0 14 8618 0 1 1 0 0 10 10 20 0 6 6 1 4 5 35 0.1070 67 87 154 20 1.2985 1 0 1.0152 1 0.0078 0.0101 1 1 32 52 0.4776 0.5977 2 0 1 0 0 0 2 1 0 0 0 0 2 0 3 0 3 1 2 5 7 10 13 
0 14 8618 1 0 1 0 0 26 18 44 9 9 18 2 1 3 168 0.5138 246 227 473 19 1.0837 1 0 1.0041 1 0.0285 0.0263 1 1 78 59 0.3171 0.2599 1 0 0 0 0 0 1 0 0 0 0 0 2 0 4 0 4 0 3 5 8 10 14 
1 14 8619 0 1 1 0 0 26 8 34 1 7 8 2 1 3 38 0.1162 246 77 323 169 3.1948 1 0 1.0041 1 0.0285 0.0089 1 1 208 39 0.8455 0.5065 1 0 0 0 0 0 1 0 0 0 0 0 1 0 1 0 1 1 3 6 6 10 12 
0 14 8618 1 0 0 1 0 0 0 0 0 0 0 1 1 2 102 0.3119 106 85 191 21 1.2471 0 0 1 1 0.0123 0.0099 1 0 4 -17.0000 0.0377 -0.2000 1 0 0 0 0 0 1 0 0 0 0 0 2 2 4 2 4 2 4 7 10 13 14 
0 14 8618 1 0 0 1 0 0 0 0 0 0 0 2 2 4 262 0.8012 328 117 445 211 2.8034 0 0 1 1 0.0381 0.0136 1 0 66 -145.0000 0.2012 -1.2393 1 0 0 0 0 0 1 0 0 0 0 0 2 2 4 2 4 2 4 8 12 16 20 
0 14 8618 1 0 0 1 0 0 0 0 0 0 0 2 1 3 143 0.4373 328 56 384 272 5.8571 0 0 1 1 0.0381 0.0065 1 0 185 -87.0000 0.5640 -1.5536 1 0 0 0 0 0 1 0 0 0 0 0 2 2 4 2 4 2 4 8 12 16 20 
0 14 8618 1 0 0 1 0 0 0 0 0 0 0 1 2 3 107 0.3272 146 117 263 29 1.2479 0 0 1 1 0.0169 0.0136 1 1 39 10 0.2671 0.0855 1 0 0 0 0 0 1 0 0 0 0 0 2 0 4 1 6 2 3 5 8 11 13 
0 14 8618 0 1 0 1 0 0 0 0 0 0 0 1 1 2 20 0.0612 41 33 74 8 1.2424 0 0 1 1 0.0048 0.0038 1 1 21 13 0.5122 0.3939 1 0 0 0 0 0 1 0 0 0 0 0 1 0 1 0 1 0 2 4 7 10 13 
0 14 8618 1 0 0 1 0 0 0 0 0 0 0 1 1 2 24 0.0734 30 178 208 148 5.9333 0 0 1 1 0.0035 0.0207 1 1 6 154 0.2000 0.8652 1 0 0 0 0 0 1 0 0 0 0 0 2 0 4 0 4 0 3 6 9 12 14 
0 14 8618 1 0 0 1 0 0 10 10 0 0 0 2 4 6 35 0.1070 104 87 191 17 1.1954 0 0 1 1 0.0121 0.0101 1 1 69 52 0.6635 0.5977 2 0 1 0 0 0 2 1 0 0 1 1 2 2 5 1 5 1 3 6 8 10 13 
0 14 8618 1 0 0 1 0 0 10 10 0 0 0 2 4 6 36 0.1101 104 87 191 17 1.1954 0 0 1 1 0.0121 0.0101 1 1 68 51 0.6538 0.5862 1 0 2 0 0 0 1 2 0 0 0 1 2 0 4 3 6 1 4 6 8 11 14 

