0 1 8260 1 0 1 0 0 0 0 0 0 0 0 1 2 3 33 0.1086 92 53 145 39 1.7358 0 0 1 1 0.0111 0.0064 1 1 59 20 0.6413 0.3774 1 0 0 0 0 0 1 0 0 0 0 0 2 0 4 0 4 6 4 7 9 11 11 
0 1 8260 1 0 1 0 0 0 0 0 0 0 0 1 2 3 82 0.2697 129 175 304 46 1.3566 0 0 1 1 0.0156 0.0212 1 1 47 93 0.3643 0.5314 1 0 0 0 0 0 1 0 0 0 0 0 2 0 4 0 4 0 3 7 9 13 12 
1 1 8261 0 1 1 0 0 0 0 0 0 0 0 2 1 3 74 0.2434 175 136 311 39 1.2868 0 0 1 1 0.0212 0.0165 1 1 101 62 0.5771 0.4559 1 0 0 0 0 0 1 0 0 0 0 0 1 0 1 0 1 1 3 5 8 11 14 
0 1 8260 1 0 1 0 0 0 0 0 0 0 0 1 1 2 56 0.1842 109 155 264 46 1.4220 0 0 1 1 0.0132 0.0188 1 1 53 99 0.4862 0.6387 1 0 0 0 0 0 1 0 0 0 0 0 2 0 4 0 4 0 3 6 9 13 16 
0 1 8260 1 0 0 1 0 0 0 0 0 0 0 1 2 3 126 0.4145 134 53 187 81 2.5283 0 0 1 1 0.0162 0.0064 1 0 8 -73.0000 0.0597 -1.3774 1 0 0 0 0 0 1 0 0 0 0 0 2 2 4 2 4 3 4 8 12 16 20 
0 1 8260 1 0 0 1 0 0 0 0 0 0 0 2 6 8 102 0.3355 190 56 246 134 3.3929 0 0 1 1 0.0230 0.0068 1 0 88 -46.0000 0.4632 -0.8214 1 0 0 0 0 1 6 0 0 0 0 0 2 2 4 2 4 8 4 5 8 9 11 
0 1 8260 1 0 0 1 0 0 0 0 0 0 0 1 6 7 110 0.3618 305 56 361 249 5.4464 0 0 1 1 0.0369 0.0068 1 0 195 -54.0000 0.6393 -0.9643 1 0 0 0 0 0 6 0 0 0 0 0 2 2 4 2 4 2 4 5 8 9 11 
0 1 8260 1 0 0 1 0 0 0 0 0 0 0 1 6 7 97 0.3191 203 56 259 147 3.6250 0 0 1 1 0.0246 0.0068 1 0 106 -41.0000 0.5222 -0.7321 1 0 0 0 0 1 6 0 0 0 0 0 2 2 4 2 4 8 4 5 8 9 11 
0 1 8260 1 0 0 1 0 0 0 0 0 0 0 1 1 2 68 0.2237 104 22 126 82 4.7273 0 0 1 1 0.0126 0.0027 1 0 36 -46.0000 0.3462 -2.0909 1 0 0 0 0 0 1 0 0 0 0 0 2 2 4 3 6 4 4 8 12 14 16 
0 1 8260 1 0 0 1 0 0 0 0 0 0 0 2 1 3 134 0.4408 149 63 212 86 2.3651 0 0 1 1 0.0180 0.0076 1 0 15 -71.0000 0.1007 -1.1270 1 0 0 0 0 0 1 0 0 0 0 0 2 2 4 2 4 2 4 8 10 13 16 
0 1 8260 1 0 0 1 0 0 0 0 0 0 0 2 2 4 74 0.2434 149 31 180 118 4.8065 0 0 1 1 0.0180 0.0038 1 0 75 -43.0000 0.5034 -1.3871 1 0 0 0 0 0 2 0 0 0 0 0 2 2 4 2 4 2 4 6 8 10 13 
0 1 8260 1 0 0 1 0 0 0 0 0 0 0 1 2 3 37 0.1217 60 31 91 29 1.9355 0 0 1 1 0.0073 0.0038 1 0 23 -6.0000 0.3833 -0.1935 1 0 0 0 0 0 2 0 0 0 0 0 2 2 4 5 4 4 4 6 8 10 13 
0 1 8260 1 0 0 1 0 0 0 0 0 0 0 1 6 7 83 0.2730 202 56 258 146 3.6071 0 0 1 1 0.0245 0.0068 1 0 119 -27.0000 0.5891 -0.4821 1 0 1 1 0 0 6 0 0 0 0 0 2 2 7 6 6 4 4 5 8 9 11 
0 1 8260 1 0 0 1 0 0 0 0 0 0 0 1 6 7 85 0.2796 103 56 159 47 1.8393 0 0 1 1 0.0125 0.0068 1 0 18 -29.0000 0.1748 -0.5179 1 1 1 0 0 0 6 0 0 0 0 0 2 4 7 4 6 4 4 5 8 9 11 
0 1 8260 1 0 0 1 0 0 0 0 0 0 0 1 6 7 86 0.2829 151 56 207 95 2.6964 0 0 1 1 0.0183 0.0068 1 0 65 -30.0000 0.4305 -0.5357 1 1 0 1 0 0 6 0 0 0 0 0 2 4 4 8 4 6 4 5 8 9 11 
0 1 8260 1 0 0 1 0 0 0 0 0 0 0 1 1 2 139 0.4572 211 32 243 179 6.5938 0 0 1 1 0.0255 0.0039 1 0 72 -107.0000 0.3412 -3.3438 1 0 0 0 0 0 1 0 0 0 0 0 2 2 4 2 4 2 4 7 10 12 14 
0 1 8260 0 1 0 1 0 0 0 0 0 0 0 1 1 2 20 0.0658 65 105 170 40 1.6154 0 0 1 1 0.0079 0.0127 1 1 45 85 0.6923 0.8095 1 0 0 0 0 0 1 0 0 0 0 0 1 0 1 0 1 1 3 7 10 13 15 
0 1 8260 1 0 0 1 0 0 0 0 0 0 0 1 2 3 19 0.0625 48 190 238 142 3.9583 0 0 1 1 0.0058 0.0230 1 1 29 171 0.6042 0.9000 1 0 0 0 0 0 1 0 0 0 0 0 2 0 4 0 4 0 3 6 9 13 16 
0 1 8260 1 0 0 1 0 0 0 0 0 0 0 1 1 2 92 0.3026 103 177 280 74 1.7184 0 0 1 1 0.0125 0.0214 1 1 11 85 0.1068 0.4802 1 0 0 0 0 0 1 0 0 0 0 0 2 0 4 0 4 0 3 6 8 11 13 

0 2 8261 1 0 1 0 0 0 0 0 0 0 0 1 1 2 56 0.1842 109 155 264 46 1.4220 0 0 1 1 0.0132 0.0188 1 1 53 99 0.4862 0.6387 1 0 0 0 0 0 1 0 0 0 0 0 2 0 4 0 4 0 3 6 9 13 16 
0 2 8261 0 1 1 0 0 2 1 3 0 1 1 2 1 3 83 0.2730 176 129 305 47 1.3643 1 0 1.0057 1 0.0213 0.0156 1 1 93 46 0.5284 0.3566 1 0 0 0 0 0 1 0 0 0 0 0 1 0 1 0 1 1 3 5 8 8 12 
0 2 8261 1 0 0 1 0 0 1 1 0 0 0 1 1 2 126 0.4145 134 53 187 81 2.5283 0 0 1 1 0.0162 0.0064 1 0 8 -73.0000 0.0597 -1.3774 1 0 0 0 0 0 1 0 0 0 0 0 2 2 4 2 4 3 4 8 12 16 20 
0 2 8261 1 0 0 1 0 0 0 0 0 0 0 2 6 8 102 0.3355 190 56 246 134 3.3929 0 0 1 1 0.0230 0.0068 1 0 88 -46.0000 0.4632 -0.8214 1 0 0 0 0 1 6 0 0 0 0 0 2 2 4 2 4 8 4 5 8 9 11 
0 2 8261 1 0 0 1 0 0 0 0 0 0 0 1 6 7 110 0.3618 305 56 361 249 5.4464 0 0 1 1 0.0369 0.0068 1 0 195 -54.0000 0.6393 -0.9643 1 0 0 0 0 0 6 0 0 0 0 0 2 2 4 2 4 2 4 5 8 9 11 
0 2 8261 1 0 0 1 0 0 0 0 0 0 0 1 6 7 97 0.3191 203 56 259 147 3.6250 0 0 1 1 0.0246 0.0068 1 0 106 -41.0000 0.5222 -0.7321 1 0 0 0 0 1 6 0 0 0 0 0 2 2 4 2 4 8 4 5 8 9 11 
0 2 8261 1 0 0 1 0 0 0 0 0 0 0 1 1 2 68 0.2237 104 22 126 82 4.7273 0 0 1 1 0.0126 0.0027 1 0 36 -46.0000 0.3462 -2.0909 1 0 0 0 0 0 1 0 0 0 0 0 2 2 4 3 6 4 4 8 12 14 16 
0 2 8261 1 0 0 1 0 0 0 0 0 0 0 2 1 3 134 0.4408 149 63 212 86 2.3651 0 0 1 1 0.0180 0.0076 1 0 15 -71.0000 0.1007 -1.1270 1 0 0 0 0 0 1 0 0 0 0 0 2 2 4 2 4 2 4 8 10 13 16 
0 2 8261 1 0 0 1 0 0 0 0 0 0 0 2 2 4 74 0.2434 149 31 180 118 4.8065 0 0 1 1 0.0180 0.0038 1 0 75 -43.0000 0.5034 -1.3871 1 0 0 0 0 0 2 0 0 0 0 0 2 2 4 2 4 2 4 6 8 10 13 
0 2 8261 1 0 0 1 0 0 0 0 0 0 0 1 2 3 37 0.1217 60 31 91 29 1.9355 0 0 1 1 0.0073 0.0038 1 0 23 -6.0000 0.3833 -0.1935 1 0 0 0 0 0 2 0 0 0 0 0 2 2 4 5 4 4 4 6 8 10 13 
0 2 8261 1 0 0 1 0 0 0 0 0 0 0 1 6 7 83 0.2730 202 56 258 146 3.6071 0 0 1 1 0.0245 0.0068 1 0 119 -27.0000 0.5891 -0.4821 1 0 1 1 0 0 6 0 0 0 0 0 2 2 7 6 6 4 4 5 8 9 11 
0 2 8261 1 0 0 1 0 0 0 0 0 0 0 1 6 7 85 0.2796 103 56 159 47 1.8393 0 0 1 1 0.0125 0.0068 1 0 18 -29.0000 0.1748 -0.5179 1 1 1 0 0 0 6 0 0 0 0 0 2 4 7 4 6 4 4 5 8 9 11 
0 2 8261 1 0 0 1 0 0 0 0 0 0 0 1 6 7 86 0.2829 151 56 207 95 2.6964 0 0 1 1 0.0183 0.0068 1 0 65 -30.0000 0.4305 -0.5357 1 1 0 1 0 0 6 0 0 0 0 0 2 4 4 8 4 6 4 5 8 9 11 
0 2 8261 1 0 0 1 0 0 0 0 0 0 0 1 1 2 139 0.4572 211 32 243 179 6.5938 0 0 1 1 0.0255 0.0039 1 0 72 -107.0000 0.3412 -3.3438 1 0 0 0 0 0 1 0 0 0 0 0 2 2 4 2 4 2 4 7 10 12 14 
0 2 8261 0 1 0 1 0 0 0 0 0 0 0 1 1 2 20 0.0658 65 105 170 40 1.6154 0 0 1 1 0.0079 0.0127 1 1 45 85 0.6923 0.8095 1 0 0 0 0 0 1 0 0 0 0 0 1 0 1 0 1 1 3 7 10 13 15 
0 2 8261 1 0 0 1 0 0 0 0 0 0 0 1 2 3 19 0.0625 48 190 238 142 3.9583 0 0 1 1 0.0058 0.0230 1 1 29 171 0.6042 0.9000 1 0 0 0 0 0 1 0 0 0 0 0 2 0 4 0 4 0 3 6 9 13 16 
0 2 8261 1 0 0 1 0 0 0 0 0 0 0 1 1 2 92 0.3026 103 177 280 74 1.7184 0 0 1 1 0.0125 0.0214 1 1 11 85 0.1068 0.4802 1 0 0 0 0 0 1 0 0 0 0 0 2 0 4 0 4 0 3 6 8 11 13 
1 2 8262 1 0 0 1 0 2 1 3 0.5000 0.5000 1 2 1 3 74 0.2434 176 137 313 39 1.2847 1 1 1.0057 1.0074 0.0213 0.0166 1 1 102 63 0.5795 0.4599 1 0 0 0 0 0 1 0 0 0 0 0 2 1 3 1 3 1 3 6 8 12 14 

0 3 8262 0 1 1 0 0 1 1 2 0 1 1 1 1 2 57 0.1875 156 109 265 47 1.4312 1 0 1.0065 1 0.0189 0.0132 1 1 99 52 0.6346 0.4771 1 0 0 0 0 0 1 0 0 0 0 0 1 0 1 0 1 1 2 4 7 10 13 
1 3 8263 1 0 1 0 0 4 1 5 1 1 2 2 1 3 83 0.2730 176 130 306 46 1.3538 1 1 1.0057 1.0078 0.0213 0.0157 1 1 93 47 0.5284 0.3615 1 0 0 0 0 0 1 0 0 0 0 0 2 0 4 1 3 1 3 7 9 13 12 
1 3 8263 0 1 1 0 0 4 3 7 0.5000 2.5000 3 2 1 3 75 0.2467 176 137 313 39 1.2847 1 1 1.0057 1.0074 0.0213 0.0166 1 1 101 62 0.5739 0.4526 1 0 0 0 0 0 1 0 0 0 0 0 1 0 1 0 1 1 3 5 8 11 14 
0 3 8262 1 0 0 1 0 0 1 1 0 0 0 1 1 2 126 0.4145 134 53 187 81 2.5283 0 0 1 1 0.0162 0.0064 1 0 8 -73.0000 0.0597 -1.3774 1 0 0 0 0 0 1 0 0 0 0 0 2 2 4 2 4 3 4 8 12 16 20 
0 3 8262 1 0 0 1 0 0 0 0 0 0 0 2 6 8 102 0.3355 190 56 246 134 3.3929 0 0 1 1 0.0230 0.0068 1 0 88 -46.0000 0.4632 -0.8214 1 0 0 0 0 1 6 0 0 0 0 0 2 2 4 2 4 8 4 5 8 9 11 
0 3 8262 1 0 0 1 0 0 0 0 0 0 0 1 6 7 110 0.3618 305 56 361 249 5.4464 0 0 1 1 0.0369 0.0068 1 0 195 -54.0000 0.6393 -0.9643 1 0 0 0 0 0 6 0 0 0 0 0 2 2 4 2 4 2 4 5 8 9 11 
0 3 8262 1 0 0 1 0 0 0 0 0 0 0 1 6 7 97 0.3191 203 56 259 147 3.6250 0 0 1 1 0.0246 0.0068 1 0 106 -41.0000 0.5222 -0.7321 1 0 0 0 0 1 6 0 0 0 0 0 2 2 4 2 4 8 4 5 8 9 11 
0 3 8262 1 0 0 1 0 0 0 0 0 0 0 1 1 2 68 0.2237 104 22 126 82 4.7273 0 0 1 1 0.0126 0.0027 1 0 36 -46.0000 0.3462 -2.0909 1 0 0 0 0 0 1 0 0 0 0 0 2 2 4 3 6 4 4 8 12 14 16 
0 3 8262 1 0 0 1 0 0 0 0 0 0 0 2 1 3 134 0.4408 149 63 212 86 2.3651 0 0 1 1 0.0180 0.0076 1 0 15 -71.0000 0.1007 -1.1270 1 0 0 0 0 0 1 0 0 0 0 0 2 2 4 2 4 2 4 8 10 13 16 
0 3 8262 1 0 0 1 0 0 0 0 0 0 0 2 2 4 74 0.2434 149 31 180 118 4.8065 0 0 1 1 0.0180 0.0038 1 0 75 -43.0000 0.5034 -1.3871 1 0 0 0 0 0 2 0 0 0 0 0 2 2 4 2 4 2 4 6 8 10 13 
0 3 8262 1 0 0 1 0 0 0 0 0 0 0 1 2 3 37 0.1217 60 31 91 29 1.9355 0 0 1 1 0.0073 0.0038 1 0 23 -6.0000 0.3833 -0.1935 1 0 0 0 0 0 2 0 0 0 0 0 2 2 4 5 4 4 4 6 8 10 13 
0 3 8262 1 0 0 1 0 0 0 0 0 0 0 1 6 7 83 0.2730 202 56 258 146 3.6071 0 0 1 1 0.0244 0.0068 1 0 119 -27.0000 0.5891 -0.4821 1 0 1 1 0 0 6 0 0 0 0 0 2 2 7 6 6 4 4 5 8 9 11 
0 3 8262 1 0 0 1 0 0 0 0 0 0 0 1 6 7 85 0.2796 103 56 159 47 1.8393 0 0 1 1 0.0125 0.0068 1 0 18 -29.0000 0.1748 -0.5179 1 1 1 0 0 0 6 0 0 0 0 0 2 4 7 4 6 4 4 5 8 9 11 
0 3 8262 1 0 0 1 0 0 0 0 0 0 0 1 6 7 86 0.2829 151 56 207 95 2.6964 0 0 1 1 0.0183 0.0068 1 0 65 -30.0000 0.4305 -0.5357 1 1 0 1 0 0 6 0 0 0 0 0 2 4 4 8 4 6 4 5 8 9 11 
0 3 8262 1 0 0 1 0 0 0 0 0 0 0 1 1 2 139 0.4572 211 32 243 179 6.5938 0 0 1 1 0.0255 0.0039 1 0 72 -107.0000 0.3412 -3.3438 1 0 0 0 0 0 1 0 0 0 0 0 2 2 4 2 4 2 4 7 10 12 14 
0 3 8262 0 1 0 1 0 0 0 0 0 0 0 1 1 2 20 0.0658 65 105 170 40 1.6154 0 0 1 1 0.0079 0.0127 1 1 45 85 0.6923 0.8095 1 0 0 0 0 0 1 0 0 0 0 0 1 0 1 0 1 1 3 7 10 13 15 
0 3 8262 1 0 0 1 0 0 0 0 0 0 0 1 2 3 19 0.0625 48 190 238 142 3.9583 0 0 1 1 0.0058 0.0230 1 1 29 171 0.6042 0.9000 1 0 0 0 0 0 1 0 0 0 0 0 2 0 4 0 4 0 3 6 9 13 16 
0 3 8262 1 0 0 1 0 0 0 0 0 0 0 1 1 2 92 0.3026 103 177 280 74 1.7184 0 0 1 1 0.0125 0.0214 1 1 11 85 0.1068 0.4802 1 0 0 0 0 0 1 0 0 0 0 0 2 0 4 0 4 0 3 6 8 11 13 

0 4 8262 0 1 1 0 0 1 1 2 0 1 1 1 1 2 57 0.1875 110 155 265 45 1.4091 1 0 1.0092 1 0.0133 0.0188 1 1 53 98 0.4818 0.6323 1 0 0 0 0 0 1 0 0 0 0 0 1 0 1 0 1 1 3 6 9 13 15 
1 4 8263 1 0 1 0 0 5 1 6 1 1 2 2 1 3 83 0.2730 176 130 306 46 1.3538 1 1 1.0057 1.0078 0.0213 0.0157 1 1 93 47 0.5284 0.3615 1 0 0 0 0 0 1 0 0 0 0 0 2 0 4 1 3 1 3 7 9 13 12 
1 4 8263 0 1 1 0 0 5 4 9 0.5000 3.5000 4 2 1 3 75 0.2467 176 137 313 39 1.2847 1 1 1.0057 1.0074 0.0213 0.0166 1 1 101 62 0.5739 0.4526 1 0 0 0 0 0 1 0 0 0 0 0 1 0 1 0 1 1 3 5 8 11 14 
0 4 8262 1 0 0 1 0 0 1 1 0 0 0 1 1 2 126 0.4145 134 53 187 81 2.5283 0 0 1 1 0.0162 0.0064 1 0 8 -73.0000 0.0597 -1.3774 1 0 0 0 0 0 1 0 0 0 0 0 2 2 4 2 4 3 4 8 12 16 20 
0 4 8262 1 0 0 1 0 0 0 0 0 0 0 2 6 8 102 0.3355 190 56 246 134 3.3929 0 0 1 1 0.0230 0.0068 1 0 88 -46.0000 0.4632 -0.8214 1 0 0 0 0 1 6 0 0 0 0 0 2 2 4 2 4 8 4 5 8 9 11 
0 4 8262 1 0 0 1 0 0 0 0 0 0 0 1 6 7 110 0.3618 305 56 361 249 5.4464 0 0 1 1 0.0369 0.0068 1 0 195 -54.0000 0.6393 -0.9643 1 0 0 0 0 0 6 0 0 0 0 0 2 2 4 2 4 2 4 5 8 9 11 
0 4 8262 1 0 0 1 0 0 0 0 0 0 0 1 6 7 97 0.3191 203 56 259 147 3.6250 0 0 1 1 0.0246 0.0068 1 0 106 -41.0000 0.5222 -0.7321 1 0 0 0 0 1 6 0 0 0 0 0 2 2 4 2 4 8 4 5 8 9 11 
0 4 8262 1 0 0 1 0 0 0 0 0 0 0 1 1 2 68 0.2237 104 22 126 82 4.7273 0 0 1 1 0.0126 0.0027 1 0 36 -46.0000 0.3462 -2.0909 1 0 0 0 0 0 1 0 0 0 0 0 2 2 4 3 6 4 4 8 12 14 16 
0 4 8262 1 0 0 1 0 0 0 0 0 0 0 2 1 3 134 0.4408 149 63 212 86 2.3651 0 0 1 1 0.0180 0.0076 1 0 15 -71.0000 0.1007 -1.1270 1 0 0 0 0 0 1 0 0 0 0 0 2 2 4 2 4 2 4 8 10 13 16 
0 4 8262 1 0 0 1 0 0 0 0 0 0 0 2 2 4 74 0.2434 149 31 180 118 4.8065 0 0 1 1 0.0180 0.0038 1 0 75 -43.0000 0.5034 -1.3871 1 0 0 0 0 0 2 0 0 0 0 0 2 2 4 2 4 2 4 6 8 10 13 
0 4 8262 1 0 0 1 0 0 0 0 0 0 0 1 2 3 37 0.1217 60 31 91 29 1.9355 0 0 1 1 0.0073 0.0038 1 0 23 -6.0000 0.3833 -0.1935 1 0 0 0 0 0 2 0 0 0 0 0 2 2 4 5 4 4 4 6 8 10 13 
0 4 8262 1 0 0 1 0 0 0 0 0 0 0 1 6 7 83 0.2730 202 56 258 146 3.6071 0 0 1 1 0.0244 0.0068 1 0 119 -27.0000 0.5891 -0.4821 1 0 1 1 0 0 6 0 0 0 0 0 2 2 7 6 6 4 4 5 8 9 11 
0 4 8262 1 0 0 1 0 0 0 0 0 0 0 1 6 7 85 0.2796 103 56 159 47 1.8393 0 0 1 1 0.0125 0.0068 1 0 18 -29.0000 0.1748 -0.5179 1 1 1 0 0 0 6 0 0 0 0 0 2 4 7 4 6 4 4 5 8 9 11 
0 4 8262 1 0 0 1 0 0 0 0 0 0 0 1 6 7 86 0.2829 151 56 207 95 2.6964 0 0 1 1 0.0183 0.0068 1 0 65 -30.0000 0.4305 -0.5357 1 1 0 1 0 0 6 0 0 0 0 0 2 4 4 8 4 6 4 5 8 9 11 
0 4 8262 1 0 0 1 0 0 0 0 0 0 0 1 1 2 139 0.4572 211 32 243 179 6.5938 0 0 1 1 0.0255 0.0039 1 0 72 -107.0000 0.3412 -3.3438 1 0 0 0 0 0 1 0 0 0 0 0 2 2 4 2 4 2 4 7 10 12 14 
0 4 8262 0 1 0 1 0 0 0 0 0 0 0 1 1 2 20 0.0658 65 105 170 40 1.6154 0 0 1 1 0.0079 0.0127 1 1 45 85 0.6923 0.8095 1 0 0 0 0 0 1 0 0 0 0 0 1 0 1 0 1 1 3 7 10 13 15 
0 4 8262 1 0 0 1 0 0 0 0 0 0 0 1 2 3 19 0.0625 48 190 238 142 3.9583 0 0 1 1 0.0058 0.0230 1 1 29 171 0.6042 0.9000 1 0 0 0 0 0 1 0 0 0 0 0 2 0 4 0 4 0 3 6 9 13 16 
0 4 8262 1 0 0 1 0 0 0 0 0 0 0 1 1 2 92 0.3026 103 177 280 74 1.7184 0 0 1 1 0.0125 0.0214 1 1 11 85 0.1068 0.4802 1 0 0 0 0 0 1 0 0 0 0 0 2 0 4 0 4 0 3 6 8 11 13 

