0 1 9638 1 0 1 0 0 1 0 1 0.5000 0.5000 1 4 11 15 183 0.4906 276 320 596 44 1.1594 0 0 1 1 0.0286 0.0332 1 1 93 137 0.3370 0.4281 3 0 1 0 1 0 3 1 1 1 1 0 3 1 5 1 5 1 3 5 8 10 14 
0 1 9638 0 1 1 0 0 1 1 2 0.5000 0.5000 1 1 3 4 80 0.2145 131 124 255 7 1.0565 0 0 1 1 0.0136 0.0129 1 1 51 44 0.3893 0.3548 1 0 0 0 0 0 1 0 0 0 0 0 1 0 1 0 1 1 2 5 8 12 13 
0 1 9638 1 0 1 0 0 0 0 0 0 0 0 6 3 9 30 0.0804 229 142 371 87 1.6127 0 0 1 1 0.0238 0.0147 1 1 199 112 0.8690 0.7887 4 0 2 0 1 0 4 2 1 0 12 0 3 2 6 2 6 2 3 6 10 13 16 
0 1 9638 1 0 1 0 0 0 0 0 0 0 0 6 17 23 29 0.0777 229 35 264 194 6.5429 0 0 1 1 0.0238 0.0036 1 1 200 6 0.8734 0.1714 1 0 4 0 1 0 1 4 1 1 0 12 2 2 7 2 6 2 4 7 10 14 16 
0 1 9638 1 0 1 0 0 0 0 0 0 0 0 6 17 23 30 0.0804 229 35 264 194 6.5429 0 0 1 1 0.0238 0.0036 1 1 199 5 0.8690 0.1429 4 0 2 0 1 0 4 2 1 0 12 0 3 2 6 2 6 2 3 6 10 13 16 
0 1 9638 1 0 1 0 0 0 0 0 0 0 0 6 17 23 31 0.0831 229 35 264 194 6.5429 0 0 1 1 0.0238 0.0036 1 1 198 4 0.8646 0.1143 1 1 4 0 1 0 2 4 1 12 0 0 2 2 7 2 6 2 3 6 9 12 16 
0 1 9638 1 0 1 0 0 0 0 0 0 0 0 6 17 23 32 0.0858 229 35 264 194 6.5429 0 0 1 1 0.0238 0.0036 1 1 197 3 0.8603 0.0857 1 0 1 1 4 0 1 2 15 1 0 0 2 2 4 2 9 3 4 6 8 12 16 
0 1 9638 0 1 1 0 0 0 0 0 0 0 0 4 2 6 68 0.1823 374 101 475 273 3.7030 0 0 1 1 0.0388 0.0105 1 1 306 33 0.8182 0.3267 2 0 0 0 0 0 3 0 0 0 1 1 2 0 2 0 2 1 2 4 7 11 13 
0 1 9638 1 0 1 0 0 0 0 0 0 0 0 4 3 7 70 0.1877 374 134 508 240 2.7910 0 0 1 1 0.0388 0.0139 1 1 304 64 0.8128 0.4776 1 1 0 0 1 1 2 0 1 2 0 0 2 2 4 2 4 8 4 7 9 12 14 
0 1 9638 0 1 1 0 0 0 0 0 0 0 0 3 2 5 123 0.3298 248 258 506 10 1.0403 0 0 1 1 0.0257 0.0268 1 1 125 135 0.5040 0.5233 1 0 0 0 0 0 1 0 0 0 1 0 1 1 1 1 1 2 2 5 8 11 14 
0 1 9638 1 0 1 0 0 0 0 0 0 0 0 3 3 6 123 0.3298 248 273 521 25 1.1008 0 0 1 1 0.0257 0.0283 1 1 125 150 0.5040 0.5495 2 0 0 0 0 0 2 1 0 0 0 0 2 2 4 2 4 2 3 5 9 12 15 
0 1 9638 0 1 1 0 0 0 0 0 0 0 0 1 3 4 30 0.0804 84 142 226 58 1.6905 0 0 1 1 0.0087 0.0147 1 1 54 112 0.6429 0.7887 4 0 1 0 0 0 4 1 0 0 1 0 3 0 3 0 3 1 2 5 8 12 16 
0 1 9638 1 0 1 0 0 0 0 0 0 0 0 2 2 4 68 0.1823 101 201 302 100 1.9901 0 0 1 1 0.0105 0.0209 1 1 33 133 0.3267 0.6617 2 0 0 0 0 2 3 0 1 1 0 0 2 2 4 2 4 8 3 5 8 12 15 
0 1 9638 1 0 1 0 0 0 0 0 0 0 0 3 17 20 30 0.0804 142 35 177 107 4.0571 0 0 1 1 0.0147 0.0036 1 1 112 5 0.7887 0.1429 4 0 2 0 1 0 4 2 1 0 12 0 3 2 6 2 6 2 3 6 10 13 16 
0 1 9638 1 0 1 0 0 0 0 0 0 0 0 2 3 5 215 0.5764 233 273 506 40 1.1717 0 0 1 1 0.0242 0.0283 1 1 18 58 0.0773 0.2125 1 0 0 0 0 0 1 0 0 0 0 1 2 2 4 2 4 3 4 6 9 11 13 
0 1 9638 0 1 1 0 0 0 0 0 0 0 0 3 1 4 74 0.1984 134 182 316 48 1.3582 0 0 1 1 0.0139 0.0189 1 1 60 108 0.4478 0.5934 1 0 0 0 0 1 3 0 1 1 0 0 1 0 1 0 1 1 2 4 6 10 14 
0 1 9638 0 1 1 0 0 0 0 0 0 0 0 3 2 5 71 0.1903 134 201 335 67 1.5000 0 0 1 1 0.0139 0.0209 1 1 63 130 0.4701 0.6468 1 1 0 0 0 0 2 0 0 0 1 2 1 2 1 1 1 2 3 6 8 12 14 
0 1 9638 1 0 1 0 0 0 1 1 0 0 0 1 3 4 96 0.2574 102 124 226 22 1.2157 0 0 1 1 0.0106 0.0129 1 1 6 28 0.0588 0.2258 1 0 0 0 0 0 1 0 0 0 0 0 2 0 4 1 6 2 3 6 9 12 16 
0 1 9638 1 0 1 0 0 0 0 0 0 0 0 2 1 3 14 0.0375 215 33 248 182 6.5152 0 0 1 1 0.0223 0.0034 1 1 201 19 0.9349 0.5758 1 0 0 0 0 0 1 0 0 0 0 0 2 0 4 0 4 0 3 6 9 12 15 
1 1 9639 1 0 1 0 0 0 0 0 0 0 0 11 3 14 107 0.2869 320 225 545 95 1.4222 0 0 1 1 0.0332 0.0233 1 1 213 118 0.6656 0.5244 1 0 0 0 0 0 1 0 0 0 0 1 2 2 4 2 5 4 4 6 9 11 13 
0 1 9638 1 0 1 0 0 1 1 2 0.5000 0.5000 1 9 4 13 183 0.4906 215 276 491 61 1.2837 1 0 1.0047 1 0.0223 0.0286 1 1 32 93 0.1488 0.3370 3 0 1 0 1 0 3 1 1 1 1 0 3 1 5 1 5 1 3 5 8 10 14 
0 1 9638 1 0 1 0 0 1 0 1 0.5000 0.5000 1 9 11 20 183 0.4906 215 320 535 105 1.4884 1 0 1.0047 1 0.0223 0.0332 1 1 32 137 0.1488 0.4281 3 0 1 0 1 0 3 1 1 1 1 0 3 1 5 1 5 1 3 5 8 10 14 
0 1 9638 1 0 1 0 0 1 0 1 0.5000 0.5000 1 9 11 20 184 0.4933 215 320 535 105 1.4884 1 0 1.0047 1 0.0223 0.0332 1 1 31 136 0.1442 0.4250 1 0 4 0 1 0 1 4 1 1 0 0 2 0 7 1 5 1 3 5 7 11 14 
0 1 9638 1 0 1 0 0 1 0 1 0 0 0 9 11 20 185 0.4960 215 320 535 105 1.4884 1 0 1.0047 1 0.0223 0.0332 1 1 30 135 0.1395 0.4219 1 0 2 0 4 0 1 2 4 0 0 1 2 0 4 0 9 1 3 5 8 11 13 
0 1 9638 1 0 1 0 0 1 0 1 0 0 0 9 11 20 186 0.4987 215 320 535 105 1.4884 1 0 1.0047 1 0.0223 0.0332 1 1 29 134 0.1349 0.4188 1 0 2 0 1 0 1 2 1 3 1 1 2 0 4 0 4 1 3 6 9 10 12 
0 1 9638 1 0 1 0 0 1 0 1 0 0 0 9 11 20 187 0.5013 215 320 535 105 1.4884 1 0 1.0047 1 0.0223 0.0332 1 1 28 133 0.1302 0.4156 1 0 1 0 1 0 1 1 1 2 4 1 2 0 4 0 4 0 4 7 8 10 11 
0 1 9638 1 0 1 0 0 1 0 1 0 0 0 9 11 20 190 0.5094 215 320 535 105 1.4884 1 0 1.0047 1 0.0223 0.0332 1 1 25 130 0.1163 0.4062 1 0 1 0 1 0 1 1 1 1 1 1 2 0 4 0 4 0 4 6 9 10 14 
0 1 9638 1 0 1 0 0 1 0 1 0 0 0 9 11 20 191 0.5121 215 320 535 105 1.4884 1 0 1.0047 1 0.0223 0.0332 1 1 24 129 0.1116 0.4031 1 0 2 0 0 0 1 2 0 0 1 1 2 0 4 0 4 0 3 7 9 12 14 
0 1 9638 1 0 1 0 0 1 0 1 0 0 0 9 11 20 192 0.5147 215 320 535 105 1.4884 1 0 1.0047 1 0.0223 0.0332 1 1 23 128 0.1070 0.4000 1 0 1 0 1 0 1 1 1 0 0 1 2 0 4 0 4 0 4 6 10 13 14 
0 1 9638 1 0 0 1 0 0 0 0 0 0 0 1 17 18 38 0.1019 226 35 261 191 6.4571 0 0 1 1 0.0234 0.0036 1 0 188 -3.0000 0.8319 -0.0857 1 0 0 0 1 0 12 0 1 2 3 1 2 2 4 2 9 7 3 5 8 10 13 
0 1 9638 1 0 0 1 0 0 0 0 0 0 0 3 6 9 70 0.1877 273 8 281 265 34.1250 0 0 1 1 0.0283 0.0008 1 0 203 -62.0000 0.7436 -7.7500 1 1 0 0 0 0 6 0 0 0 0 0 2 4 4 4 4 4 2 5 6 9 10 
0 1 9638 1 0 0 1 0 0 0 0 0 0 0 2 6 8 35 0.0938 153 8 161 145 19.1250 0 0 1 1 0.0159 0.0008 1 0 118 -27.0000 0.7712 -3.3750 1 0 0 0 0 0 6 0 0 0 0 0 2 2 4 2 4 2 2 5 6 9 10 
0 1 9638 1 0 0 1 0 0 0 0 0 0 0 3 17 20 61 0.1635 225 35 260 190 6.4286 0 0 1 1 0.0233 0.0036 1 0 164 -26.0000 0.7289 -0.7429 1 0 0 0 0 0 12 0 1 2 3 1 2 2 4 2 4 2 3 5 8 10 13 
0 1 9638 1 0 0 1 0 0 0 0 0 0 0 11 17 28 153 0.4102 320 35 355 285 9.1429 0 0 1 1 0.0332 0.0036 1 0 167 -118.0000 0.5219 -3.3714 1 0 0 0 0 0 12 0 1 2 3 1 2 3 4 5 4 4 3 5 8 10 13 
0 1 9638 1 0 0 1 0 0 0 0 0 0 0 2 17 19 239 0.6408 275 35 310 240 7.8571 0 0 1 1 0.0285 0.0036 1 0 36 -204.0000 0.1309 -5.8286 1 0 0 0 0 0 12 0 1 2 3 1 2 2 4 2 4 2 3 5 8 10 13 
0 1 9638 1 0 0 1 0 0 0 0 0 0 0 2 6 8 43 0.1153 275 8 283 267 34.3750 0 0 1 1 0.0285 0.0008 1 0 232 -35.0000 0.8436 -4.3750 1 0 0 0 0 0 6 0 0 0 0 0 2 2 4 2 4 2 2 5 6 9 10 
0 1 9638 1 0 0 1 0 0 0 0 0 0 0 2 17 19 144 0.3861 215 35 250 180 6.1429 0 0 1 1 0.0223 0.0036 1 0 71 -109.0000 0.3302 -3.1143 1 0 0 0 0 0 12 0 1 2 3 1 2 2 4 2 4 2 3 5 8 10 13 
0 1 9638 1 0 0 1 0 0 0 0 0 0 0 1 17 18 172 0.4611 253 35 288 218 7.2286 0 0 1 1 0.0263 0.0036 1 0 81 -137.0000 0.3202 -3.9143 1 0 0 0 0 0 12 0 1 2 3 1 2 2 4 2 4 2 3 5 8 10 13 
0 1 9638 1 0 0 1 0 0 0 0 0 0 0 2 6 8 69 0.1850 258 8 266 250 32.2500 0 0 1 1 0.0268 0.0008 1 0 189 -61.0000 0.7326 -7.6250 1 1 0 0 0 0 6 0 0 0 0 0 2 4 4 4 4 4 2 5 6 9 10 
0 1 9638 1 0 0 1 0 0 0 0 0 0 0 2 17 19 265 0.7105 325 35 360 290 9.2857 0 0 1 1 0.0337 0.0036 1 0 60 -230.0000 0.1846 -6.5714 1 0 0 0 0 0 12 0 1 2 3 1 2 2 4 2 4 2 3 5 8 10 13 
0 1 9638 1 0 0 1 0 0 0 0 0 0 0 2 4 6 309 0.8284 325 38 363 287 8.5526 0 0 1 1 0.0337 0.0039 1 0 16 -271.0000 0.0492 -7.1316 1 0 0 0 0 0 4 0 0 0 0 0 2 2 4 2 4 2 4 8 12 16 20 
0 1 9638 1 0 0 1 0 0 0 0 0 0 0 2 17 19 164 0.4397 233 35 268 198 6.6571 0 0 1 1 0.0242 0.0036 1 0 69 -129.0000 0.2961 -3.6857 1 0 0 0 0 0 12 0 1 2 3 1 2 2 4 2 4 2 3 5 8 10 13 
0 1 9638 1 0 0 1 0 0 0 0 0 0 0 1 6 7 78 0.2091 157 8 165 149 19.6250 0 0 1 1 0.0163 0.0008 1 0 79 -70.0000 0.5032 -8.7500 1 0 0 0 0 0 6 0 0 0 0 0 2 2 4 2 4 2 2 5 6 9 10 
0 1 9638 1 0 0 1 0 0 0 0 0 0 0 3 6 9 176 0.4718 248 8 256 240 31 0 0 1 1 0.0257 0.0008 1 0 72 -168.0000 0.2903 -21.0000 1 0 0 0 0 0 6 0 0 0 0 0 2 2 4 2 4 2 2 5 6 9 10 
0 1 9638 1 0 0 1 0 0 0 0 0 0 0 4 17 21 279 0.7480 374 35 409 339 10.6857 0 0 1 1 0.0388 0.0036 1 0 95 -244.0000 0.2540 -6.9714 1 0 0 0 0 0 12 0 1 2 3 1 2 2 4 2 4 2 3 5 8 10 13 
0 1 9638 1 0 0 1 0 0 0 0 0 0 0 4 4 8 323 0.8660 374 38 412 336 9.8421 0 0 1 1 0.0388 0.0039 1 0 51 -285.0000 0.1364 -7.5000 1 0 0 0 0 0 4 0 0 0 0 0 2 2 4 2 4 2 4 8 12 16 20 
0 1 9638 1 0 0 1 0 0 0 0 0 0 0 2 17 19 79 0.2118 163 35 198 128 4.6571 0 0 1 1 0.0169 0.0036 1 0 84 -44.0000 0.5153 -1.2571 1 0 0 0 0 0 12 0 1 2 3 1 2 2 4 2 4 2 3 5 8 10 13 
0 1 9638 1 0 0 1 0 0 0 0 0 0 0 2 4 6 123 0.3298 163 38 201 125 4.2895 0 0 1 1 0.0169 0.0039 1 0 40 -85.0000 0.2454 -2.2368 1 0 0 0 0 0 4 0 0 0 0 0 2 2 4 2 4 2 4 8 12 16 20 
0 1 9638 1 0 0 1 0 1 0 1 0 0 0 4 17 21 213 0.5710 276 35 311 241 7.8857 0 0 1 1 0.0286 0.0036 1 0 63 -178.0000 0.2283 -5.0857 1 0 0 0 0 0 12 0 1 2 3 1 2 2 4 2 4 2 3 5 8 10 13 
0 1 9638 1 0 0 1 0 1 0 1 0 0 0 4 4 8 257 0.6890 276 38 314 238 7.2632 0 0 1 1 0.0286 0.0039 1 0 19 -219.0000 0.0688 -5.7632 1 0 0 0 0 0 4 0 0 0 0 0 2 2 4 2 4 2 4 8 12 16 20 
0 1 9638 1 0 0 1 0 0 0 0 0 0 0 6 17 23 34 0.0912 229 35 264 194 6.5429 0 0 1 1 0.0238 0.0036 1 1 195 1 0.8515 0.0286 1 0 0 0 2 0 12 0 1 2 3 1 2 3 4 3 9 3 3 5 8 10 13 
0 1 9638 1 0 0 1 0 0 1 1 0 0 0 1 3 4 35 0.0938 65 124 189 59 1.9077 0 0 1 1 0.0067 0.0129 1 1 30 89 0.4615 0.7177 1 0 0 0 0 0 1 0 0 0 0 0 2 0 4 0 4 0 3 6 8 11 14 
0 1 9638 1 0 0 1 0 0 0 0 0 0 0 2 1 3 87 0.2332 153 201 354 48 1.3137 0 0 1 1 0.0159 0.0209 1 1 66 114 0.4314 0.5672 1 0 0 0 0 0 1 2 0 0 0 0 2 0 4 0 4 0 3 6 8 12 15 
0 1 9638 1 0 0 0 1 0 0 0 0 0 0 1 3 4 11 0.0295 83 225 308 142 2.7108 0 0 1 1 0.0086 0.0233 1 1 72 214 0.8675 0.9511 1 0 0 0 0 0 1 0 0 0 0 0 2 0 4 0 4 0 4 8 10 12 16 

0 2 9639 0 1 1 0 0 1 1 2 0.5000 0.5000 1 1 3 4 80 0.2145 131 124 255 7 1.0565 0 0 1 1 0.0136 0.0129 1 1 51 44 0.3893 0.3548 1 0 0 0 0 0 1 0 0 0 0 0 1 0 1 0 1 1 2 5 8 12 13 
0 2 9639 1 0 1 0 0 0 0 0 0 0 0 6 3 9 30 0.0804 229 142 371 87 1.6127 0 0 1 1 0.0238 0.0147 1 1 199 112 0.8690 0.7887 4 0 2 0 1 0 4 3 1 0 11 0 3 2 6 2 6 2 3 6 10 13 16 
0 2 9639 1 0 1 0 0 0 0 0 0 0 0 6 16 22 29 0.0777 229 35 264 194 6.5429 0 0 1 1 0.0238 0.0036 1 1 200 6 0.8734 0.1714 1 0 4 0 1 0 2 4 1 1 0 11 2 2 7 2 6 2 4 7 10 14 16 
0 2 9639 1 0 1 0 0 0 0 0 0 0 0 6 16 22 30 0.0804 229 35 264 194 6.5429 0 0 1 1 0.0238 0.0036 1 1 199 5 0.8690 0.1429 4 0 2 0 1 0 4 3 1 0 11 0 3 2 6 2 6 2 3 6 10 13 16 
0 2 9639 1 0 1 0 0 0 0 0 0 0 0 6 16 22 31 0.0831 229 35 264 194 6.5429 0 0 1 1 0.0238 0.0036 1 1 198 4 0.8646 0.1143 1 1 4 0 1 0 2 4 2 11 0 0 2 2 7 2 6 2 3 6 9 12 16 
0 2 9639 1 0 1 0 0 0 0 0 0 0 0 6 16 22 32 0.0858 229 35 264 194 6.5429 0 0 1 1 0.0238 0.0036 1 1 197 3 0.8603 0.0857 1 0 1 1 4 0 1 2 14 2 0 0 2 2 4 2 9 3 4 6 8 12 16 
0 2 9639 0 1 1 0 0 0 0 0 0 0 0 4 2 6 68 0.1823 374 101 475 273 3.7030 0 0 1 1 0.0388 0.0105 1 1 306 33 0.8182 0.3267 2 0 0 0 0 0 3 0 0 0 1 1 2 0 2 0 2 1 2 4 7 11 13 
0 2 9639 1 0 1 0 0 0 0 0 0 0 0 4 3 7 70 0.1877 374 134 508 240 2.7910 0 0 1 1 0.0388 0.0139 1 1 304 64 0.8128 0.4776 1 1 0 0 1 1 2 0 1 2 0 0 2 2 4 2 4 8 4 7 9 12 14 
0 2 9639 0 1 1 0 0 0 0 0 0 0 0 3 2 5 123 0.3298 248 258 506 10 1.0403 0 0 1 1 0.0257 0.0268 1 1 125 135 0.5040 0.5233 1 0 0 0 0 0 1 0 0 0 1 0 1 1 1 1 1 2 2 5 8 11 14 
0 2 9639 1 0 1 0 0 0 0 0 0 0 0 3 3 6 123 0.3298 248 273 521 25 1.1008 0 0 1 1 0.0257 0.0283 1 1 125 150 0.5040 0.5495 2 0 0 0 0 0 2 1 0 0 0 0 2 2 4 2 4 2 3 5 9 12 15 
0 2 9639 0 1 1 0 0 0 0 0 0 0 0 1 3 4 30 0.0804 84 142 226 58 1.6905 0 0 1 1 0.0087 0.0147 1 1 54 112 0.6429 0.7887 4 0 1 0 0 0 4 2 0 0 1 0 3 0 3 0 3 1 2 5 8 12 16 
0 2 9639 1 0 1 0 0 0 0 0 0 0 0 2 2 4 68 0.1823 101 201 302 100 1.9901 0 0 1 1 0.0105 0.0209 1 1 33 133 0.3267 0.6617 2 0 0 0 0 2 3 0 1 1 0 0 2 2 4 2 4 8 3 5 8 12 15 
0 2 9639 1 0 1 0 0 0 0 0 0 0 0 3 16 19 30 0.0804 142 35 177 107 4.0571 0 0 1 1 0.0147 0.0036 1 1 112 5 0.7887 0.1429 4 0 2 0 1 0 4 3 1 0 11 0 3 2 6 2 6 2 3 6 10 13 16 
0 2 9639 1 0 1 0 0 0 0 0 0 0 0 3 3 6 215 0.5764 233 273 506 40 1.1717 0 0 1 1 0.0242 0.0283 1 1 18 58 0.0773 0.2125 1 0 0 0 0 0 1 0 0 0 1 0 2 2 4 2 4 3 4 6 9 11 13 
0 2 9639 0 1 1 0 0 0 0 0 0 0 0 3 1 4 74 0.1984 134 182 316 48 1.3582 0 0 1 1 0.0139 0.0189 1 1 60 108 0.4478 0.5934 1 0 0 0 0 1 3 0 1 1 0 0 1 0 1 0 1 1 2 4 6 10 14 
0 2 9639 0 1 1 0 0 0 0 0 0 0 0 3 2 5 71 0.1903 134 201 335 67 1.5000 0 0 1 1 0.0139 0.0209 1 1 63 130 0.4701 0.6468 1 1 0 0 0 0 2 0 0 0 1 2 1 2 1 1 1 2 3 6 8 12 14 
0 2 9639 1 0 1 0 0 0 1 1 0 0 0 1 3 4 96 0.2574 102 124 226 22 1.2157 0 0 1 1 0.0106 0.0129 1 1 6 28 0.0588 0.2258 1 0 0 0 0 0 1 0 0 0 0 0 2 0 4 1 6 2 3 6 9 12 16 
0 2 9639 1 0 1 0 0 0 0 0 0 0 0 2 1 3 14 0.0375 215 33 248 182 6.5152 0 0 1 1 0.0223 0.0034 1 1 201 19 0.9349 0.5758 1 0 0 0 0 0 1 0 0 0 0 0 2 0 4 0 4 0 3 6 9 12 15 
0 2 9639 1 0 1 0 0 1 1 2 0.5000 0.5000 1 1 4 5 183 0.4906 215 276 491 61 1.2837 1 0 1.0047 1 0.0223 0.0286 1 1 32 93 0.1488 0.3370 1 1 0 0 0 0 2 0 0 0 0 0 2 3 3 3 3 3 3 5 8 10 14 
0 2 9639 0 1 1 0 0 1 1 2 0 0.5000 0.5000 3 4 7 184 0.4933 321 276 597 45 1.1630 1 0 1.0031 1 0.0333 0.0286 1 1 137 92 0.4268 0.3333 1 0 0 0 0 0 1 0 0 0 0 0 1 0 1 0 2 1 2 5 7 11 13 
0 2 9639 1 0 1 0 0 1 0 1 0 0 0 3 3 6 159 0.4263 321 233 554 88 1.3777 1 0 1.0031 1 0.0333 0.0242 1 1 162 74 0.5047 0.3176 1 0 0 0 0 0 2 4 1 1 0 11 2 0 7 0 6 1 4 7 10 14 16 
1 2 9640 0 1 1 0 0 1 1 2 0 1 1 3 3 6 108 0.2895 321 225 546 96 1.4267 1 0 1.0031 1 0.0333 0.0233 1 1 213 117 0.6636 0.5200 1 0 0 0 0 0 1 0 0 0 1 0 1 0 1 1 3 5 2 4 6 9 13 
0 2 9639 1 0 0 1 0 0 0 0 0 0 0 1 16 17 38 0.1019 226 35 261 191 6.4571 0 0 1 1 0.0234 0.0036 1 0 188 -3.0000 0.8319 -0.0857 1 0 0 0 1 0 11 0 1 2 3 2 2 2 4 2 9 7 3 5 8 10 13 
0 2 9639 1 0 0 1 0 0 0 0 0 0 0 3 6 9 70 0.1877 273 8 281 265 34.1250 0 0 1 1 0.0283 0.0008 1 0 203 -62.0000 0.7436 -7.7500 1 1 0 0 0 0 6 0 0 0 0 0 2 4 4 4 4 4 2 5 6 9 10 
0 2 9639 1 0 0 1 0 0 0 0 0 0 0 2 6 8 35 0.0938 153 8 161 145 19.1250 0 0 1 1 0.0159 0.0008 1 0 118 -27.0000 0.7712 -3.3750 1 0 0 0 0 0 6 0 0 0 0 0 2 2 4 2 4 2 2 5 6 9 10 
0 2 9639 1 0 0 1 0 1 0 1 0 0 0 3 16 19 61 0.1635 225 35 260 190 6.4286 0 0 1 1 0.0233 0.0036 1 0 164 -26.0000 0.7289 -0.7429 1 0 0 0 0 0 11 0 1 2 3 2 2 2 4 2 4 2 3 5 8 10 13 
0 2 9639 1 0 0 1 0 0 0 0 0 0 0 2 16 18 239 0.6408 275 35 310 240 7.8571 0 0 1 1 0.0285 0.0036 1 0 36 -204.0000 0.1309 -5.8286 1 0 0 0 0 0 11 0 1 2 3 2 2 2 4 2 4 2 3 5 8 10 13 
0 2 9639 1 0 0 1 0 0 0 0 0 0 0 2 6 8 43 0.1153 275 8 283 267 34.3750 0 0 1 1 0.0285 0.0008 1 0 232 -35.0000 0.8436 -4.3750 1 0 0 0 0 0 6 0 0 0 0 0 2 2 4 2 4 2 2 5 6 9 10 
0 2 9639 1 0 0 1 0 0 0 0 0 0 0 2 16 18 144 0.3861 215 35 250 180 6.1429 0 0 1 1 0.0223 0.0036 1 0 71 -109.0000 0.3302 -3.1143 1 0 0 0 0 0 11 0 1 2 3 2 2 2 4 2 4 2 3 5 8 10 13 
0 2 9639 1 0 0 1 0 0 0 0 0 0 0 1 16 17 172 0.4611 253 35 288 218 7.2286 0 0 1 1 0.0262 0.0036 1 0 81 -137.0000 0.3202 -3.9143 1 0 0 0 0 0 11 0 1 2 3 2 2 2 4 2 4 2 3 5 8 10 13 
0 2 9639 1 0 0 1 0 0 0 0 0 0 0 2 6 8 69 0.1850 258 8 266 250 32.2500 0 0 1 1 0.0268 0.0008 1 0 189 -61.0000 0.7326 -7.6250 1 1 0 0 0 0 6 0 0 0 0 0 2 4 4 4 4 4 2 5 6 9 10 
0 2 9639 1 0 0 1 0 0 0 0 0 0 0 2 16 18 265 0.7105 325 35 360 290 9.2857 0 0 1 1 0.0337 0.0036 1 0 60 -230.0000 0.1846 -6.5714 1 0 0 0 0 0 11 0 1 2 3 2 2 2 4 2 4 2 3 5 8 10 13 
0 2 9639 1 0 0 1 0 0 0 0 0 0 0 2 4 6 309 0.8284 325 38 363 287 8.5526 0 0 1 1 0.0337 0.0039 1 0 16 -271.0000 0.0492 -7.1316 1 0 0 0 0 0 4 0 0 0 0 0 2 2 4 2 4 2 4 8 12 16 20 
0 2 9639 1 0 0 1 0 0 0 0 0 0 0 3 16 19 164 0.4397 233 35 268 198 6.6571 0 0 1 1 0.0242 0.0036 1 0 69 -129.0000 0.2961 -3.6857 1 0 0 0 0 0 11 0 1 2 3 2 2 2 4 2 4 2 3 5 8 10 13 
0 2 9639 1 0 0 1 0 0 0 0 0 0 0 1 6 7 78 0.2091 157 8 165 149 19.6250 0 0 1 1 0.0163 0.0008 1 0 79 -70.0000 0.5032 -8.7500 1 0 0 0 0 0 6 0 0 0 0 0 2 2 4 2 4 2 2 5 6 9 10 
0 2 9639 1 0 0 1 0 0 0 0 0 0 0 3 6 9 176 0.4718 248 8 256 240 31 0 0 1 1 0.0257 0.0008 1 0 72 -168.0000 0.2903 -21.0000 1 0 0 0 0 0 6 0 0 0 0 0 2 2 4 2 4 2 2 5 6 9 10 
0 2 9639 1 0 0 1 0 0 0 0 0 0 0 4 16 20 279 0.7480 374 35 409 339 10.6857 0 0 1 1 0.0388 0.0036 1 0 95 -244.0000 0.2540 -6.9714 1 0 0 0 0 0 11 0 1 2 3 2 2 2 4 2 4 2 3 5 8 10 13 
0 2 9639 1 0 0 1 0 0 0 0 0 0 0 4 4 8 323 0.8660 374 38 412 336 9.8421 0 0 1 1 0.0388 0.0039 1 0 51 -285.0000 0.1364 -7.5000 1 0 0 0 0 0 4 0 0 0 0 0 2 2 4 2 4 2 4 8 12 16 20 
0 2 9639 1 0 0 1 0 0 0 0 0 0 0 2 16 18 79 0.2118 163 35 198 128 4.6571 0 0 1 1 0.0169 0.0036 1 0 84 -44.0000 0.5153 -1.2571 1 0 0 0 0 0 11 0 1 2 3 2 2 2 4 2 4 2 3 5 8 10 13 
0 2 9639 1 0 0 1 0 0 0 0 0 0 0 2 4 6 123 0.3298 163 38 201 125 4.2895 0 0 1 1 0.0169 0.0039 1 0 40 -85.0000 0.2454 -2.2368 1 0 0 0 0 0 4 0 0 0 0 0 2 2 4 2 4 2 4 8 12 16 20 
0 2 9639 1 0 0 1 0 1 0 1 0 0 0 4 16 20 213 0.5710 276 35 311 241 7.8857 0 0 1 1 0.0286 0.0036 1 0 63 -178.0000 0.2283 -5.0857 1 0 0 0 0 0 11 0 1 2 3 2 2 2 4 2 4 2 3 5 8 10 13 
0 2 9639 1 0 0 1 0 1 0 1 0 0 0 4 4 8 257 0.6890 276 38 314 238 7.2632 0 0 1 1 0.0286 0.0039 1 0 19 -219.0000 0.0688 -5.7632 1 0 0 0 0 0 4 0 0 0 0 0 2 2 4 2 4 2 4 8 12 16 20 
0 2 9639 1 0 0 1 0 0 0 0 0 0 0 6 16 22 34 0.0912 229 35 264 194 6.5429 0 0 1 1 0.0238 0.0036 1 1 195 1 0.8515 0.0286 1 0 0 0 2 0 11 0 1 2 3 2 2 3 4 3 9 3 3 5 8 10 13 
0 2 9639 1 0 0 1 0 0 1 1 0 0 0 1 3 4 35 0.0938 65 124 189 59 1.9077 0 0 1 1 0.0067 0.0129 1 1 30 89 0.4615 0.7177 1 0 0 0 0 0 1 0 0 0 0 0 2 0 4 0 4 0 3 6 8 11 14 
0 2 9639 1 0 0 1 0 0 0 0 0 0 0 2 1 3 87 0.2332 153 201 354 48 1.3137 0 0 1 1 0.0159 0.0209 1 1 66 114 0.4314 0.5672 1 0 0 0 0 0 1 2 0 0 0 0 2 0 4 0 4 0 3 6 8 12 15 
0 2 9639 1 0 0 0 1 0 1 1 0 0 0 1 3 4 11 0.0295 83 225 308 142 2.7108 0 0 1 1 0.0086 0.0233 1 1 72 214 0.8675 0.9511 1 0 0 0 0 0 1 0 0 0 0 0 2 0 4 0 4 0 4 8 10 12 16 

