1 1 9559 1 0 1 0 0 0 0 0 0 0 0 1 3 4 44 0.1313 56 24 80 32 2.3333 0 0 1 1 0.0059 0.0025 1 0 12 -20.0000 0.2143 -0.8333 1 0 0 0 0 0 3 0 0 0 0 0 2 2 4 2 4 2 4 6 9 11 15 
1 1 9559 1 0 1 0 0 0 0 0 0 0 0 1 3 4 62 0.1851 116 24 140 92 4.8333 0 0 1 1 0.0121 0.0025 1 0 54 -38.0000 0.4655 -1.5833 1 0 0 0 0 0 3 0 0 0 0 0 2 2 4 2 4 2 4 6 9 11 15 
1 1 9559 1 0 1 0 0 0 0 0 0 0 0 1 3 4 28 0.0836 95 24 119 71 3.9583 0 0 1 1 0.0099 0.0025 1 0 67 -4.0000 0.7053 -0.1667 1 0 0 0 0 0 3 0 0 0 0 0 2 2 4 2 4 2 4 6 9 11 15 
0 1 9558 1 0 1 0 0 0 0 0 0 0 0 1 3 4 95 0.2836 194 201 395 7 1.0361 0 0 1 1 0.0203 0.0210 1 1 99 106 0.5103 0.5274 1 0 0 0 0 0 1 0 0 1 0 0 2 0 4 0 4 0 4 7 8 10 11 
0 1 9558 0 1 1 0 0 0 0 0 0 0 0 1 1 2 66 0.1970 132 86 218 46 1.5349 0 0 1 1 0.0138 0.0090 1 1 66 20 0.5000 0.2326 1 0 0 0 0 0 1 0 0 0 0 0 1 0 1 0 1 1 2 4 6 10 13 
0 1 9558 1 0 1 0 0 0 0 0 0 0 0 3 1 4 98 0.2925 201 184 385 17 1.0924 0 0 1 1 0.0210 0.0193 1 1 103 86 0.5124 0.4674 1 0 0 0 0 0 1 0 0 1 0 0 2 0 4 0 4 0 3 5 7 11 14 
0 1 9558 0 1 1 0 0 0 0 0 0 0 0 1 3 4 97 0.2896 194 159 353 35 1.2201 0 0 1 1 0.0203 0.0166 1 1 97 62 0.5000 0.3899 1 0 0 0 0 0 1 0 0 0 0 0 1 0 1 0 2 8 3 6 9 13 15 
0 1 9558 1 0 1 0 0 0 0 0 0 0 0 7 7 14 126 0.3761 250 232 482 18 1.0776 0 0 1 1 0.0262 0.0243 1 1 124 106 0.4960 0.4569 1 0 1 0 1 0 1 1 1 1 1 0 2 0 4 0 9 0 4 7 9 12 16 
0 1 9558 1 0 1 0 0 0 0 0 0 0 0 7 7 14 127 0.3791 250 232 482 18 1.0776 0 0 1 1 0.0262 0.0243 1 1 123 105 0.4920 0.4526 1 0 2 0 1 0 1 2 1 1 0 0 2 0 4 0 9 1 3 6 9 12 15 
0 1 9558 1 0 1 0 0 0 0 0 0 0 0 7 7 14 128 0.3821 250 232 482 18 1.0776 0 0 1 1 0.0262 0.0243 1 1 122 104 0.4880 0.4483 1 0 2 0 2 0 1 2 2 0 0 0 2 0 4 0 10 2 3 5 9 12 15 
0 1 9558 1 0 1 0 0 0 0 0 0 0 0 7 7 14 129 0.3851 250 232 482 18 1.0776 0 0 1 1 0.0262 0.0243 1 1 121 103 0.4840 0.4440 1 0 2 0 1 0 1 2 1 1 0 0 2 0 4 0 9 1 3 6 8 12 15 
0 1 9558 1 0 1 0 0 0 0 0 0 0 0 7 7 14 130 0.3881 250 232 482 18 1.0776 0 0 1 1 0.0262 0.0243 1 1 120 102 0.4800 0.4397 1 0 1 0 1 0 1 1 1 1 1 0 2 0 4 0 9 0 4 6 9 11 15 
0 1 9558 1 0 0 1 0 0 0 0 0 0 0 1 1 2 210 0.6269 242 71 313 171 3.4085 0 0 1 1 0.0253 0.0074 1 0 32 -139.0000 0.1322 -1.9577 1 0 0 0 0 0 1 0 0 0 0 0 2 2 4 2 4 2 4 8 12 16 16 
0 1 9558 1 0 0 1 0 0 0 0 0 0 0 1 1 2 48 0.1433 51 48 99 3 1.0625 0 0 1 1 0.0053 0.0050 1 0 3 0 0.0588 0 1 0 0 0 0 0 1 0 0 0 0 0 2 2 3 2 3 3 4 8 12 15 16 
0 1 9558 1 0 0 1 0 0 0 0 0 0 0 1 1 2 151 0.4507 234 131 365 103 1.7863 0 0 1 1 0.0245 0.0137 1 0 83 -20.0000 0.3547 -0.1527 1 0 0 0 0 0 1 0 0 0 0 0 2 2 4 2 4 2 4 8 12 16 20 
0 1 9558 1 0 0 1 0 0 0 0 0 0 0 1 1 2 253 0.7552 263 40 303 223 6.5750 0 0 1 1 0.0275 0.0042 1 0 10 -213.0000 0.0380 -5.3250 1 0 0 0 0 0 1 0 0 0 0 0 2 2 4 2 4 2 4 8 9 12 15 
0 1 9558 1 0 0 1 0 0 0 0 0 0 0 3 1 4 194 0.5791 201 161 362 40 1.2484 0 0 1 1 0.0210 0.0168 1 0 7 -33.0000 0.0348 -0.2050 1 0 0 0 0 0 1 0 0 0 0 0 2 2 4 2 4 2 4 6 8 11 14 
0 1 9558 1 0 0 1 0 0 0 0 0 0 0 1 3 4 96 0.2866 134 159 293 25 1.1866 0 0 1 1 0.0140 0.0166 1 1 38 63 0.2836 0.3962 1 1 0 0 0 0 2 0 0 0 0 0 2 2 4 2 5 4 3 6 9 13 16 
0 1 9558 1 0 0 1 0 0 0 0 0 0 0 7 7 14 207 0.6179 250 232 482 18 1.0776 0 0 1 1 0.0262 0.0243 1 1 43 25 0.1720 0.1078 1 0 0 0 0 0 1 0 0 0 0 0 2 0 4 0 4 0 4 6 9 12 14 
0 1 9558 1 0 0 1 0 0 0 0 0 0 0 1 1 2 208 0.6209 227 336 563 109 1.4802 0 0 1 1 0.0237 0.0352 1 1 19 128 0.0837 0.3810 1 0 0 0 0 0 1 0 0 0 0 0 2 0 4 0 4 0 4 6 9 11 13 
0 1 9558 1 0 0 0 1 0 0 0 0 0 0 7 7 14 27 0.0806 250 232 482 18 1.0776 0 0 1 1 0.0262 0.0243 1 1 223 205 0.8920 0.8836 1 0 0 0 0 0 1 0 0 0 0 0 2 0 4 0 4 0 4 8 11 13 15 
0 1 9558 1 0 0 0 1 0 0 0 0 0 0 3 1 4 82 0.2448 159 148 307 11 1.0743 0 0 1 1 0.0166 0.0155 1 1 77 66 0.4843 0.4459 1 0 0 0 0 0 1 0 0 0 0 0 2 0 4 3 5 5 4 7 8 12 15 
0 1 9558 1 0 0 0 1 0 0 0 0 0 0 1 1 2 37 0.1104 113 46 159 67 2.4565 0 0 1 1 0.0118 0.0048 1 1 76 9 0.6726 0.1957 1 0 0 0 0 0 1 0 0 0 0 0 2 0 4 0 4 0 4 8 12 16 20 

1 2 9560 1 0 1 0 0 0 1 1 1 1 2 1 3 4 62 0.1851 116 24 140 92 4.8333 0 0 1 1 0.0121 0.0025 1 0 54 -38.0000 0.4655 -1.5833 1 0 0 0 0 0 3 0 0 0 0 0 2 2 4 2 4 2 4 6 9 11 15 
1 2 9560 1 0 1 0 0 0 1 1 1 1 2 1 3 4 28 0.0836 95 24 119 71 3.9583 0 0 1 1 0.0099 0.0025 1 0 67 -4.0000 0.7053 -0.1667 1 0 0 0 0 0 3 0 0 0 0 0 2 2 4 2 4 2 4 6 9 11 15 
0 2 9559 1 0 1 0 0 0 0 0 0 0 0 1 3 4 95 0.2836 194 201 395 7 1.0361 0 0 1 1 0.0203 0.0210 1 1 99 106 0.5103 0.5274 1 0 0 0 0 0 1 0 0 1 0 0 2 0 4 0 4 0 4 7 8 10 11 
0 2 9559 0 1 1 0 0 0 0 0 0 0 0 1 1 2 66 0.1970 132 86 218 46 1.5349 0 0 1 1 0.0138 0.0090 1 1 66 20 0.5000 0.2326 1 0 0 0 0 0 1 0 0 0 0 0 1 0 1 0 1 1 2 4 6 10 13 
0 2 9559 1 0 1 0 0 0 0 0 0 0 0 3 1 4 98 0.2925 201 184 385 17 1.0924 0 0 1 1 0.0210 0.0192 1 1 103 86 0.5124 0.4674 1 0 0 0 0 0 1 0 0 1 0 0 2 0 4 0 4 0 3 5 7 11 14 
0 2 9559 0 1 1 0 0 0 0 0 0 0 0 1 3 4 97 0.2896 194 159 353 35 1.2201 0 0 1 1 0.0203 0.0166 1 1 97 62 0.5000 0.3899 1 0 0 0 0 0 1 0 0 0 0 0 1 0 1 0 2 8 3 6 9 13 15 
0 2 9559 1 0 1 0 0 0 0 0 0 0 0 7 7 14 126 0.3761 250 232 482 18 1.0776 0 0 1 1 0.0262 0.0243 1 1 124 106 0.4960 0.4569 1 0 1 0 1 0 1 1 1 1 1 0 2 0 4 0 9 0 4 7 9 12 16 
0 2 9559 1 0 1 0 0 0 0 0 0 0 0 7 7 14 127 0.3791 250 232 482 18 1.0776 0 0 1 1 0.0262 0.0243 1 1 123 105 0.4920 0.4526 1 0 2 0 1 0 1 2 1 1 0 0 2 0 4 0 9 1 3 6 9 12 15 
0 2 9559 1 0 1 0 0 0 0 0 0 0 0 7 7 14 128 0.3821 250 232 482 18 1.0776 0 0 1 1 0.0262 0.0243 1 1 122 104 0.4880 0.4483 1 0 2 0 2 0 1 2 2 0 0 0 2 0 4 0 10 2 3 5 9 12 15 
0 2 9559 1 0 1 0 0 0 0 0 0 0 0 7 7 14 129 0.3851 250 232 482 18 1.0776 0 0 1 1 0.0262 0.0243 1 1 121 103 0.4840 0.4440 1 0 2 0 1 0 1 2 1 1 0 0 2 0 4 0 9 1 3 6 8 12 15 
0 2 9559 1 0 1 0 0 0 0 0 0 0 0 7 7 14 130 0.3881 250 232 482 18 1.0776 0 0 1 1 0.0262 0.0243 1 1 120 102 0.4800 0.4397 1 0 1 0 1 0 1 1 1 1 1 0 2 0 4 0 9 0 4 6 9 11 15 
1 2 9560 1 0 1 0 0 1 1 2 1 1 2 1 3 4 45 0.1343 57 24 81 33 2.3750 1 0 1.0179 1 0.0060 0.0025 1 0 12 -21.0000 0.2105 -0.8750 1 0 0 0 0 0 3 0 0 0 0 0 2 2 4 3 3 3 4 6 9 11 15 
0 2 9559 1 0 0 1 0 0 0 0 0 0 0 1 1 2 210 0.6269 242 71 313 171 3.4085 0 0 1 1 0.0253 0.0074 1 0 32 -139.0000 0.1322 -1.9577 1 0 0 0 0 0 1 0 0 0 0 0 2 2 4 2 4 2 4 8 12 16 16 
0 2 9559 1 0 0 1 0 0 0 0 0 0 0 1 1 2 48 0.1433 51 48 99 3 1.0625 0 0 1 1 0.0053 0.0050 1 0 3 0 0.0588 0 1 0 0 0 0 0 1 0 0 0 0 0 2 2 3 2 3 3 4 8 12 15 16 
0 2 9559 1 0 0 1 0 0 0 0 0 0 0 1 1 2 151 0.4507 234 131 365 103 1.7863 0 0 1 1 0.0245 0.0137 1 0 83 -20.0000 0.3547 -0.1527 1 0 0 0 0 0 1 0 0 0 0 0 2 2 4 2 4 2 4 8 12 16 20 
0 2 9559 1 0 0 1 0 0 0 0 0 0 0 1 1 2 253 0.7552 263 40 303 223 6.5750 0 0 1 1 0.0275 0.0042 1 0 10 -213.0000 0.0380 -5.3250 1 0 0 0 0 0 1 0 0 0 0 0 2 2 4 2 4 2 4 8 9 12 15 
0 2 9559 1 0 0 1 0 0 0 0 0 0 0 3 1 4 194 0.5791 201 161 362 40 1.2484 0 0 1 1 0.0210 0.0168 1 0 7 -33.0000 0.0348 -0.2050 1 0 0 0 0 0 1 0 0 0 0 0 2 2 4 2 4 2 4 6 8 11 14 
0 2 9559 1 0 0 1 0 0 0 0 0 0 0 1 3 4 96 0.2866 134 159 293 25 1.1866 0 0 1 1 0.0140 0.0166 1 1 38 63 0.2836 0.3962 1 1 0 0 0 0 2 0 0 0 0 0 2 2 4 2 5 4 3 6 9 13 16 
0 2 9559 1 0 0 1 0 0 0 0 0 0 0 7 7 14 207 0.6179 250 232 482 18 1.0776 0 0 1 1 0.0262 0.0243 1 1 43 25 0.1720 0.1078 1 0 0 0 0 0 1 0 0 0 0 0 2 0 4 0 4 0 4 6 9 12 14 
0 2 9559 1 0 0 1 0 0 0 0 0 0 0 1 1 2 208 0.6209 227 336 563 109 1.4802 0 0 1 1 0.0237 0.0352 1 1 19 128 0.0837 0.3810 1 0 0 0 0 0 1 0 0 0 0 0 2 0 4 0 4 0 4 6 9 11 13 
0 2 9559 1 0 0 0 1 0 0 0 0 0 0 7 7 14 27 0.0806 250 232 482 18 1.0776 0 0 1 1 0.0262 0.0243 1 1 223 205 0.8920 0.8836 1 0 0 0 0 0 1 0 0 0 0 0 2 0 4 0 4 0 4 8 11 13 15 
0 2 9559 1 0 0 0 1 0 0 0 0 0 0 3 1 4 82 0.2448 159 148 307 11 1.0743 0 0 1 1 0.0166 0.0155 1 1 77 66 0.4843 0.4459 1 0 0 0 0 0 1 0 0 0 0 0 2 0 4 3 5 5 4 7 8 12 15 
0 2 9559 1 0 0 0 1 0 0 0 0 0 0 1 1 2 37 0.1104 113 46 159 67 2.4565 0 0 1 1 0.0118 0.0048 1 1 76 9 0.6726 0.1957 1 0 0 0 0 0 1 0 0 0 0 0 2 0 4 0 4 0 4 8 12 16 20 

0 3 9560 1 0 1 0 0 0 2 2 2 2 4 1 3 4 28 0.0836 95 24 119 71 3.9583 0 0 1 1 0.0099 0.0025 1 0 67 -4.0000 0.7053 -0.1667 1 0 0 0 0 0 3 0 0 0 0 0 2 2 4 2 4 2 4 6 9 11 15 
0 3 9560 1 0 1 0 0 0 0 0 0 0 0 1 3 4 95 0.2836 194 201 395 7 1.0361 0 0 1 1 0.0203 0.0210 1 1 99 106 0.5103 0.5274 1 0 0 0 0 0 1 0 0 1 0 0 2 0 4 0 4 0 4 7 8 10 11 
0 3 9560 0 1 1 0 0 0 0 0 0 0 0 1 1 2 66 0.1970 132 86 218 46 1.5349 0 0 1 1 0.0138 0.0090 1 1 66 20 0.5000 0.2326 1 0 0 0 0 0 1 0 0 0 0 0 1 0 1 0 1 1 2 4 6 10 13 
0 3 9560 1 0 1 0 0 0 0 0 0 0 0 3 1 4 98 0.2925 201 184 385 17 1.0924 0 0 1 1 0.0210 0.0192 1 1 103 86 0.5124 0.4674 1 0 0 0 0 0 1 0 0 1 0 0 2 0 4 0 4 0 3 5 7 11 14 
0 3 9560 0 1 1 0 0 0 0 0 0 0 0 1 3 4 97 0.2896 194 159 353 35 1.2201 0 0 1 1 0.0203 0.0166 1 1 97 62 0.5000 0.3899 1 0 0 0 0 0 1 0 0 0 0 0 1 0 1 0 2 8 3 6 9 13 15 
0 3 9560 1 0 1 0 0 0 0 0 0 0 0 7 7 14 126 0.3761 250 232 482 18 1.0776 0 0 1 1 0.0262 0.0243 1 1 124 106 0.4960 0.4569 1 0 1 0 1 0 1 1 1 1 1 0 2 0 4 0 9 0 4 7 9 12 16 
0 3 9560 1 0 1 0 0 0 0 0 0 0 0 7 7 14 127 0.3791 250 232 482 18 1.0776 0 0 1 1 0.0262 0.0243 1 1 123 105 0.4920 0.4526 1 0 2 0 1 0 1 2 1 1 0 0 2 0 4 0 9 1 3 6 9 12 15 
0 3 9560 1 0 1 0 0 0 0 0 0 0 0 7 7 14 128 0.3821 250 232 482 18 1.0776 0 0 1 1 0.0262 0.0243 1 1 122 104 0.4880 0.4483 1 0 2 0 2 0 1 2 2 0 0 0 2 0 4 0 10 2 3 5 9 12 15 
0 3 9560 1 0 1 0 0 0 0 0 0 0 0 7 7 14 129 0.3851 250 232 482 18 1.0776 0 0 1 1 0.0262 0.0243 1 1 121 103 0.4840 0.4440 1 0 2 0 1 0 1 2 1 1 0 0 2 0 4 0 9 1 3 6 8 12 15 
0 3 9560 1 0 1 0 0 0 0 0 0 0 0 7 7 14 130 0.3881 250 232 482 18 1.0776 0 0 1 1 0.0262 0.0243 1 1 120 102 0.4800 0.4397 1 0 1 0 1 0 1 1 1 1 1 0 2 0 4 0 9 0 4 6 9 11 15 
1 3 9561 1 0 1 0 0 1 2 3 2 2 4 1 3 4 45 0.1343 57 24 81 33 2.3750 1 0 1.0179 1 0.0060 0.0025 1 0 12 -21.0000 0.2105 -0.8750 1 0 0 0 0 0 3 0 0 0 0 0 2 2 4 3 3 3 4 6 9 11 15 
1 3 9561 1 0 1 0 0 1 2 3 2 2 4 1 3 4 63 0.1881 117 24 141 93 4.8750 1 0 1.0086 1 0.0122 0.0025 1 0 54 -39.0000 0.4615 -1.6250 1 0 0 0 0 0 3 0 0 0 0 0 2 2 4 3 3 3 4 6 9 11 15 
0 3 9560 1 0 0 1 0 0 0 0 0 0 0 1 1 2 210 0.6269 242 71 313 171 3.4085 0 0 1 1 0.0253 0.0074 1 0 32 -139.0000 0.1322 -1.9577 1 0 0 0 0 0 1 0 0 0 0 0 2 2 4 2 4 2 4 8 12 16 16 
0 3 9560 1 0 0 1 0 0 0 0 0 0 0 1 1 2 48 0.1433 51 48 99 3 1.0625 0 0 1 1 0.0053 0.0050 1 0 3 0 0.0588 0 1 0 0 0 0 0 1 0 0 0 0 0 2 2 3 2 3 3 4 8 12 15 16 
0 3 9560 1 0 0 1 0 0 0 0 0 0 0 1 1 2 151 0.4507 234 131 365 103 1.7863 0 0 1 1 0.0245 0.0137 1 0 83 -20.0000 0.3547 -0.1527 1 0 0 0 0 0 1 0 0 0 0 0 2 2 4 2 4 2 4 8 12 16 20 
0 3 9560 1 0 0 1 0 0 0 0 0 0 0 1 1 2 253 0.7552 263 40 303 223 6.5750 0 0 1 1 0.0275 0.0042 1 0 10 -213.0000 0.0380 -5.3250 1 0 0 0 0 0 1 0 0 0 0 0 2 2 4 2 4 2 4 8 9 12 15 
0 3 9560 1 0 0 1 0 0 0 0 0 0 0 3 1 4 194 0.5791 201 161 362 40 1.2484 0 0 1 1 0.0210 0.0168 1 0 7 -33.0000 0.0348 -0.2050 1 0 0 0 0 0 1 0 0 0 0 0 2 2 4 2 4 2 4 6 8 11 14 
0 3 9560 1 0 0 1 0 0 0 0 0 0 0 1 3 4 96 0.2866 134 159 293 25 1.1866 0 0 1 1 0.0140 0.0166 1 1 38 63 0.2836 0.3962 1 1 0 0 0 0 2 0 0 0 0 0 2 2 4 2 5 4 3 6 9 13 16 
0 3 9560 1 0 0 1 0 0 0 0 0 0 0 7 7 14 207 0.6179 250 232 482 18 1.0776 0 0 1 1 0.0262 0.0243 1 1 43 25 0.1720 0.1078 1 0 0 0 0 0 1 0 0 0 0 0 2 0 4 0 4 0 4 6 9 12 14 
0 3 9560 1 0 0 1 0 0 0 0 0 0 0 1 1 2 208 0.6209 227 336 563 109 1.4802 0 0 1 1 0.0237 0.0351 1 1 19 128 0.0837 0.3810 1 0 0 0 0 0 1 0 0 0 0 0 2 0 4 0 4 0 4 6 9 11 13 
0 3 9560 1 0 0 0 1 0 0 0 0 0 0 7 7 14 27 0.0806 250 232 482 18 1.0776 0 0 1 1 0.0262 0.0243 1 1 223 205 0.8920 0.8836 1 0 0 0 0 0 1 0 0 0 0 0 2 0 4 0 4 0 4 8 11 13 15 
0 3 9560 1 0 0 0 1 0 0 0 0 0 0 3 1 4 82 0.2448 159 148 307 11 1.0743 0 0 1 1 0.0166 0.0155 1 1 77 66 0.4843 0.4459 1 0 0 0 0 0 1 0 0 0 0 0 2 0 4 3 5 5 4 7 8 12 15 
0 3 9560 1 0 0 0 1 0 0 0 0 0 0 1 1 2 37 0.1104 113 46 159 67 2.4565 0 0 1 1 0.0118 0.0048 1 1 76 9 0.6726 0.1957 1 0 0 0 0 0 1 0 0 0 0 0 2 0 4 0 4 0 4 8 12 16 20 

0 4 9561 1 0 1 0 0 0 3 3 3 3 6 1 2 3 28 0.0836 95 24 119 71 3.9583 0 0 1 1 0.0099 0.0025 1 0 67 -4.0000 0.7053 -0.1667 1 0 0 0 0 0 2 0 0 0 0 0 2 2 4 2 4 2 4 6 9 11 15 
0 4 9561 1 0 1 0 0 0 0 0 0 0 0 1 3 4 95 0.2836 194 201 395 7 1.0361 0 0 1 1 0.0203 0.0210 1 1 99 106 0.5103 0.5274 1 0 0 0 0 0 1 0 0 1 0 0 2 0 4 0 4 0 4 7 8 10 11 
0 4 9561 0 1 1 0 0 0 0 0 0 0 0 1 1 2 66 0.1970 132 86 218 46 1.5349 0 0 1 1 0.0138 0.0090 1 1 66 20 0.5000 0.2326 1 0 0 0 0 0 1 0 0 0 0 0 1 0 1 0 1 1 2 4 6 10 13 
0 4 9561 1 0 1 0 0 0 0 0 0 0 0 3 1 4 98 0.2925 201 184 385 17 1.0924 0 0 1 1 0.0210 0.0192 1 1 103 86 0.5124 0.4674 1 0 0 0 0 0 1 0 0 1 0 0 2 0 4 0 4 0 3 5 7 11 14 
0 4 9561 0 1 1 0 0 0 0 0 0 0 0 1 3 4 97 0.2896 194 159 353 35 1.2201 0 0 1 1 0.0203 0.0166 1 1 97 62 0.5000 0.3899 1 0 0 0 0 0 1 0 0 0 0 0 1 0 1 0 2 8 3 6 9 13 15 
0 4 9561 1 0 1 0 0 0 0 0 0 0 0 7 7 14 126 0.3761 250 232 482 18 1.0776 0 0 1 1 0.0261 0.0243 1 1 124 106 0.4960 0.4569 1 0 1 0 1 0 1 1 1 1 1 0 2 0 4 0 9 0 4 7 9 12 16 
0 4 9561 1 0 1 0 0 0 0 0 0 0 0 7 7 14 127 0.3791 250 232 482 18 1.0776 0 0 1 1 0.0261 0.0243 1 1 123 105 0.4920 0.4526 1 0 2 0 1 0 1 2 1 1 0 0 2 0 4 0 9 1 3 6 9 12 15 
0 4 9561 1 0 1 0 0 0 0 0 0 0 0 7 7 14 128 0.3821 250 232 482 18 1.0776 0 0 1 1 0.0261 0.0243 1 1 122 104 0.4880 0.4483 1 0 2 0 2 0 1 2 2 0 0 0 2 0 4 0 10 2 3 5 9 12 15 
0 4 9561 1 0 1 0 0 0 0 0 0 0 0 7 7 14 129 0.3851 250 232 482 18 1.0776 0 0 1 1 0.0261 0.0243 1 1 121 103 0.4840 0.4440 1 0 2 0 1 0 1 2 1 1 0 0 2 0 4 0 9 1 3 6 8 12 15 
0 4 9561 1 0 1 0 0 0 0 0 0 0 0 7 7 14 130 0.3881 250 232 482 18 1.0776 0 0 1 1 0.0261 0.0243 1 1 120 102 0.4800 0.4397 1 0 1 0 1 0 1 1 1 1 1 0 2 0 4 0 9 0 4 6 9 11 15 
1 4 9562 1 0 1 0 0 1 3 4 3 3 6 1 2 3 63 0.1881 117 24 141 93 4.8750 1 0 1.0086 1 0.0122 0.0025 1 0 54 -39.0000 0.4615 -1.6250 1 0 0 0 0 0 2 0 0 0 0 0 2 2 4 3 3 3 4 6 9 11 15 
0 4 9561 1 0 0 1 0 0 0 0 0 0 0 1 1 2 210 0.6269 242 71 313 171 3.4085 0 0 1 1 0.0253 0.0074 1 0 32 -139.0000 0.1322 -1.9577 1 0 0 0 0 0 1 0 0 0 0 0 2 2 4 2 4 2 4 8 12 16 16 
0 4 9561 1 0 0 1 0 0 0 0 0 0 0 1 1 2 48 0.1433 51 48 99 3 1.0625 0 0 1 1 0.0053 0.0050 1 0 3 0 0.0588 0 1 0 0 0 0 0 1 0 0 0 0 0 2 2 3 2 3 3 4 8 12 15 16 
0 4 9561 1 0 0 1 0 0 0 0 0 0 0 1 1 2 151 0.4507 234 131 365 103 1.7863 0 0 1 1 0.0245 0.0137 1 0 83 -20.0000 0.3547 -0.1527 1 0 0 0 0 0 1 0 0 0 0 0 2 2 4 2 4 2 4 8 12 16 20 
0 4 9561 1 0 0 1 0 0 0 0 0 0 0 1 1 2 253 0.7552 263 40 303 223 6.5750 0 0 1 1 0.0275 0.0042 1 0 10 -213.0000 0.0380 -5.3250 1 0 0 0 0 0 1 0 0 0 0 0 2 2 4 2 4 2 4 8 9 12 15 
0 4 9561 1 0 0 1 0 0 0 0 0 0 0 3 1 4 194 0.5791 201 161 362 40 1.2484 0 0 1 1 0.0210 0.0168 1 0 7 -33.0000 0.0348 -0.2050 1 0 0 0 0 0 1 0 0 0 0 0 2 2 4 2 4 2 4 6 8 11 14 
0 4 9561 1 0 0 1 0 0 0 0 0 0 0 1 3 4 96 0.2866 134 159 293 25 1.1866 0 0 1 1 0.0140 0.0166 1 1 38 63 0.2836 0.3962 1 1 0 0 0 0 2 0 0 0 0 0 2 2 4 2 5 4 3 6 9 13 16 
0 4 9561 1 0 0 1 0 0 0 0 0 0 0 7 7 14 207 0.6179 250 232 482 18 1.0776 0 0 1 1 0.0261 0.0243 1 1 43 25 0.1720 0.1078 1 0 0 0 0 0 1 0 0 0 0 0 2 0 4 0 4 0 4 6 9 12 14 
0 4 9561 1 0 0 1 0 0 0 0 0 0 0 1 1 2 208 0.6209 227 336 563 109 1.4802 0 0 1 1 0.0237 0.0351 1 1 19 128 0.0837 0.3810 1 0 0 0 0 0 1 0 0 0 0 0 2 0 4 0 4 0 4 6 9 11 13 
0 4 9561 1 0 0 0 1 0 0 0 0 0 0 7 7 14 27 0.0806 250 232 482 18 1.0776 0 0 1 1 0.0261 0.0243 1 1 223 205 0.8920 0.8836 1 0 0 0 0 0 1 0 0 0 0 0 2 0 4 0 4 0 4 8 11 13 15 
0 4 9561 1 0 0 0 1 0 0 0 0 0 0 3 1 4 82 0.2448 159 148 307 11 1.0743 0 0 1 1 0.0166 0.0155 1 1 77 66 0.4843 0.4459 1 0 0 0 0 0 1 0 0 0 0 0 2 0 4 3 5 5 4 7 8 12 15 
0 4 9561 1 0 0 0 1 0 0 0 0 0 0 1 1 2 37 0.1104 113 46 159 67 2.4565 0 0 1 1 0.0118 0.0048 1 1 76 9 0.6726 0.1957 1 0 0 0 0 0 1 0 0 0 0 0 2 0 4 0 4 0 4 8 12 16 20 

