0 1 3 22 0 207 196 11 5 1 0 1 0 0 0 0 0 0 1 2 12 0.5455 15 6 0.0725 0.0290 1 0 3 -6.0000 0.2000 -1.0000 1 1 0 0 0 0 2 0 0 0 0 0 2 4 4 4 4 5 2 3 4 6 6 
1 1 5 22 0 207 196 11 5 1 0 1 0 0 0 0 0 0 3 2 11 0.5000 22 6 0.1063 0.0290 1 0 11 -5.0000 0.5000 -0.8333 1 1 0 0 0 0 2 0 0 0 0 0 2 4 4 4 4 4 2 3 4 6 6 
0 1 4 22 0 207 196 11 5 1 0 1 0 0 0 0 0 0 1 1 3 0.1364 19 3 0.0918 0.0145 1 0 16 0 0.8421 0 1 0 0 0 0 0 1 0 0 0 0 0 2 2 3 2 3 14 4 7 8 9 11 
0 1 3 22 0 207 196 11 5 1 0 1 0 0 0 0 0 0 2 3 19 0.8636 21 22 0.1014 0.1063 1 1 2 3 0.0952 0.1364 1 0 1 0 0 0 1 1 0 0 0 0 2 0 4 1 4 2 4 7 9 12 8 
0 1 3 22 0 207 196 11 5 1 0 0 1 0 0 0 0 0 2 3 18 0.8182 21 22 0.1014 0.1063 1 1 3 4 0.1429 0.1818 1 0 1 0 0 0 1 1 0 0 0 0 2 0 4 0 4 2 3 5 9 12 12 

1 2 2 22 1 207 204 3 3 1 0 1 0 0 0 0 0 0 1 1 3 0.1364 19 3 0.0918 0.0145 1 0 16 0 0.8421 0 1 0 0 0 0 0 1 0 0 0 0 0 2 2 3 2 3 14 4 7 8 9 11 
0 2 1 22 1 207 204 3 3 1 0 1 0 0 0 0 0 0 2 2 19 0.8636 21 22 0.1014 0.1063 1 1 2 3 0.0952 0.1364 1 0 1 0 0 0 1 1 0 0 0 0 2 0 4 1 4 2 4 7 9 12 8 
0 2 1 22 1 207 204 3 3 1 0 0 1 0 0 0 0 0 2 2 18 0.8182 21 22 0.1014 0.1063 1 1 3 4 0.1429 0.1818 1 0 1 0 0 0 1 1 0 0 0 0 2 0 4 0 4 2 3 5 9 12 12 

