0 1 9 26 0 277 271 6 14 1 0 1 0 0 0 0 0 0 1 5 13 0.5000 16 12 0.0578 0.0433 1 0 3 -1.0000 0.1875 -0.0833 1 0 1 0 1 0 2 1 1 1 0 0 2 2 7 1 6 8 2 3 4 6 6 
1 1 14 26 0 277 271 6 14 0 1 1 0 0 0 0 0 0 1 3 8 0.3077 21 21 0.0758 0.0758 1 1 13 13 0.6190 0.6190 1 0 0 1 0 0 1 1 0 1 0 0 1 0 1 4 1 1 2 5 6 8 7 
0 1 10 26 0 277 271 6 14 1 0 1 0 0 0 0 0 0 5 4 2 0.0769 12 9 0.0433 0.0325 1 1 10 7 0.8333 0.7778 1 0 1 0 1 0 1 1 1 1 0 0 2 0 5 0 7 5 4 6 8 9 10 
0 1 10 26 0 277 271 6 14 1 0 1 0 0 0 0 0 0 5 4 3 0.1154 12 9 0.0433 0.0325 1 1 9 6 0.7500 0.6667 1 0 2 0 1 0 1 2 1 0 0 1 2 0 6 2 8 2 3 6 7 10 11 
0 1 10 26 0 277 271 6 14 1 0 1 0 0 0 0 0 0 5 4 4 0.1538 12 9 0.0433 0.0325 1 1 8 5 0.6667 0.5556 1 0 2 0 1 0 1 2 1 0 1 0 2 1 7 2 9 2 3 5 9 9 11 
0 1 10 26 0 277 271 6 14 1 0 1 0 0 0 0 0 0 5 4 5 0.1923 12 9 0.0433 0.0325 1 1 7 4 0.5833 0.4444 1 0 1 0 1 0 1 1 1 2 0 0 2 2 7 2 10 2 3 6 8 11 12 
0 1 10 26 0 277 271 6 14 1 0 1 0 0 0 0 0 0 4 5 8 0.3077 21 12 0.0758 0.0433 1 1 13 4 0.6190 0.3333 1 0 1 0 1 0 1 1 1 2 0 0 2 0 7 5 7 4 3 4 7 9 11 
0 1 10 26 0 277 271 6 14 1 0 1 0 0 0 0 0 0 4 5 9 0.3462 21 12 0.0758 0.0433 1 1 12 3 0.5714 0.2500 1 0 2 0 1 0 1 2 2 0 0 0 2 0 7 4 7 5 2 3 4 8 11 
0 1 10 26 0 277 271 6 14 1 0 1 0 0 0 0 0 0 4 5 10 0.3846 21 12 0.0758 0.0433 1 1 11 2 0.5238 0.1667 1 0 2 0 2 0 1 3 1 0 0 0 2 0 7 5 6 4 2 2 4 6 10 
0 1 10 26 0 277 271 6 14 1 0 1 0 0 0 0 0 0 4 5 11 0.4231 21 12 0.0758 0.0433 1 1 10 1 0.4762 0.0833 1 0 2 0 1 0 2 1 1 1 0 0 2 1 7 5 6 3 2 3 4 6 6 
1 1 14 26 0 277 271 6 14 0 1 1 0 0 0 0 0 0 1 3 10 0.3846 14 21 0.0505 0.0758 1 1 4 11 0.2857 0.5238 1 0 0 1 0 0 1 1 0 0 0 0 1 0 1 3 1 2 2 4 4 6 7 
0 1 13 26 0 277 271 6 14 0 1 0 1 0 0 0 0 0 1 3 12 0.4615 18 21 0.0650 0.0758 1 1 6 9 0.3333 0.4286 1 0 0 0 0 0 1 0 0 0 0 0 1 0 1 0 1 0 1 2 3 5 3 
1 1 14 26 0 277 271 6 14 0 1 0 0 1 0 0 0 0 5 1 9 0.3462 12 16 0.0433 0.0578 1 1 3 7 0.2500 0.4375 1 0 0 0 0 0 1 0 0 1 1 1 1 0 3 3 4 4 3 5 7 10 12 
1 1 14 26 0 277 271 6 14 1 0 0 0 1 0 0 0 0 1 1 5 0.1923 23 14 0.0830 0.0505 1 1 18 9 0.7826 0.6429 1 0 0 0 0 0 1 0 0 1 0 0 2 0 6 0 6 0 3 5 8 12 13 

1 2 9 26 1 277 274 3 9 0 1 1 0 0 0 0 0 0 1 3 8 0.3077 21 21 0.0758 0.0758 1 1 13 13 0.6190 0.6190 1 0 0 1 0 0 1 1 0 1 0 0 1 0 1 4 1 1 2 5 6 8 7 
0 2 5 26 1 277 274 3 9 1 0 1 0 0 0 0 0 0 5 4 2 0.0769 12 9 0.0433 0.0325 1 1 10 7 0.8333 0.7778 1 0 1 0 1 0 1 1 1 1 0 0 2 0 5 0 7 5 4 6 8 9 10 
0 2 5 26 1 277 274 3 9 1 0 1 0 0 0 0 0 0 5 4 3 0.1154 12 9 0.0433 0.0325 1 1 9 6 0.7500 0.6667 1 0 2 0 1 0 1 2 1 0 0 1 2 0 6 2 8 2 3 6 7 10 11 
0 2 5 26 1 277 274 3 9 1 0 1 0 0 0 0 0 0 5 4 4 0.1538 12 9 0.0433 0.0325 1 1 8 5 0.6667 0.5556 1 0 2 0 1 0 1 2 1 0 1 0 2 1 7 2 9 2 3 5 9 9 11 
0 2 5 26 1 277 274 3 9 1 0 1 0 0 0 0 0 0 5 4 5 0.1923 12 9 0.0433 0.0325 1 1 7 4 0.5833 0.4444 1 0 1 0 1 0 1 1 1 2 0 0 2 2 7 2 10 2 3 6 8 11 12 
1 2 9 26 1 277 274 3 9 0 1 1 0 0 0 0 0 0 1 3 10 0.3846 14 21 0.0505 0.0758 1 1 4 11 0.2857 0.5238 1 0 0 1 0 0 1 1 0 0 0 0 1 0 1 3 1 2 2 4 4 6 7 
0 2 8 26 1 277 274 3 9 0 1 0 1 0 0 0 0 0 1 3 12 0.4615 18 21 0.0650 0.0758 1 1 6 9 0.3333 0.4286 1 0 0 0 0 0 1 0 0 0 0 0 1 0 1 0 1 0 1 2 3 5 3 
1 2 9 26 1 277 274 3 9 0 1 0 0 1 0 0 0 0 5 1 9 0.3462 12 16 0.0433 0.0578 1 1 3 7 0.2500 0.4375 1 0 0 0 0 0 1 0 0 1 1 1 1 0 3 3 4 4 3 5 7 10 12 
1 2 9 26 1 277 274 3 9 1 0 0 0 1 0 0 0 0 1 1 5 0.1923 23 14 0.0830 0.0505 1 1 18 9 0.7826 0.6429 1 0 0 0 0 0 1 0 0 1 0 0 2 0 6 0 6 0 3 5 8 12 13 

1 3 5 26 2 277 275 2 5 0 1 1 0 0 0 0 0 0 1 3 8 0.3077 21 21 0.0758 0.0758 1 1 13 13 0.6190 0.6190 1 0 0 1 0 0 1 1 0 1 0 0 1 0 1 4 1 1 2 5 6 8 7 
1 3 5 26 2 277 275 2 5 0 1 1 0 0 0 0 0 0 1 3 10 0.3846 14 21 0.0505 0.0758 1 1 4 11 0.2857 0.5238 1 0 0 1 0 0 1 1 0 0 0 0 1 0 1 3 1 2 2 4 4 6 7 
0 3 4 26 2 277 275 2 5 0 1 0 1 0 0 0 0 0 1 3 12 0.4615 18 21 0.0650 0.0758 1 1 6 9 0.3333 0.4286 1 0 0 0 0 0 1 0 0 0 0 0 1 0 1 0 1 0 1 2 3 5 3 
0 3 4 26 2 277 275 2 5 0 1 0 0 1 1 0 0 0 1 1 9 0.3462 12 16 0.0433 0.0578 1 1 3 7 0.2500 0.4375 1 0 0 0 0 0 1 0 0 0 0 0 1 0 4 1 5 3 3 5 7 10 12 
1 3 5 26 2 277 275 2 5 1 0 0 0 1 0 0 0 0 1 1 5 0.1923 23 14 0.0830 0.0505 1 1 18 9 0.7826 0.6429 1 0 0 0 0 0 1 0 0 1 0 0 2 0 6 0 6 0 3 5 8 12 13 

1 4 4 26 3 277 275 2 4 0 1 1 0 0 0 1 0 0 1 2 8 0.3077 21 21 0.0758 0.0758 1 1 13 13 0.6190 0.6190 1 0 0 1 0 0 1 1 0 0 0 0 1 0 1 4 1 1 2 5 6 8 7 
1 4 4 26 3 277 275 2 4 0 1 1 0 0 0 1 0 0 1 2 10 0.3846 14 21 0.0505 0.0758 1 1 4 11 0.2857 0.5238 1 0 0 0 0 0 1 0 0 0 0 0 1 0 1 0 1 0 2 4 4 6 7 
0 4 3 26 3 277 275 2 4 0 1 0 0 1 1 0 0 0 1 1 9 0.3462 12 16 0.0433 0.0578 1 1 3 7 0.2500 0.4375 1 0 0 0 0 0 1 0 0 0 0 0 1 0 4 1 5 3 3 5 7 10 12 
1 4 4 26 3 277 275 2 4 1 0 0 0 1 0 0 0 0 1 1 5 0.1923 23 14 0.0830 0.0505 1 1 18 9 0.7826 0.6429 1 0 0 0 0 0 1 0 0 1 0 0 2 0 6 0 6 0 3 5 8 12 13 

0 5 2 26 5 278 276 2 3 1 0 1 0 0 2 1 0.5000 0.5000 2 1 8 0.3077 22 21 0.0791 0.0755 1 1 14 13 0.6364 0.6190 1 0 0 0 1 0 1 0 1 0 0 0 2 1 3 1 8 7 3 5 9 11 13 
0 5 2 26 5 278 276 2 3 1 0 1 0 0 2 0 0 0 2 1 10 0.3846 22 14 0.0791 0.0504 1 1 12 4 0.5455 0.2857 1 0 0 0 1 0 1 0 1 0 0 0 2 0 4 0 9 1 3 5 9 9 11 
1 5 3 26 5 278 276 2 3 1 0 0 0 1 0 0 0 0 1 1 5 0.1923 23 14 0.0827 0.0504 1 1 18 9 0.7826 0.6429 1 0 0 0 0 0 1 0 0 0 0 0 2 0 6 0 6 0 3 5 8 12 13 

1 6 3 26 5 278 276 2 3 0 1 1 0 0 0 2 0 0 1 2 10 0.3846 14 21 0.0504 0.0755 1 1 4 11 0.2857 0.5238 1 0 0 0 0 0 1 0 0 0 0 0 1 0 1 0 1 0 2 4 4 6 7 
0 6 2 26 5 278 276 2 3 1 0 1 0 0 1 2 0.5000 0.5000 1 2 8 0.3077 22 21 0.0791 0.0755 1 1 14 13 0.6364 0.6190 1 0 0 1 0 0 1 1 0 0 0 0 2 1 3 5 3 3 3 6 8 12 11 
1 6 3 26 5 278 276 2 3 1 0 0 0 1 0 0 0 0 1 1 5 0.1923 23 14 0.0827 0.0504 1 1 18 9 0.7826 0.6429 1 0 0 0 0 0 1 0 0 0 0 0 2 0 6 0 6 0 3 5 8 12 13 

1 7 4 26 4 278 275 3 4 0 1 1 0 0 1 2 0.5000 0.5000 1 2 8 0.3077 21 21 0.0755 0.0755 1 1 13 13 0.6190 0.6190 1 0 0 1 0 0 1 1 0 0 0 0 1 0 1 4 1 1 2 5 6 8 7 
1 7 4 26 4 278 275 3 4 0 1 1 0 0 0 2 0 0 1 2 10 0.3846 14 21 0.0504 0.0755 1 1 4 11 0.2857 0.5238 1 0 0 0 0 0 1 0 0 0 0 0 1 0 1 0 1 0 2 4 4 6 7 
1 7 4 26 4 278 275 3 4 1 0 1 0 0 1 1 0 0 1 1 9 0.3462 16 10 0.0576 0.0360 1 1 7 1 0.4375 0.1000 1 0 0 0 0 0 1 0 0 0 1 0 2 2 4 3 9 3 3 6 9 10 9 
0 7 3 26 4 278 275 3 4 1 0 0 0 1 0 0 0 0 1 1 5 0.1923 23 14 0.0827 0.0504 1 1 18 9 0.7826 0.6429 1 0 0 0 0 0 1 0 0 0 1 0 2 0 4 0 8 0 3 5 8 12 13 

1 8 5 26 3 277 276 1 5 0 1 0 1 0 2 1 0.5000 0.5000 3 1 8 0.3077 22 21 0.0794 0.0758 1 1 14 13 0.6364 0.6190 1 0 0 0 0 0 1 0 0 0 0 0 1 0 1 0 1 6 2 4 7 8 9 
1 8 5 26 3 277 276 1 5 0 1 0 1 0 2 0 0 0 3 1 10 0.3846 22 14 0.0794 0.0505 1 1 12 4 0.5455 0.2857 1 0 0 1 0 0 1 1 0 0 1 0 1 0 1 0 6 1 2 4 8 9 10 
0 8 3 26 3 277 276 1 5 1 0 0 1 0 2 1 0.5000 0.5000 3 1 12 0.4615 22 18 0.0794 0.0650 1 1 10 6 0.4545 0.3333 1 0 0 1 0 0 1 1 0 1 0 0 2 1 3 1 8 1 3 4 6 9 14 
0 8 4 26 3 277 276 1 5 0 1 0 0 1 2 1 0.5000 0.5000 1 1 9 0.3462 12 16 0.0433 0.0578 1 1 3 7 0.2500 0.4375 1 0 0 0 0 0 1 0 0 0 0 0 1 0 4 1 5 3 3 5 7 10 12 
1 8 5 26 3 277 276 1 5 1 0 0 0 1 0 0 0 0 1 1 5 0.1923 23 14 0.0830 0.0505 1 1 18 9 0.7826 0.6429 1 0 0 0 0 0 1 0 0 1 0 0 2 0 6 0 6 0 3 5 8 12 13 

1 9 3 26 4 277 277 0 3 0 1 0 1 0 3 0 0.5000 0 1 1 11 0.4231 23 14 0.0830 0.0505 1 1 12 3 0.5217 0.2143 1 0 0 0 0 0 1 0 0 0 0 0 1 0 1 0 6 1 2 4 5 8 8 
0 9 2 26 4 277 277 0 3 0 1 0 0 1 2 1 0.5000 0.5000 1 1 9 0.3462 12 16 0.0433 0.0578 1 1 3 7 0.2500 0.4375 1 0 0 0 0 0 1 0 0 0 0 0 1 0 4 1 5 3 3 5 7 10 12 
1 9 3 26 4 277 277 0 3 1 0 0 0 1 0 0 0 0 1 1 5 0.1923 23 14 0.0830 0.0505 1 1 18 9 0.7826 0.6429 1 0 0 0 0 0 1 0 0 1 0 0 2 0 6 0 6 0 3 5 8 12 13 

1 10 3 26 5 278 277 1 3 1 0 1 0 0 2 1 0 0 1 1 9 0.3462 16 10 0.0576 0.0360 1 1 7 1 0.4375 0.1000 1 0 0 0 0 0 1 0 0 0 1 0 2 2 4 3 9 3 3 6 9 10 9 
1 10 3 26 5 278 277 1 3 0 1 0 1 0 4 1 1 0.5000 1 1 11 0.4231 23 14 0.0827 0.0504 1 1 12 3 0.5217 0.2143 1 0 0 0 0 0 1 0 0 0 0 0 1 0 1 0 6 1 2 4 5 8 8 
0 10 2 26 5 278 277 1 3 1 0 0 0 1 0 0 0 0 1 1 5 0.1923 23 14 0.0827 0.0504 1 1 18 9 0.7826 0.6429 1 0 0 0 0 0 1 0 0 0 1 0 2 0 4 0 8 0 3 5 8 12 13 

1 11 4 26 4 277 276 1 4 0 1 0 1 0 4 1 0.5000 1 2 1 8 0.3077 22 21 0.0794 0.0758 1 1 14 13 0.6364 0.6190 1 0 0 0 0 0 1 0 0 0 0 0 1 0 1 0 1 6 2 4 7 8 9 
1 11 4 26 4 277 276 1 4 0 1 0 1 0 4 1 0.5000 0 2 1 10 0.3846 22 14 0.0794 0.0505 1 1 12 4 0.5455 0.2857 1 0 0 1 0 0 1 1 0 0 0 0 1 0 1 0 6 1 2 4 8 9 10 
0 11 3 26 4 277 276 1 4 0 1 0 0 1 3 2 1 1 1 1 9 0.3462 12 16 0.0433 0.0578 1 1 3 7 0.2500 0.4375 1 0 0 0 0 0 1 0 0 0 0 0 1 0 4 1 5 3 3 5 7 10 12 
1 11 4 26 4 277 276 1 4 1 0 0 0 1 0 0 0 0 1 1 5 0.1923 23 14 0.0830 0.0505 1 1 18 9 0.7826 0.6429 1 0 0 0 0 0 1 0 0 1 0 0 2 0 6 0 6 0 3 5 8 12 13 

1 12 3 26 6 278 277 1 3 0 1 0 1 0 5 1 0.5000 0 2 1 10 0.3846 22 14 0.0791 0.0504 1 1 12 4 0.5455 0.2857 1 0 0 1 0 0 1 1 0 0 0 0 1 0 1 3 3 2 2 4 8 9 10 
0 12 2 26 6 278 277 1 3 1 0 0 1 0 2 5 1.5000 1.5000 1 2 8 0.3077 22 22 0.0791 0.0791 1 1 14 14 0.6364 0.6364 1 0 0 1 0 0 1 1 0 0 0 0 2 1 3 5 3 3 3 6 8 12 11 
1 12 3 26 6 278 277 1 3 1 0 0 0 1 0 0 0 0 1 1 5 0.1923 23 14 0.0827 0.0504 1 1 18 9 0.7826 0.6429 1 0 0 0 0 0 1 0 0 0 0 0 2 0 6 0 6 0 3 5 8 12 13 

0 13 2 26 6 278 276 2 3 1 0 1 0 0 5 2 1 1 2 1 8 0.3077 22 21 0.0791 0.0755 1 1 14 13 0.6364 0.6190 1 0 0 0 1 0 1 0 1 0 0 0 2 0 4 0 9 6 3 5 9 11 13 
0 13 2 26 6 278 276 2 3 1 0 1 0 0 5 1 0.5000 0.5000 2 1 10 0.3846 22 14 0.0791 0.0504 1 1 12 4 0.5455 0.2857 1 0 0 0 1 0 1 0 1 0 0 0 2 0 4 0 9 0 3 5 9 9 11 
1 13 3 26 6 278 276 2 3 1 0 0 0 1 0 0 0 0 1 1 5 0.1923 23 14 0.0827 0.0504 1 1 18 9 0.7826 0.6429 1 0 0 0 0 0 1 0 0 0 0 0 2 0 6 0 6 0 3 5 8 12 13 

1 14 4 26 5 278 276 2 4 1 0 1 0 0 3 1 0 0 1 1 9 0.3462 16 10 0.0576 0.0360 1 1 7 1 0.4375 0.1000 1 0 0 0 0 0 1 0 0 0 1 0 2 2 4 3 9 3 3 6 9 10 9 
1 14 4 26 5 278 276 2 4 0 1 0 1 0 5 2 1 1.5000 2 1 8 0.3077 22 21 0.0791 0.0755 1 1 14 13 0.6364 0.6190 1 0 0 0 0 0 1 0 0 0 0 0 1 0 1 0 1 6 2 4 7 8 9 
1 14 4 26 5 278 276 2 4 0 1 0 1 0 5 1 0.5000 0 2 1 10 0.3846 22 14 0.0791 0.0504 1 1 12 4 0.5455 0.2857 1 0 0 1 0 0 1 1 0 0 0 0 1 0 1 0 6 1 2 4 8 9 10 
0 14 3 26 5 278 276 2 4 1 0 0 0 1 0 0 0 0 1 1 5 0.1923 23 14 0.0827 0.0504 1 1 18 9 0.7826 0.6429 1 0 0 0 0 0 1 0 0 0 1 0 2 0 4 0 8 0 3 5 8 12 13 

1 15 6 26 2 278 275 3 6 0 1 1 0 0 2 5 1.5000 1 1 3 8 0.3077 21 21 0.0755 0.0755 1 1 13 13 0.6190 0.6190 1 0 0 1 0 0 1 1 0 1 0 0 1 0 1 4 1 1 2 5 6 8 7 
1 15 6 26 2 278 275 3 6 0 1 1 0 0 1 5 0 0.5000 1 3 10 0.3846 14 21 0.0504 0.0755 1 1 4 11 0.2857 0.5238 1 0 0 1 0 0 1 1 0 0 0 0 1 0 1 3 1 2 2 4 4 6 7 
0 15 5 26 2 278 275 3 6 0 1 0 1 0 2 5 0.5000 1.5000 1 3 12 0.4615 18 21 0.0647 0.0755 1 1 6 9 0.3333 0.4286 1 0 0 0 0 0 1 0 0 0 0 0 1 0 1 0 1 0 1 2 3 5 3 
0 15 5 26 2 278 275 3 6 1 0 0 1 0 4 1 0 0 2 1 9 0.3462 13 9 0.0468 0.0324 1 0 4 0 0.3077 0 1 0 0 0 1 0 1 0 1 0 1 0 2 2 6 2 10 2 3 6 9 10 9 
0 15 5 26 2 278 275 3 6 1 0 0 1 0 4 0 0 0 2 1 11 0.4231 13 23 0.0468 0.0827 1 1 2 12 0.1538 0.5217 1 0 0 0 1 0 1 0 2 0 0 0 2 0 5 3 11 3 4 7 9 11 10 
1 15 6 26 2 278 275 3 6 1 0 0 0 1 0 0 0 0 1 1 5 0.1923 23 14 0.0827 0.0504 1 1 18 9 0.7826 0.6429 1 0 0 0 0 0 1 0 1 0 1 0 2 0 6 0 6 0 3 5 8 12 13 

1 16 14 26 1 279 272 7 14 0 1 1 0 0 2 5 1.5000 1 1 3 8 0.3077 21 21 0.0753 0.0753 1 1 13 13 0.6190 0.6190 1 0 0 1 0 0 1 1 0 1 0 0 1 0 1 4 1 1 2 5 6 8 7 
0 16 10 26 1 279 272 7 14 1 0 1 0 0 4 1 1 1 5 4 2 0.0769 12 9 0.0430 0.0323 1 1 10 7 0.8333 0.7778 1 0 1 0 1 0 1 1 1 1 0 0 2 0 5 0 7 5 4 6 8 9 10 
0 16 10 26 1 279 272 7 14 1 0 1 0 0 4 1 0 0 5 4 3 0.1154 12 9 0.0430 0.0323 1 1 9 6 0.7500 0.6667 1 0 2 0 1 0 1 2 1 0 0 1 2 0 6 2 8 2 3 6 7 10 11 
0 16 10 26 1 279 272 7 14 1 0 1 0 0 4 1 0 0 5 4 4 0.1538 12 9 0.0430 0.0323 1 1 8 5 0.6667 0.5556 1 0 2 0 1 0 1 2 1 0 1 0 2 1 7 2 9 2 3 5 9 9 11 
0 16 10 26 1 279 272 7 14 1 0 1 0 0 4 1 0 0 5 4 5 0.1923 12 9 0.0430 0.0323 1 1 7 4 0.5833 0.4444 1 0 1 0 1 0 1 1 1 2 0 0 2 2 7 2 10 2 3 6 8 11 12 
0 16 10 26 1 279 272 7 14 1 0 1 0 0 0 1 0 0 4 5 8 0.3077 21 12 0.0753 0.0430 1 1 13 4 0.6190 0.3333 1 0 1 0 1 0 1 1 1 2 0 0 2 0 7 5 7 4 3 4 7 9 11 
0 16 10 26 1 279 272 7 14 1 0 1 0 0 0 1 0 0 4 5 9 0.3462 21 12 0.0753 0.0430 1 1 12 3 0.5714 0.2500 1 0 2 0 1 0 1 2 2 0 0 0 2 0 7 4 7 6 2 3 4 8 11 
0 16 10 26 1 279 272 7 14 1 0 1 0 0 0 1 0 0 4 5 10 0.3846 21 12 0.0753 0.0430 1 1 11 2 0.5238 0.1667 1 0 2 0 1 1 1 3 1 0 0 0 2 0 7 6 5 5 2 2 4 6 10 
0 16 10 26 1 279 272 7 14 1 0 1 0 0 0 1 1 1 4 5 11 0.4231 21 12 0.0753 0.0430 1 1 10 1 0.4762 0.0833 1 0 1 1 1 0 2 1 1 1 0 0 2 1 6 7 5 4 2 3 4 6 6 
1 16 14 26 1 279 272 7 14 0 1 1 0 0 1 5 0 0.5000 1 3 10 0.3846 14 21 0.0502 0.0753 1 1 4 11 0.2857 0.5238 1 0 0 1 0 0 1 1 0 0 0 0 1 0 1 3 1 2 2 4 4 6 7 
0 16 9 26 1 279 272 7 14 1 0 1 0 0 1 1 1 1 1 5 14 0.5385 17 12 0.0609 0.0430 1 0 3 -2.0000 0.1765 -0.1667 1 0 0 1 0 1 2 1 1 1 0 0 2 2 4 7 2 6 2 3 4 6 6 
0 16 13 26 1 279 272 7 14 0 1 0 1 0 2 5 0.5000 1.5000 1 3 12 0.4615 18 21 0.0645 0.0753 1 1 6 9 0.3333 0.4286 1 0 0 0 0 0 1 0 0 0 0 0 1 0 1 0 1 0 1 2 3 5 3 
1 16 14 26 1 279 272 7 14 0 1 0 0 1 4 3 1.5000 1.5000 5 1 9 0.3462 12 16 0.0430 0.0573 1 1 3 7 0.2500 0.4375 1 0 0 0 0 0 1 0 0 1 1 1 1 0 3 3 4 4 3 5 7 10 12 
1 16 14 26 1 279 272 7 14 1 0 0 0 1 0 0 0 0 1 1 5 0.1923 23 14 0.0824 0.0502 1 1 18 9 0.7826 0.6429 1 0 0 0 0 0 1 0 0 1 0 0 2 0 6 0 6 0 3 5 8 12 13 

0 17 1 26 6 278 278 0 2 1 0 0 1 0 1 5 0.5000 0.5000 1 1 11 0.4231 15 23 0.0540 0.0827 1 1 4 12 0.2667 0.5217 1 0 0 0 0 0 1 0 0 0 0 0 2 1 3 3 3 9 3 5 9 9 11 
1 17 2 26 6 278 278 0 2 1 0 0 0 1 0 0 0 0 1 1 5 0.1923 23 14 0.0827 0.0504 1 1 18 9 0.7826 0.6429 1 0 0 0 0 0 1 0 0 0 0 0 2 0 6 0 6 0 3 5 8 12 13 

0 18 1 26 7 279 278 1 2 1 0 0 1 0 3 7 2 2 1 1 8 0.3077 22 23 0.0789 0.0824 1 1 14 15 0.6364 0.6522 1 0 0 0 0 0 1 0 0 0 0 0 2 1 3 5 4 3 3 6 8 12 11 
1 18 2 26 7 279 278 1 2 1 0 0 0 1 0 0 0 0 1 1 5 0.1923 23 14 0.0824 0.0502 1 1 18 9 0.7826 0.6429 1 0 0 0 0 0 1 0 0 0 0 0 2 0 6 0 6 0 3 5 8 12 13 

0 19 2 26 7 279 277 2 3 1 0 1 0 0 7 3 1.5000 1.5000 2 1 8 0.3077 23 21 0.0824 0.0753 1 1 15 13 0.6522 0.6190 1 0 0 0 1 0 1 0 1 0 0 0 2 0 4 0 9 7 3 5 9 11 13 
0 19 2 26 7 279 277 2 3 1 0 1 0 0 7 2 1.5000 1.5000 2 1 10 0.3846 23 14 0.0824 0.0502 1 1 13 4 0.5652 0.2857 1 0 0 0 1 0 1 0 1 0 0 0 2 1 3 1 11 1 3 5 9 9 11 
1 19 3 26 7 279 277 2 3 1 0 0 0 1 0 0 0 0 1 1 5 0.1923 23 14 0.0824 0.0502 1 1 18 9 0.7826 0.6429 1 0 0 0 0 0 1 0 0 0 0 0 2 0 6 0 6 0 3 5 8 12 13 

0 20 2 26 6 279 277 2 3 0 1 1 0 0 8 4 1.5000 3 2 1 9 0.3462 22 22 0.0789 0.0789 1 1 13 13 0.5909 0.5909 1 0 0 0 0 0 1 0 0 0 0 0 1 0 1 0 1 0 2 4 7 8 9 
0 20 2 26 6 279 277 2 3 1 0 1 0 0 8 2 1.5000 1.5000 2 1 10 0.3846 22 14 0.0789 0.0502 1 1 12 4 0.5455 0.2857 1 0 1 0 0 0 1 1 0 0 0 0 2 0 4 3 6 2 3 5 9 9 11 
1 20 3 26 6 279 277 2 3 1 0 0 0 1 0 0 0 0 1 1 5 0.1923 23 14 0.0824 0.0502 1 1 18 9 0.7826 0.6429 1 0 0 0 0 0 1 0 0 0 0 0 2 0 6 0 6 0 3 5 8 12 13 

0 21 2 26 7 279 277 2 3 0 1 1 0 0 9 5 1.5000 4 2 1 9 0.3462 22 22 0.0789 0.0789 1 1 13 13 0.5909 0.5909 1 0 0 0 0 0 1 0 0 0 0 0 1 0 1 0 1 0 2 4 7 8 9 
0 21 2 26 7 279 277 2 3 1 0 1 0 0 9 2 1.5000 1.5000 2 1 10 0.3846 22 14 0.0789 0.0502 1 1 12 4 0.5455 0.2857 1 0 1 0 0 0 1 1 0 0 0 0 2 0 4 3 6 1 3 5 9 9 11 
1 21 3 26 7 279 277 2 3 1 0 0 0 1 0 0 0 0 1 1 5 0.1923 23 14 0.0824 0.0502 1 1 18 9 0.7826 0.6429 1 0 0 0 0 0 1 0 0 0 0 0 2 0 6 0 6 0 3 5 8 12 13 

1 22 2 26 7 278 278 0 2 0 1 0 1 0 10 3 4.5000 2 1 1 11 0.4231 23 14 0.0827 0.0504 1 1 12 3 0.5217 0.2143 1 0 0 0 0 0 1 0 0 0 0 0 1 0 1 0 6 1 2 4 5 8 8 
0 22 1 26 7 278 278 0 2 1 0 0 1 0 4 2 1 1 1 1 10 0.3846 17 10 0.0612 0.0360 1 0 7 0 0.4118 0 1 0 0 0 0 0 1 0 0 0 0 0 2 2 5 6 4 8 3 6 9 10 9 

1 23 2 26 8 278 278 0 2 0 1 0 1 0 10 3 4.5000 2 1 1 11 0.4231 23 14 0.0827 0.0504 1 1 12 3 0.5217 0.2143 1 0 0 0 0 0 1 0 0 0 0 0 1 0 1 0 6 1 2 4 5 8 8 
0 23 1 26 8 278 278 0 2 1 0 0 1 0 5 4 1.5000 1.5000 1 1 9 0.3462 17 12 0.0612 0.0432 1 1 8 3 0.4706 0.2500 1 0 0 0 0 0 1 0 0 0 0 0 2 1 5 7 5 9 3 6 9 11 12 

1 24 3 26 6 278 277 1 3 1 0 1 0 0 6 3 2 2 1 1 9 0.3462 16 10 0.0576 0.0360 1 1 7 1 0.4375 0.1000 1 1 0 0 0 0 1 1 0 0 0 0 2 2 6 3 10 3 3 6 9 10 9 
1 24 3 26 6 278 277 1 3 0 1 0 1 0 11 4 5 2.5000 1 1 11 0.4231 23 14 0.0827 0.0504 1 1 12 3 0.5217 0.2143 1 0 0 0 0 0 1 0 0 0 0 0 1 0 1 0 6 1 2 4 5 8 8 
0 24 2 26 6 278 277 1 3 0 1 0 1 0 1 5 2.5000 1.5000 1 1 9 0.3462 14 12 0.0504 0.0432 1 1 5 3 0.3571 0.2500 1 1 0 0 0 0 1 1 0 0 0 0 1 2 2 8 2 7 2 4 7 9 10 

1 25 2 26 8 278 278 0 2 0 1 0 1 0 12 5 5.5000 3 1 1 11 0.4231 23 14 0.0827 0.0504 1 1 12 3 0.5217 0.2143 1 0 0 0 0 0 1 0 0 0 0 0 1 0 1 0 6 1 2 4 5 8 8 
0 25 1 26 8 278 278 0 2 1 0 0 1 0 7 4 3 3 1 1 10 0.3846 17 10 0.0612 0.0360 1 0 7 0 0.4118 0 1 0 0 0 0 0 1 0 0 0 0 0 2 2 6 9 4 8 3 6 9 10 9 

1 26 2 26 9 278 278 0 2 0 1 0 1 0 12 5 5.5000 3 1 1 11 0.4231 23 14 0.0827 0.0504 1 1 12 3 0.5217 0.2143 1 0 0 0 0 0 1 0 0 0 0 0 1 0 1 0 6 1 2 4 5 8 8 
0 26 1 26 9 278 278 0 2 1 0 0 1 0 8 6 3 3 1 1 9 0.3462 17 12 0.0612 0.0432 1 1 8 3 0.4706 0.2500 1 0 0 0 0 0 1 0 0 0 0 0 2 3 5 8 5 7 3 6 9 11 12 

0 27 2 26 7 279 277 2 3 1 0 1 0 0 14 6 3.5000 3.5000 2 1 10 0.3846 22 14 0.0789 0.0502 1 1 12 4 0.5455 0.2857 1 0 1 0 0 0 1 1 0 0 0 0 2 0 4 3 6 1 3 5 9 9 11 
0 27 2 26 7 279 277 2 3 0 1 1 0 0 6 14 6 2.5000 1 2 9 0.3462 22 22 0.0789 0.0789 1 1 13 13 0.5909 0.5909 1 0 1 0 0 0 1 1 0 0 0 0 1 0 4 0 2 0 2 5 6 8 7 
1 27 3 26 7 279 277 2 3 1 0 0 0 1 1 2 1 1 1 1 5 0.1923 23 14 0.0824 0.0502 1 1 18 9 0.7826 0.6429 1 0 0 0 0 0 1 0 0 0 0 0 2 0 6 0 6 0 3 5 8 12 13 

0 28 2 26 6 279 277 2 3 1 0 1 0 0 15 6 3.5000 3.5000 2 1 10 0.3846 22 14 0.0789 0.0502 1 1 12 4 0.5455 0.2857 1 0 1 0 0 0 1 1 0 0 0 0 2 0 4 3 6 2 3 5 9 9 11 
0 28 2 26 6 279 277 2 3 0 1 1 0 0 7 15 6 3.5000 1 2 9 0.3462 22 22 0.0789 0.0789 1 1 13 13 0.5909 0.5909 1 0 1 0 0 0 1 1 0 0 0 0 1 0 4 0 2 0 2 5 6 8 7 
1 28 3 26 6 279 277 2 3 1 0 0 0 1 1 2 1 1 1 1 5 0.1923 23 14 0.0824 0.0502 1 1 18 9 0.7826 0.6429 1 0 0 0 0 0 1 0 0 0 0 0 2 0 6 0 6 0 3 5 8 12 13 

1 29 3 26 8 279 278 1 3 0 1 0 1 0 16 6 3.5000 0 2 1 10 0.3846 22 14 0.0789 0.0502 1 1 12 4 0.5455 0.2857 1 0 0 1 0 0 1 1 0 0 0 0 1 0 1 3 3 2 2 4 8 9 10 
1 29 3 26 8 279 278 1 3 0 1 0 1 0 6 10 0 5 1 1 10 0.3846 11 16 0.0394 0.0573 1 1 1 6 0.0909 0.3750 1 0 0 0 0 0 1 0 0 0 0 0 1 0 1 3 7 2 3 5 4 9 13 
0 29 2 26 8 279 278 1 3 1 0 0 1 0 8 16 6.5000 6.5000 1 2 8 0.3077 22 22 0.0789 0.0789 1 1 14 14 0.6364 0.6364 1 0 0 1 0 0 1 1 0 0 0 0 2 1 3 5 3 3 3 6 8 12 11 

0 30 2 26 8 279 277 2 3 1 0 1 0 0 16 8 4 4 2 1 8 0.3077 22 21 0.0789 0.0753 1 1 14 13 0.6364 0.6190 1 0 0 0 1 0 1 0 1 0 0 0 2 0 4 0 9 6 3 5 9 11 13 
0 30 2 26 8 279 277 2 3 1 0 1 0 0 16 6 3.5000 3.5000 2 1 10 0.3846 22 14 0.0789 0.0502 1 1 12 4 0.5455 0.2857 1 0 0 0 1 0 1 0 1 0 0 0 2 0 4 0 9 0 3 5 9 9 11 
1 30 3 26 8 279 277 2 3 0 1 0 1 0 6 10 0 5 1 1 10 0.3846 11 16 0.0394 0.0573 1 1 1 6 0.0909 0.3750 1 0 0 0 0 0 1 0 0 0 0 0 1 0 1 3 7 2 3 5 4 9 13 

1 31 3 26 7 278 277 1 3 0 1 0 1 0 16 8 4 6.5000 2 1 8 0.3077 22 21 0.0791 0.0755 1 1 14 13 0.6364 0.6190 1 0 0 0 0 0 1 0 0 0 0 0 1 0 1 0 1 6 2 4 7 8 9 
1 31 3 26 7 278 277 1 3 0 1 0 1 0 16 6 3.5000 0 2 1 10 0.3846 22 14 0.0791 0.0504 1 1 12 4 0.5455 0.2857 1 0 0 1 0 0 1 1 0 0 0 0 1 0 1 0 6 1 2 4 8 9 10 
0 31 2 26 7 278 277 1 3 1 0 0 1 0 10 6 5 5 1 1 10 0.3846 17 10 0.0612 0.0360 1 0 7 0 0.4118 0 1 0 0 0 0 0 1 0 0 0 0 0 2 2 5 6 4 8 3 6 9 10 9 

1 32 3 26 8 278 277 1 3 0 1 0 1 0 16 8 4 6.5000 2 1 8 0.3077 22 21 0.0791 0.0755 1 1 14 13 0.6364 0.6190 1 0 0 0 0 0 1 0 0 0 0 0 1 0 1 0 1 6 2 4 7 8 9 
1 32 3 26 8 278 277 1 3 0 1 0 1 0 16 6 3.5000 0 2 1 10 0.3846 22 14 0.0791 0.0504 1 1 12 4 0.5455 0.2857 1 0 0 1 0 0 1 1 0 0 0 0 1 0 1 0 6 1 2 4 8 9 10 
0 32 2 26 8 278 277 1 3 1 0 0 1 0 11 7 4 4 1 1 9 0.3462 17 12 0.0612 0.0432 1 1 8 3 0.4706 0.2500 1 0 0 0 0 0 1 0 0 0 0 0 2 1 5 7 5 9 3 6 9 11 12 

1 33 2 26 10 279 278 1 2 0 1 0 1 0 17 6 3.5000 0 2 1 10 0.3846 22 14 0.0789 0.0502 1 1 12 4 0.5455 0.2857 1 0 0 1 0 0 1 1 0 0 0 0 1 0 1 3 3 2 2 4 8 9 10 
0 33 1 26 10 279 278 1 2 1 0 0 1 0 9 17 7 7 1 2 8 0.3077 22 22 0.0789 0.0789 1 1 14 14 0.6364 0.6364 1 0 0 1 0 0 1 1 0 0 0 0 2 1 3 5 3 3 3 6 8 12 11 

1 34 4 26 6 278 276 2 4 1 0 1 0 0 12 7 6 6 1 1 9 0.3462 16 10 0.0576 0.0360 1 1 7 1 0.4375 0.1000 1 1 0 0 0 0 1 1 0 0 0 0 2 2 6 3 10 3 3 6 9 10 9 
1 34 4 26 6 278 276 2 4 0 1 0 1 0 17 9 4.5000 7 2 1 8 0.3077 22 21 0.0791 0.0755 1 1 14 13 0.6364 0.6190 1 0 0 0 0 0 1 0 0 0 0 0 1 0 1 0 1 6 2 4 7 8 9 
1 34 4 26 6 278 276 2 4 0 1 0 1 0 17 6 3.5000 0 2 1 10 0.3846 22 14 0.0791 0.0504 1 1 12 4 0.5455 0.2857 1 0 0 1 0 0 1 1 0 0 0 0 1 0 1 0 6 1 2 4 8 9 10 
0 34 3 26 6 278 276 2 4 0 1 0 1 0 3 8 5 2 1 1 9 0.3462 14 12 0.0504 0.0432 1 1 5 3 0.3571 0.2500 1 1 0 0 0 0 1 1 0 0 0 0 1 2 2 8 2 7 2 4 7 9 10 

1 35 3 26 9 279 278 1 3 0 1 0 1 0 18 6 3.5000 0 2 1 10 0.3846 22 14 0.0789 0.0502 1 1 12 4 0.5455 0.2857 1 0 0 1 0 0 1 1 0 0 0 0 1 0 1 3 3 2 2 4 8 9 10 
1 35 3 26 9 279 278 1 3 0 1 0 1 0 8 13 0 7 1 1 10 0.3846 11 16 0.0394 0.0573 1 1 1 6 0.0909 0.3750 1 0 0 0 0 0 1 0 0 0 0 0 1 0 3 2 7 1 3 5 4 9 13 
0 35 2 26 9 279 278 1 3 1 0 0 1 0 10 18 7.5000 7.5000 1 2 8 0.3077 22 22 0.0789 0.0789 1 1 14 14 0.6364 0.6364 1 0 0 1 0 0 1 1 0 0 0 0 2 1 3 5 3 3 3 6 8 12 11 

0 36 2 26 9 279 277 2 3 1 0 1 0 0 18 10 5 5 2 1 8 0.3077 22 21 0.0789 0.0753 1 1 14 13 0.6364 0.6190 1 0 0 0 1 0 1 0 1 0 0 0 2 0 4 0 9 6 3 5 9 11 13 
0 36 2 26 9 279 277 2 3 1 0 1 0 0 18 6 3.5000 3.5000 2 1 10 0.3846 22 14 0.0789 0.0502 1 1 12 4 0.5455 0.2857 1 0 0 0 1 0 1 0 1 0 0 0 2 0 4 0 9 0 3 5 9 9 11 
1 36 3 26 9 279 277 2 3 0 1 0 1 0 8 13 0 7 1 1 10 0.3846 11 16 0.0394 0.0573 1 1 1 6 0.0909 0.3750 1 0 0 0 0 0 1 0 0 0 0 0 1 0 3 2 7 1 3 5 4 9 13 

1 37 3 26 8 278 277 1 3 0 1 0 1 0 18 10 5 7.5000 2 1 8 0.3077 22 21 0.0791 0.0755 1 1 14 13 0.6364 0.6190 1 0 0 0 0 0 1 0 0 0 0 0 1 0 1 0 1 6 2 4 7 8 9 
1 37 3 26 8 278 277 1 3 0 1 0 1 0 18 6 3.5000 0 2 1 10 0.3846 22 14 0.0791 0.0504 1 1 12 4 0.5455 0.2857 1 0 0 1 0 0 1 1 0 0 0 0 1 0 1 0 6 1 2 4 8 9 10 
0 37 2 26 8 278 277 1 3 1 0 0 1 0 13 8 7 7 1 1 10 0.3846 17 10 0.0612 0.0360 1 0 7 0 0.4118 0 1 0 0 0 0 0 1 0 0 0 0 0 2 2 6 9 4 8 3 6 9 10 9 

1 38 3 26 9 278 277 1 3 0 1 0 1 0 18 10 5 7.5000 2 1 8 0.3077 22 21 0.0791 0.0755 1 1 14 13 0.6364 0.6190 1 0 0 0 0 0 1 0 0 0 0 0 1 0 1 0 1 6 2 4 7 8 9 
1 38 3 26 9 278 277 1 3 0 1 0 1 0 18 6 3.5000 0 2 1 10 0.3846 22 14 0.0791 0.0504 1 1 12 4 0.5455 0.2857 1 0 0 1 0 0 1 1 0 0 0 0 1 0 1 0 6 1 2 4 8 9 10 
0 38 2 26 9 278 277 1 3 1 0 0 1 0 14 9 5.5000 5.5000 1 1 9 0.3462 17 12 0.0612 0.0432 1 1 8 3 0.4706 0.2500 1 0 0 0 0 0 1 0 0 0 0 0 2 3 5 8 5 7 3 6 9 11 12 

1 39 2 26 11 279 278 1 2 0 1 0 1 0 19 6 3.5000 0 2 1 10 0.3846 22 14 0.0789 0.0502 1 1 12 4 0.5455 0.2857 1 0 0 1 0 0 1 1 0 0 0 0 1 0 1 3 3 2 2 4 8 9 10 
0 39 1 26 11 279 278 1 2 1 0 0 1 0 11 19 8 8 1 2 8 0.3077 22 22 0.0789 0.0789 1 1 14 14 0.6364 0.6364 1 0 0 1 0 0 1 1 0 0 0 0 2 1 3 5 3 3 3 6 8 12 11 

1 40 3 26 6 279 276 3 3 1 0 1 0 0 15 9 8 8 1 1 9 0.3462 16 10 0.0573 0.0358 1 1 7 1 0.4375 0.1000 1 0 0 0 0 0 1 0 0 0 0 0 2 2 4 3 9 3 3 6 9 10 9 
0 40 2 26 6 279 276 3 3 1 0 1 0 0 20 12 6 6 2 1 8 0.3077 22 21 0.0789 0.0753 1 1 14 13 0.6364 0.6190 1 0 0 0 1 0 1 0 1 0 0 0 2 1 3 1 8 7 3 5 9 11 13 
0 40 2 26 6 279 276 3 3 1 0 1 0 0 20 6 3.5000 3.5000 2 1 10 0.3846 22 14 0.0789 0.0502 1 1 12 4 0.5455 0.2857 1 0 0 0 1 0 1 0 1 0 0 0 2 0 4 0 9 1 3 5 9 9 11 

1 41 3 26 6 279 276 3 3 0 1 1 0 0 6 20 0 3.5000 1 2 10 0.3846 14 21 0.0502 0.0753 1 1 4 11 0.2857 0.5238 1 0 0 0 0 0 1 0 0 0 0 0 1 0 1 0 1 0 2 4 4 6 7 
1 41 3 26 6 279 276 3 3 1 0 1 0 0 15 9 8 8 1 1 9 0.3462 16 10 0.0573 0.0358 1 1 7 1 0.4375 0.1000 1 0 0 0 0 0 1 0 0 0 0 0 2 2 4 3 9 3 3 6 9 10 9 
0 41 2 26 6 279 276 3 3 1 0 1 0 0 12 20 8.5000 8.5000 1 2 8 0.3077 22 21 0.0789 0.0753 1 1 14 13 0.6364 0.6190 1 0 0 1 0 0 1 1 0 0 0 0 2 1 3 5 3 3 3 6 8 12 11 

1 42 4 26 5 278 275 3 4 0 1 1 0 0 12 20 8.5000 6 1 2 8 0.3077 21 21 0.0755 0.0755 1 1 13 13 0.6190 0.6190 1 0 0 1 0 0 1 1 0 0 0 0 1 0 1 4 1 1 2 5 6 8 7 
1 42 4 26 5 278 275 3 4 0 1 1 0 0 6 20 0 3.5000 1 2 10 0.3846 14 21 0.0504 0.0755 1 1 4 11 0.2857 0.5238 1 0 0 0 0 0 1 0 0 0 0 0 1 0 1 0 1 0 2 4 4 6 7 
1 42 4 26 5 278 275 3 4 1 0 1 0 0 15 9 8 8 1 1 9 0.3462 16 10 0.0576 0.0360 1 1 7 1 0.4375 0.1000 1 1 0 0 0 0 1 1 0 0 0 0 2 2 6 3 10 3 3 6 9 10 9 
0 42 3 26 5 278 275 3 4 0 1 0 1 0 5 10 6.5000 2.5000 1 1 9 0.3462 14 12 0.0504 0.0432 1 1 5 3 0.3571 0.2500 1 1 0 0 0 0 1 1 0 0 0 0 1 2 2 8 2 7 2 4 7 9 10 

1 43 3 26 7 279 276 3 3 1 0 1 0 0 15 9 8 8 1 1 9 0.3462 16 10 0.0573 0.0358 1 1 7 1 0.4375 0.1000 1 0 0 0 0 0 1 0 0 0 0 0 2 3 6 3 10 3 3 6 9 10 9 
0 43 2 26 7 279 276 3 3 1 0 1 0 0 21 13 6.5000 6.5000 2 1 8 0.3077 22 21 0.0789 0.0753 1 1 14 13 0.6364 0.6190 1 0 0 0 1 0 1 0 1 0 0 0 2 1 3 1 8 7 3 5 9 11 13 
0 43 2 26 7 279 276 3 3 1 0 1 0 0 21 6 3.5000 3.5000 2 1 10 0.3846 22 14 0.0789 0.0502 1 1 12 4 0.5455 0.2857 1 0 0 0 1 0 1 0 1 0 0 0 2 0 4 0 9 1 3 5 9 9 11 

1 44 3 26 7 279 276 3 3 0 1 1 0 0 6 21 0 3.5000 1 2 10 0.3846 14 21 0.0502 0.0753 1 1 4 11 0.2857 0.5238 1 0 0 0 0 0 1 0 0 0 0 0 1 0 1 0 1 0 2 4 4 6 7 
1 44 3 26 7 279 276 3 3 1 0 1 0 0 15 9 8 8 1 1 9 0.3462 16 10 0.0573 0.0358 1 1 7 1 0.4375 0.1000 1 0 0 0 0 0 1 0 0 0 0 0 2 3 6 3 10 3 3 6 9 10 9 
0 44 2 26 7 279 276 3 3 1 0 1 0 0 13 21 9 9 1 2 8 0.3077 22 21 0.0789 0.0753 1 1 14 13 0.6364 0.6190 1 0 0 1 0 0 1 1 0 0 0 0 2 1 3 5 3 3 3 6 8 12 11 

1 45 5 26 3 278 275 3 5 0 1 1 0 0 13 22 9 6.5000 1 2 8 0.3077 21 21 0.0755 0.0755 1 1 13 13 0.6190 0.6190 1 0 0 1 0 0 1 1 0 0 0 0 1 0 1 4 1 1 2 5 6 8 7 
1 45 5 26 3 278 275 3 5 0 1 1 0 0 6 22 0 3.5000 1 2 10 0.3846 14 21 0.0504 0.0755 1 1 4 11 0.2857 0.5238 1 0 0 0 0 0 1 0 0 0 0 0 1 0 1 0 1 0 2 4 4 6 7 
0 45 4 26 3 278 275 3 5 1 0 0 1 0 11 9 8 8 2 1 9 0.3462 13 9 0.0468 0.0324 1 0 4 0 0.3077 0 1 0 0 0 1 0 1 0 1 0 1 0 2 2 6 2 10 2 3 6 9 10 9 
0 45 4 26 3 278 275 3 5 1 0 0 1 0 11 0 0 0 2 1 11 0.4231 13 23 0.0468 0.0827 1 1 2 12 0.1538 0.5217 1 0 0 0 1 0 1 0 2 0 0 0 2 0 5 3 11 3 4 7 9 11 10 
1 45 5 26 3 278 275 3 5 1 0 0 0 1 3 6 3 3 1 1 5 0.1923 23 14 0.0827 0.0504 1 1 18 9 0.7826 0.6429 1 0 0 0 0 0 1 0 1 0 1 0 2 0 6 0 6 0 3 5 8 12 13 

1 46 5 26 4 278 275 3 5 0 1 1 0 0 13 22 9 6.5000 1 2 8 0.3077 21 21 0.0755 0.0755 1 1 13 13 0.6190 0.6190 1 0 0 1 0 0 1 1 0 0 0 0 1 0 1 4 1 1 2 5 6 8 7 
1 46 5 26 4 278 275 3 5 0 1 1 0 0 6 22 0 3.5000 1 2 10 0.3846 14 21 0.0504 0.0755 1 1 4 11 0.2857 0.5238 1 0 0 0 0 0 1 0 0 0 0 0 1 0 1 0 1 0 2 4 4 6 7 
0 46 4 26 4 278 275 3 5 1 0 0 1 0 12 15 3 3 2 1 9 0.3462 13 16 0.0468 0.0576 1 1 4 7 0.3077 0.4375 1 0 0 0 1 0 1 0 1 0 1 0 2 0 6 3 12 3 4 6 9 11 12 
0 46 4 26 4 278 275 3 5 1 0 0 1 0 12 0 0 0 2 1 11 0.4231 13 23 0.0468 0.0827 1 1 2 12 0.1538 0.5217 1 0 0 0 1 0 1 0 2 0 0 0 2 0 5 3 11 3 4 7 9 11 10 
1 46 5 26 4 278 275 3 5 1 0 0 0 1 3 6 3 3 1 1 5 0.1923 23 14 0.0827 0.0504 1 1 18 9 0.7826 0.6429 1 0 0 0 0 0 1 0 1 0 1 0 2 0 6 0 6 0 3 5 8 12 13 

1 47 4 26 5 278 276 2 4 0 1 1 0 0 13 22 9 6.5000 1 2 8 0.3077 21 21 0.0755 0.0755 1 1 13 13 0.6190 0.6190 1 0 0 1 0 0 1 1 0 0 0 0 1 0 1 4 1 1 2 5 6 8 7 
1 47 4 26 5 278 276 2 4 0 1 1 0 0 6 22 0 3.5000 1 2 10 0.3846 14 21 0.0504 0.0755 1 1 4 11 0.2857 0.5238 1 0 0 0 0 0 1 0 0 0 0 0 1 0 1 0 1 0 2 4 4 6 7 
1 47 4 26 5 278 276 2 4 1 0 0 0 1 3 6 3 3 1 1 5 0.1923 23 14 0.0827 0.0504 1 1 18 9 0.7826 0.6429 1 0 0 0 0 0 1 0 1 0 0 0 2 0 6 0 6 0 3 5 8 12 13 
0 47 3 26 5 278 276 2 4 0 1 0 0 1 13 0 7 0 1 1 12 0.4615 14 23 0.0504 0.0827 1 1 2 11 0.1429 0.4783 1 0 0 0 0 0 1 0 0 0 0 1 1 1 3 2 9 2 2 4 6 10 13 

0 48 2 26 7 279 277 2 3 1 0 1 0 0 23 14 7 7 2 1 8 0.3077 22 21 0.0789 0.0753 1 1 14 13 0.6364 0.6190 1 0 0 0 1 0 1 0 1 0 0 0 2 1 3 1 8 7 3 5 9 11 13 
0 48 2 26 7 279 277 2 3 1 0 1 0 0 23 6 3.5000 3.5000 2 1 10 0.3846 22 14 0.0789 0.0502 1 1 12 4 0.5455 0.2857 1 0 0 0 1 0 1 0 1 0 0 0 2 0 4 0 9 1 3 5 9 9 11 
1 48 3 26 7 279 277 2 3 1 0 0 0 1 3 6 3 3 1 1 5 0.1923 23 14 0.0824 0.0502 1 1 18 9 0.7826 0.6429 1 0 0 0 0 0 1 0 0 0 0 0 2 0 6 0 6 0 3 5 8 12 13 

1 49 3 26 7 279 277 2 3 0 1 1 0 0 6 23 0 3.5000 1 2 10 0.3846 14 21 0.0502 0.0753 1 1 4 11 0.2857 0.5238 1 0 0 0 0 0 1 0 0 0 0 0 1 0 1 0 1 0 2 4 4 6 7 
0 49 2 26 7 279 277 2 3 1 0 1 0 0 14 23 9.5000 9.5000 1 2 8 0.3077 22 21 0.0789 0.0753 1 1 14 13 0.6364 0.6190 1 0 0 1 0 0 1 1 0 0 0 0 2 1 3 5 3 3 3 6 8 12 11 
1 49 3 26 7 279 277 2 3 1 0 0 0 1 3 6 3 3 1 1 5 0.1923 23 14 0.0824 0.0502 1 1 18 9 0.7826 0.6429 1 0 0 0 0 0 1 0 0 0 0 0 2 0 6 0 6 0 3 5 8 12 13 

1 50 4 26 6 279 276 3 4 0 1 1 0 0 14 23 9.5000 7 1 2 8 0.3077 21 21 0.0753 0.0753 1 1 13 13 0.6190 0.6190 1 0 0 1 0 0 1 1 0 0 0 0 1 0 1 4 1 1 2 5 6 8 7 
1 50 4 26 6 279 276 3 4 0 1 1 0 0 6 23 0 3.5000 1 2 10 0.3846 14 21 0.0502 0.0753 1 1 4 11 0.2857 0.5238 1 0 0 0 0 0 1 0 0 0 0 0 1 0 1 0 1 0 2 4 4 6 7 
0 50 3 26 6 279 276 3 4 1 0 1 0 0 14 10 9 9 1 1 10 0.3846 14 9 0.0502 0.0323 1 0 4 -1.0000 0.2857 -0.1111 1 0 0 0 0 0 1 0 0 0 1 0 2 3 4 7 4 7 3 6 9 10 9 
1 50 4 26 6 279 276 3 4 1 0 0 0 1 3 6 3 3 1 1 5 0.1923 23 14 0.0824 0.0502 1 1 18 9 0.7826 0.6429 1 0 0 0 0 0 1 0 0 0 1 0 2 0 6 0 6 0 3 5 8 12 13 

1 51 5 26 5 279 275 4 5 0 1 1 0 0 14 23 9.5000 7 1 2 8 0.3077 21 21 0.0753 0.0753 1 1 13 13 0.6190 0.6190 1 0 0 1 0 0 1 1 0 0 0 0 1 0 1 4 1 1 2 5 6 8 7 
1 51 5 26 5 279 275 4 5 0 1 1 0 0 6 23 0 3.5000 1 2 10 0.3846 14 21 0.0502 0.0753 1 1 4 11 0.2857 0.5238 1 0 0 0 0 0 1 0 0 0 0 0 1 0 1 0 1 0 2 4 4 6 7 
0 51 4 26 5 279 275 4 5 1 0 1 0 0 16 10 9 9 1 1 9 0.3462 16 9 0.0573 0.0323 1 0 7 0 0.4375 0 1 0 0 0 1 0 1 0 1 0 1 0 2 2 5 2 10 2 3 6 9 10 9 
1 51 5 26 5 279 275 4 5 1 0 0 1 0 14 1 0.5000 0.5000 1 1 11 0.4231 13 23 0.0466 0.0824 1 1 2 12 0.1538 0.5217 1 0 0 0 1 0 1 0 2 0 0 0 2 0 5 3 10 3 4 7 9 11 10 
0 51 4 26 5 279 275 4 5 1 0 0 0 1 3 6 3 3 1 1 5 0.1923 23 14 0.0824 0.0502 1 1 18 9 0.7826 0.6429 1 0 0 0 0 0 1 0 1 0 1 0 2 0 4 0 8 0 3 5 8 12 13 

0 52 5 26 3 278 276 2 6 1 0 0 1 0 14 10 9 9 2 1 9 0.3462 13 9 0.0468 0.0324 1 0 4 0 0.3077 0 1 0 0 0 1 0 1 0 1 0 1 0 2 2 6 2 10 2 3 6 9 10 9 
0 52 5 26 3 278 276 2 6 1 0 0 1 0 14 1 0.5000 0.5000 2 1 11 0.4231 13 23 0.0468 0.0827 1 1 2 12 0.1538 0.5217 1 0 0 0 1 0 1 0 2 0 0 0 2 0 5 3 11 3 4 7 9 11 10 
1 52 6 26 3 278 276 2 6 0 1 0 1 0 23 14 7 9.5000 3 1 8 0.3077 22 21 0.0791 0.0755 1 1 14 13 0.6364 0.6190 1 0 0 0 0 0 1 0 0 0 0 0 1 0 1 0 1 6 2 4 7 8 9 
1 52 6 26 3 278 276 2 6 0 1 0 1 0 23 6 3.5000 0 3 1 10 0.3846 22 14 0.0791 0.0504 1 1 12 4 0.5455 0.2857 1 0 0 1 0 0 1 1 0 0 1 0 1 0 1 0 6 1 2 4 8 9 10 
0 52 4 26 3 278 276 2 6 1 0 0 1 0 23 3 2 2 3 1 12 0.4615 22 18 0.0791 0.0647 1 1 10 6 0.4545 0.3333 1 0 0 1 0 0 1 1 0 1 0 0 2 1 3 1 8 1 3 4 6 9 14 
1 52 6 26 3 278 276 2 6 1 0 0 0 1 3 6 3 3 1 1 5 0.1923 23 14 0.0827 0.0504 1 1 18 9 0.7826 0.6429 1 0 0 0 0 0 1 0 1 0 1 0 2 0 6 0 6 0 3 5 8 12 13 

0 53 3 26 4 278 277 1 4 1 0 0 1 0 14 10 9 9 2 1 9 0.3462 13 9 0.0468 0.0324 1 0 4 0 0.3077 0 1 0 0 0 1 0 1 0 1 0 1 0 2 2 6 2 10 2 3 6 9 10 9 
0 53 3 26 4 278 277 1 4 1 0 0 1 0 14 1 0.5000 0.5000 2 1 11 0.4231 13 23 0.0468 0.0827 1 1 2 12 0.1538 0.5217 1 0 0 0 1 0 1 0 2 0 0 0 2 0 5 3 11 3 4 7 9 11 10 
1 53 4 26 4 278 277 1 4 0 1 0 1 0 24 6 9.5000 3.5000 1 1 11 0.4231 23 14 0.0827 0.0504 1 1 12 3 0.5217 0.2143 1 0 0 0 0 0 1 0 0 0 0 0 1 0 1 0 6 1 2 4 5 8 8 
1 53 4 26 4 278 277 1 4 1 0 0 0 1 3 6 3 3 1 1 5 0.1923 23 14 0.0827 0.0504 1 1 18 9 0.7826 0.6429 1 0 0 0 0 0 1 0 1 0 1 0 2 0 6 0 6 0 3 5 8 12 13 

1 54 4 26 5 278 277 1 4 0 1 0 1 0 24 6 9.5000 3.5000 1 1 11 0.4231 23 14 0.0827 0.0504 1 1 12 3 0.5217 0.2143 1 0 0 0 0 0 1 0 0 0 0 0 1 0 1 0 6 1 2 4 5 8 8 
0 54 3 26 5 278 277 1 4 1 0 0 1 0 15 16 4 4 2 1 9 0.3462 13 16 0.0468 0.0576 1 1 4 7 0.3077 0.4375 1 0 0 0 1 0 1 0 1 0 1 0 2 0 6 3 12 3 4 6 9 11 12 
0 54 3 26 5 278 277 1 4 1 0 0 1 0 15 1 0.5000 0.5000 2 1 11 0.4231 13 23 0.0468 0.0827 1 1 2 12 0.1538 0.5217 1 0 0 0 1 0 1 0 2 0 0 0 2 0 5 3 11 3 4 7 9 11 10 
1 54 4 26 5 278 277 1 4 1 0 0 0 1 3 6 3 3 1 1 5 0.1923 23 14 0.0827 0.0504 1 1 18 9 0.7826 0.6429 1 0 0 0 0 0 1 0 1 0 1 0 2 0 6 0 6 0 3 5 8 12 13 

1 55 3 26 6 278 278 0 3 0 1 0 1 0 24 6 9.5000 3.5000 1 1 11 0.4231 23 14 0.0827 0.0504 1 1 12 3 0.5217 0.2143 1 0 0 0 0 0 1 0 0 0 0 0 1 0 1 0 6 1 2 4 5 8 8 
1 55 3 26 6 278 278 0 3 1 0 0 0 1 3 6 3 3 1 1 5 0.1923 23 14 0.0827 0.0504 1 1 18 9 0.7826 0.6429 1 0 0 0 0 0 1 0 1 0 0 0 2 0 6 0 6 0 3 5 8 12 13 
0 55 2 26 6 278 278 0 3 0 1 0 0 1 16 1 7.5000 0.5000 1 1 12 0.4615 14 23 0.0504 0.0827 1 1 2 11 0.1429 0.4783 1 0 0 0 0 0 1 0 0 0 0 1 1 1 3 2 9 2 2 4 6 10 13 

0 56 2 26 7 279 278 1 3 1 0 1 0 0 17 11 10 10 1 1 10 0.3846 14 9 0.0502 0.0323 1 0 4 -1.0000 0.2857 -0.1111 1 0 0 0 0 0 1 0 0 0 1 0 2 3 4 7 4 7 3 6 9 10 9 
1 56 3 26 7 279 278 1 3 0 1 0 1 0 25 7 10 4 1 1 11 0.4231 23 14 0.0824 0.0502 1 1 12 3 0.5217 0.2143 1 0 0 0 0 0 1 0 0 0 0 0 1 0 1 0 6 1 2 4 5 8 8 
1 56 3 26 7 279 278 1 3 1 0 0 0 1 3 6 3 3 1 1 5 0.1923 23 14 0.0824 0.0502 1 1 18 9 0.7826 0.6429 1 0 0 0 0 0 1 0 0 0 1 0 2 0 6 0 6 0 3 5 8 12 13 

0 57 3 26 6 279 277 2 4 1 0 1 0 0 17 11 10 10 1 1 9 0.3462 16 9 0.0573 0.0323 1 0 7 0 0.4375 0 1 0 0 0 1 0 1 0 1 0 1 0 2 2 5 2 10 2 3 6 9 10 9 
1 57 4 26 6 279 277 2 4 0 1 0 1 0 25 7 10 4 1 1 11 0.4231 23 14 0.0824 0.0502 1 1 12 3 0.5217 0.2143 1 0 0 0 0 0 1 0 0 0 0 0 1 0 1 0 6 1 2 4 5 8 8 
1 57 4 26 6 279 277 2 4 1 0 0 1 0 17 2 1 1 1 1 11 0.4231 13 23 0.0466 0.0824 1 1 2 12 0.1538 0.5217 1 0 0 0 1 0 1 0 2 0 0 0 2 0 5 3 10 3 4 7 9 11 10 
0 57 3 26 6 279 277 2 4 1 0 0 0 1 3 6 3 3 1 1 5 0.1923 23 14 0.0824 0.0502 1 1 18 9 0.7826 0.6429 1 0 0 0 0 0 1 0 1 0 1 0 2 0 4 0 8 0 3 5 8 12 13 

0 58 4 26 4 278 276 2 5 1 0 0 1 0 17 11 10 10 2 1 9 0.3462 13 9 0.0468 0.0324 1 0 4 0 0.3077 0 1 0 0 0 1 0 1 0 1 0 1 0 2 2 6 2 10 2 3 6 9 10 9 
0 58 4 26 4 278 276 2 5 1 0 0 1 0 17 2 1 1 2 1 11 0.4231 13 23 0.0468 0.0827 1 1 2 12 0.1538 0.5217 1 0 0 0 1 0 1 0 2 0 0 0 2 0 5 3 11 3 4 7 9 11 10 
1 58 5 26 4 278 276 2 5 0 1 0 1 0 25 14 7 10 2 1 8 0.3077 22 21 0.0791 0.0755 1 1 14 13 0.6364 0.6190 1 0 0 0 0 0 1 0 0 0 0 0 1 0 1 0 1 6 2 4 7 8 9 
1 58 5 26 4 278 276 2 5 0 1 0 1 0 25 7 4 0 2 1 10 0.3846 22 14 0.0791 0.0504 1 1 12 4 0.5455 0.2857 1 0 0 1 0 0 1 1 0 0 0 0 1 0 1 0 6 1 2 4 8 9 10 
1 58 5 26 4 278 276 2 5 1 0 0 0 1 3 6 3 3 1 1 5 0.1923 23 14 0.0827 0.0504 1 1 18 9 0.7826 0.6429 1 0 0 0 0 0 1 0 1 0 1 0 2 0 6 0 6 0 3 5 8 12 13 

1 59 5 26 5 278 276 2 5 0 1 0 1 0 25 14 7 10 2 1 8 0.3077 22 21 0.0791 0.0755 1 1 14 13 0.6364 0.6190 1 0 0 0 0 0 1 0 0 0 0 0 1 0 1 0 1 6 2 4 7 8 9 
1 59 5 26 5 278 276 2 5 0 1 0 1 0 25 7 4 0 2 1 10 0.3846 22 14 0.0791 0.0504 1 1 12 4 0.5455 0.2857 1 0 0 1 0 0 1 1 0 0 0 0 1 0 1 0 6 1 2 4 8 9 10 
0 59 4 26 5 278 276 2 5 1 0 0 1 0 18 17 5 5 2 1 9 0.3462 13 16 0.0468 0.0576 1 1 4 7 0.3077 0.4375 1 0 0 0 1 0 1 0 1 0 1 0 2 0 6 3 12 3 4 6 9 11 12 
0 59 4 26 5 278 276 2 5 1 0 0 1 0 18 2 1 1 2 1 11 0.4231 13 23 0.0468 0.0827 1 1 2 12 0.1538 0.5217 1 0 0 0 1 0 1 0 2 0 0 0 2 0 5 3 11 3 4 7 9 11 10 
1 59 5 26 5 278 276 2 5 1 0 0 0 1 3 6 3 3 1 1 5 0.1923 23 14 0.0827 0.0504 1 1 18 9 0.7826 0.6429 1 0 0 0 0 0 1 0 1 0 1 0 2 0 6 0 6 0 3 5 8 12 13 

1 60 4 26 6 278 277 1 4 0 1 0 1 0 25 14 7 10 2 1 8 0.3077 22 21 0.0791 0.0755 1 1 14 13 0.6364 0.6190 1 0 0 0 0 0 1 0 0 0 0 0 1 0 1 0 1 6 2 4 7 8 9 
1 60 4 26 6 278 277 1 4 0 1 0 1 0 25 7 4 0 2 1 10 0.3846 22 14 0.0791 0.0504 1 1 12 4 0.5455 0.2857 1 0 0 1 0 0 1 1 0 0 0 0 1 0 1 0 6 1 2 4 8 9 10 
1 60 4 26 6 278 277 1 4 1 0 0 0 1 3 6 3 3 1 1 5 0.1923 23 14 0.0827 0.0504 1 1 18 9 0.7826 0.6429 1 0 0 0 0 0 1 0 1 0 0 0 2 0 6 0 6 0 3 5 8 12 13 
0 60 3 26 6 278 277 1 4 0 1 0 0 1 19 2 8 1 1 1 12 0.4615 14 23 0.0504 0.0827 1 1 2 11 0.1429 0.4783 1 0 0 0 0 0 1 0 0 0 0 1 1 1 3 2 9 2 2 4 6 10 13 

1 61 3 26 8 279 278 1 3 0 1 0 1 0 26 7 4 0 2 1 10 0.3846 22 14 0.0789 0.0502 1 1 12 4 0.5455 0.2857 1 0 0 1 0 0 1 1 0 0 0 0 1 0 1 3 3 2 2 4 8 9 10 
0 61 2 26 8 279 278 1 3 1 0 0 1 0 15 26 10.5000 10.5000 1 2 8 0.3077 22 22 0.0789 0.0789 1 1 14 14 0.6364 0.6364 1 0 0 1 0 0 1 1 0 0 0 0 2 1 3 5 3 3 3 6 8 12 11 
1 61 3 26 8 279 278 1 3 1 0 0 0 1 3 6 3 3 1 1 5 0.1923 23 14 0.0824 0.0502 1 1 18 9 0.7826 0.6429 1 0 0 0 0 0 1 0 0 0 0 0 2 0 6 0 6 0 3 5 8 12 13 

0 62 2 26 8 279 277 2 3 1 0 1 0 0 26 15 7.5000 7.5000 2 1 8 0.3077 22 21 0.0789 0.0753 1 1 14 13 0.6364 0.6190 1 0 0 0 1 0 1 0 1 0 0 0 2 0 4 0 9 6 3 5 9 11 13 
0 62 2 26 8 279 277 2 3 1 0 1 0 0 26 7 4 4 2 1 10 0.3846 22 14 0.0789 0.0502 1 1 12 4 0.5455 0.2857 1 0 0 0 1 0 1 0 1 0 0 0 2 0 4 0 9 0 3 5 9 9 11 
1 62 3 26 8 279 277 2 3 1 0 0 0 1 3 6 3 3 1 1 5 0.1923 23 14 0.0824 0.0502 1 1 18 9 0.7826 0.6429 1 0 0 0 0 0 1 0 0 0 0 0 2 0 6 0 6 0 3 5 8 12 13 

0 63 3 26 7 279 277 2 4 1 0 1 0 0 20 12 11 11 1 1 10 0.3846 14 9 0.0502 0.0323 1 0 4 -1.0000 0.2857 -0.1111 1 0 0 0 0 0 1 0 0 0 1 0 2 3 4 7 4 7 3 6 9 10 9 
1 63 4 26 7 279 277 2 4 0 1 0 1 0 26 15 7.5000 10.5000 2 1 8 0.3077 22 21 0.0789 0.0753 1 1 14 13 0.6364 0.6190 1 0 0 0 0 0 1 0 0 0 0 0 1 0 1 0 1 6 2 4 7 8 9 
1 63 4 26 7 279 277 2 4 0 1 0 1 0 26 7 4 0 2 1 10 0.3846 22 14 0.0789 0.0502 1 1 12 4 0.5455 0.2857 1 0 0 1 0 0 1 1 0 0 0 0 1 0 1 0 6 1 2 4 8 9 10 
1 63 4 26 7 279 277 2 4 1 0 0 0 1 3 6 3 3 1 1 5 0.1923 23 14 0.0824 0.0502 1 1 18 9 0.7826 0.6429 1 0 0 0 0 0 1 0 0 0 1 0 2 0 6 0 6 0 3 5 8 12 13 

0 64 4 26 6 279 276 3 5 1 0 1 0 0 18 12 11 11 1 1 9 0.3462 16 9 0.0573 0.0323 1 0 7 0 0.4375 0 1 0 0 0 1 0 1 0 1 0 1 0 2 2 5 2 10 2 3 6 9 10 9 
1 64 5 26 6 279 276 3 5 0 1 0 1 0 26 15 7.5000 10.5000 2 1 8 0.3077 22 21 0.0789 0.0753 1 1 14 13 0.6364 0.6190 1 0 0 0 0 0 1 0 0 0 0 0 1 0 1 0 1 6 2 4 7 8 9 
1 64 5 26 6 279 276 3 5 0 1 0 1 0 26 7 4 0 2 1 10 0.3846 22 14 0.0789 0.0502 1 1 12 4 0.5455 0.2857 1 0 0 1 0 0 1 1 0 0 0 0 1 0 1 0 6 1 2 4 8 9 10 
1 64 5 26 6 279 276 3 5 1 0 0 1 0 20 3 1.5000 1.5000 1 1 11 0.4231 13 23 0.0466 0.0824 1 1 2 12 0.1538 0.5217 1 0 0 0 1 0 1 0 2 0 0 0 2 0 5 3 10 3 4 7 9 11 10 
0 64 4 26 6 279 276 3 5 1 0 0 0 1 3 6 3 3 1 1 5 0.1923 23 14 0.0824 0.0502 1 1 18 9 0.7826 0.6429 1 0 0 0 0 0 1 0 1 0 1 0 2 0 4 0 8 0 3 5 8 12 13 

