0 1 13 27 0 258 256 2 23 1 0 1 0 0 0 0 0 0 11 2 15 0.5556 19 9 0.0736 0.0349 1 0 4 -6.0000 0.2105 -0.6667 3 0 1 0 1 1 3 1 1 1 1 2 3 2 6 2 6 8 4 7 8 9 11 
1 1 22 27 0 258 256 2 23 1 0 0 1 0 0 0 0 0 3 1 21 0.7778 24 3 0.0930 0.0116 1 0 3 -18.0000 0.1250 -6.0000 1 0 0 0 1 0 1 0 1 0 0 0 2 2 5 4 6 5 2 3 4 6 6 
1 1 22 27 0 258 256 2 23 1 0 0 1 0 0 0 0 0 3 1 19 0.7037 24 9 0.0930 0.0349 1 0 5 -10.0000 0.2083 -1.1111 1 0 0 0 1 0 1 0 1 0 0 0 2 2 5 4 6 5 2 3 4 8 11 
0 1 21 27 0 258 256 2 23 1 0 0 1 0 0 0 0 0 2 2 7 0.2593 14 5 0.0543 0.0194 1 0 7 -2.0000 0.5000 -0.4000 1 1 1 0 0 0 2 1 0 0 0 1 2 4 6 4 5 12 3 6 8 10 12 
1 1 22 27 0 258 256 2 23 1 0 0 1 0 0 0 0 0 1 2 6 0.2222 20 5 0.0775 0.0194 1 0 14 -1.0000 0.7000 -0.2000 1 2 0 0 0 0 2 1 0 0 0 1 2 5 4 5 9 5 3 6 8 10 12 
0 1 19 27 0 258 256 2 23 1 0 0 1 0 0 0 0 0 2 4 15 0.5556 26 11 0.1008 0.0426 1 0 11 -4.0000 0.4231 -0.3636 1 0 0 0 0 4 2 1 1 0 1 4 2 2 4 5 6 16 3 5 8 12 11 
0 1 9 27 0 258 256 2 23 1 0 0 1 0 0 0 0 0 14 2 15 0.5556 25 9 0.0969 0.0349 1 0 10 -6.0000 0.4000 -0.6667 3 0 1 0 1 1 3 1 1 1 1 2 3 2 6 2 6 8 4 7 8 9 11 
0 1 9 27 0 258 256 2 23 1 0 0 1 0 0 0 0 0 14 11 1 0.0370 25 19 0.0969 0.0736 1 1 24 18 0.9600 0.9474 1 0 1 0 1 0 1 1 1 1 1 1 2 0 4 0 2 2 3 2 3 4 6 
0 1 9 27 0 258 256 2 23 1 0 0 1 0 0 0 0 0 14 11 2 0.0741 25 19 0.0969 0.0736 1 1 23 17 0.9200 0.8947 1 0 2 0 1 0 1 2 1 1 1 0 2 0 4 0 4 3 2 3 2 4 6 
0 1 9 27 0 258 256 2 23 1 0 0 1 0 0 0 0 0 14 11 3 0.1111 25 19 0.0969 0.0736 1 1 22 16 0.8800 0.8421 1 0 2 0 2 0 1 2 2 1 0 1 2 0 4 0 4 5 2 2 4 4 6 
0 1 9 27 0 258 256 2 23 1 0 0 1 0 0 0 0 0 14 11 4 0.1481 25 19 0.0969 0.0736 1 1 21 15 0.8400 0.7895 1 0 2 0 2 0 1 2 2 1 1 1 2 0 4 0 5 7 2 3 4 6 8 
0 1 9 27 0 258 256 2 23 1 0 0 1 0 0 0 0 0 14 11 5 0.1852 25 19 0.0969 0.0736 1 1 20 14 0.8000 0.7368 1 0 2 0 1 0 1 2 1 2 2 2 2 0 4 0 6 9 3 4 5 8 9 
0 1 9 27 0 258 256 2 23 1 0 0 1 0 0 0 0 0 14 11 6 0.2222 25 19 0.0969 0.0736 1 1 19 13 0.7600 0.6842 1 0 1 0 2 1 1 1 2 2 3 2 2 0 4 0 9 11 4 6 8 8 8 
0 1 9 27 0 258 256 2 23 1 0 0 1 0 0 0 0 0 14 11 15 0.5556 25 19 0.0969 0.0736 1 1 10 4 0.4000 0.2105 3 0 1 0 1 1 3 1 1 1 1 2 3 2 6 2 6 8 4 7 8 9 11 
0 1 9 27 0 258 256 2 23 1 0 0 1 0 0 0 0 0 14 11 16 0.5926 25 19 0.0969 0.0736 1 1 9 3 0.3600 0.1579 1 0 4 0 1 0 1 4 1 1 0 0 2 1 6 2 6 3 3 6 9 10 12 
0 1 9 27 0 258 256 2 23 1 0 0 1 0 0 0 0 0 14 11 17 0.6296 25 19 0.0969 0.0736 1 1 8 2 0.3200 0.1053 1 0 2 0 3 0 1 2 4 0 0 0 2 0 5 3 7 3 3 5 8 12 13 
0 1 9 27 0 258 256 2 23 1 0 0 1 0 0 0 0 0 14 11 18 0.6667 25 19 0.0969 0.0736 1 1 7 1 0.2800 0.0526 1 0 1 0 1 0 1 2 1 3 0 0 2 1 4 2 8 3 3 5 8 12 16 
0 1 9 27 0 258 256 2 23 1 0 0 1 0 0 0 0 0 14 4 8 0.2963 25 11 0.0969 0.0426 1 1 17 3 0.6800 0.2727 1 0 1 0 2 0 1 1 3 1 1 1 2 0 6 1 9 3 3 5 8 10 12 
0 1 9 27 0 258 256 2 23 1 0 0 1 0 0 0 0 0 14 4 9 0.3333 25 11 0.0969 0.0426 1 1 16 2 0.6400 0.1818 1 0 2 0 0 0 1 3 0 1 1 1 2 0 6 3 8 3 3 5 7 11 13 
0 1 9 27 0 258 256 2 23 1 0 0 1 0 0 0 0 0 14 4 10 0.3704 25 11 0.0969 0.0426 1 1 15 1 0.6000 0.0909 1 0 1 0 1 1 2 1 1 0 1 4 2 1 4 2 8 10 3 5 8 12 11 
1 1 22 27 0 258 256 2 23 0 1 0 1 0 0 0 0 0 1 1 9 0.3333 18 13 0.0698 0.0504 1 1 9 4 0.5000 0.3077 1 0 0 0 0 0 1 0 0 0 0 2 1 0 2 4 3 2 3 5 5 5 7 
1 1 22 27 0 258 256 2 23 1 0 0 0 1 0 0 0 0 2 1 6 0.2222 26 13 0.1008 0.0504 1 1 20 7 0.7692 0.5385 1 0 0 0 0 0 1 1 1 1 3 0 2 0 6 0 6 0 4 7 9 11 10 
1 1 22 27 0 258 256 2 23 1 0 0 0 1 0 0 0 0 2 3 6 0.2222 14 24 0.0543 0.0930 1 1 8 18 0.5714 0.7500 1 1 1 0 0 1 1 2 0 0 0 1 2 3 6 8 5 15 4 6 8 11 13 

1 2 8 27 1 258 256 2 9 1 0 1 0 0 0 1 1 1 1 1 15 0.5556 19 9 0.0736 0.0349 1 0 4 -6.0000 0.2105 -0.6667 1 0 0 0 0 1 1 0 0 0 1 1 2 2 4 2 4 8 4 7 8 9 11 
1 2 8 27 1 258 256 2 9 1 0 0 1 0 0 0 0 0 3 1 21 0.7778 24 3 0.0930 0.0116 1 0 3 -18.0000 0.1250 -6.0000 1 0 0 0 1 0 1 0 1 0 0 0 2 2 5 4 6 5 2 3 4 6 6 
1 2 8 27 1 258 256 2 9 1 0 0 1 0 0 0 0 0 3 1 19 0.7037 24 9 0.0930 0.0349 1 0 5 -10.0000 0.2083 -1.1111 1 0 0 0 1 0 1 0 1 0 0 0 2 2 5 4 6 5 2 3 4 8 11 
0 2 7 27 1 258 256 2 9 1 0 0 1 0 0 0 0 0 2 2 7 0.2593 14 5 0.0543 0.0194 1 0 7 -2.0000 0.5000 -0.4000 1 1 1 0 0 0 2 1 0 0 0 1 2 4 6 7 5 14 3 6 8 10 12 
1 2 8 27 1 258 256 2 9 1 0 0 1 0 0 0 0 0 1 2 6 0.2222 20 5 0.0775 0.0194 1 0 14 -1.0000 0.7000 -0.2000 1 2 0 0 0 0 2 1 0 0 0 1 2 5 4 5 13 5 3 6 8 10 12 
1 2 8 27 1 258 256 2 9 1 0 0 1 0 0 0 0 0 2 1 15 0.5556 26 11 0.1008 0.0426 1 0 11 -4.0000 0.4231 -0.3636 1 0 0 0 0 1 1 0 0 0 0 1 2 2 4 5 6 10 3 5 8 12 11 
1 2 8 27 1 258 256 2 9 0 1 0 1 0 0 0 0 0 1 1 9 0.3333 18 13 0.0698 0.0504 1 1 9 4 0.5000 0.3077 1 0 0 0 0 0 1 0 0 0 0 2 1 0 2 4 3 2 3 5 5 5 7 
1 2 8 27 1 258 256 2 9 1 0 0 0 1 0 0 0 0 2 1 6 0.2222 26 13 0.1008 0.0504 1 1 20 7 0.7692 0.5385 1 0 0 0 0 0 1 0 0 0 1 0 2 0 6 0 6 0 4 7 9 11 10 
1 2 8 27 1 258 256 2 9 1 0 0 0 1 0 0 0 0 2 3 6 0.2222 14 24 0.0543 0.0930 1 1 8 18 0.5714 0.7500 1 1 1 0 0 0 1 2 0 0 0 0 2 3 6 12 5 16 4 6 8 11 13 

1 3 8 27 2 258 256 2 9 1 0 1 0 0 0 1 1 1 1 1 15 0.5556 19 9 0.0736 0.0349 1 0 4 -6.0000 0.2105 -0.6667 1 0 0 0 0 1 1 0 0 0 1 1 2 2 4 2 4 8 4 7 8 9 11 
0 3 6 27 2 258 256 2 9 1 0 0 1 0 0 0 0 0 3 1 21 0.7778 24 3 0.0930 0.0116 1 0 3 -18.0000 0.1250 -6.0000 1 0 0 0 1 0 1 0 1 0 0 0 2 2 5 4 6 5 2 3 4 6 6 
0 3 6 27 2 258 256 2 9 1 0 0 1 0 0 0 0 0 3 1 19 0.7037 24 9 0.0930 0.0349 1 0 5 -10.0000 0.2083 -1.1111 1 0 0 0 1 0 1 0 1 0 0 0 2 2 5 4 6 5 2 3 4 8 11 
1 3 8 27 2 258 256 2 9 1 0 0 1 0 0 1 1 1 1 1 6 0.2222 20 5 0.0775 0.0194 1 0 14 -1.0000 0.7000 -0.2000 1 0 0 1 0 1 1 0 1 1 0 1 2 3 4 5 13 7 3 6 8 10 12 
0 3 7 27 2 258 256 2 9 1 0 0 1 0 0 0 0 0 2 2 15 0.5556 26 11 0.1008 0.0426 1 0 11 -4.0000 0.4231 -0.3636 1 0 0 0 0 1 1 0 0 0 0 1 2 2 4 5 6 10 3 5 8 12 11 
1 3 8 27 2 258 256 2 9 0 1 0 1 0 0 0 0 0 1 1 9 0.3333 18 13 0.0698 0.0504 1 1 9 4 0.5000 0.3077 1 0 0 0 0 0 1 0 0 0 0 1 1 0 2 0 3 3 3 5 5 5 7 
1 3 8 27 2 258 256 2 9 0 1 0 1 0 1 0 0 0 2 2 4 0.1481 14 11 0.0543 0.0426 1 1 10 7 0.7143 0.6364 1 0 0 0 0 1 1 0 0 0 2 0 1 0 4 0 10 8 3 4 6 9 9 
0 3 6 27 2 258 256 2 9 1 0 0 1 0 1 0 0 0 2 3 5 0.1852 14 24 0.0543 0.0930 1 1 9 19 0.6429 0.7917 1 0 1 1 0 0 1 1 1 0 0 0 2 1 5 14 5 15 3 6 9 11 12 
1 3 8 27 2 258 256 2 9 1 0 0 0 1 0 0 0 0 2 1 6 0.2222 26 13 0.1008 0.0504 1 1 20 7 0.7692 0.5385 1 0 0 0 0 0 1 0 0 0 1 0 2 0 6 0 6 0 4 7 9 11 10 

0 4 5 27 3 258 256 2 6 1 0 1 0 0 0 1 1 1 1 1 15 0.5556 19 9 0.0736 0.0349 1 0 4 -6.0000 0.2105 -0.6667 1 0 0 0 0 1 1 0 0 0 1 1 2 2 4 2 4 8 4 7 8 9 11 
0 4 5 27 3 258 256 2 6 1 0 0 1 0 0 1 1 1 1 1 6 0.2222 20 5 0.0775 0.0194 1 0 14 -1.0000 0.7000 -0.2000 1 0 0 0 0 1 1 0 0 1 0 1 2 2 4 6 13 8 3 6 8 10 12 
0 4 4 27 3 258 256 2 6 1 0 0 1 0 0 0 0 0 2 2 15 0.5556 26 11 0.1008 0.0426 1 0 11 -4.0000 0.4231 -0.3636 1 0 0 0 0 1 1 0 0 0 0 1 2 2 4 5 6 10 3 5 8 12 11 
0 4 5 27 3 258 256 2 6 0 1 0 1 0 0 0 0 0 1 1 9 0.3333 18 13 0.0698 0.0504 1 1 9 4 0.5000 0.3077 1 0 0 0 0 0 1 0 0 0 0 1 1 0 2 2 3 5 3 5 5 5 7 
1 4 6 27 3 258 256 2 6 0 1 0 1 0 1 0 0 0 1 2 4 0.1481 14 11 0.0543 0.0426 1 1 10 7 0.7143 0.6364 1 0 0 0 0 0 1 0 0 0 1 0 1 0 4 0 10 6 3 4 6 9 9 
0 4 5 27 3 258 256 2 6 1 0 0 0 1 0 0 0 0 2 1 6 0.2222 26 13 0.1008 0.0504 1 1 20 7 0.7692 0.5385 1 0 0 0 0 0 1 0 0 0 1 0 2 0 6 0 6 0 4 7 9 11 10 

0 5 3 27 4 258 256 2 5 1 0 1 0 0 0 1 1 1 1 2 15 0.5556 19 9 0.0736 0.0349 1 0 4 -6.0000 0.2105 -0.6667 1 0 0 0 0 1 2 0 0 0 0 0 2 2 4 2 4 9 4 7 8 9 11 
0 5 4 27 4 258 256 2 5 1 0 0 1 0 0 1 1 1 1 1 6 0.2222 20 5 0.0775 0.0194 1 0 14 -1.0000 0.7000 -0.2000 1 0 0 0 0 1 1 0 0 1 0 1 2 2 4 6 13 8 3 6 8 10 12 
0 5 4 27 4 258 256 2 5 0 1 0 1 0 0 0 0 0 1 1 9 0.3333 18 13 0.0698 0.0504 1 1 9 4 0.5000 0.3077 1 0 0 0 0 0 1 0 0 0 0 1 1 0 2 2 3 5 3 5 5 5 7 
1 5 5 27 4 258 256 2 5 0 1 0 1 0 1 1 0 0 1 1 4 0.1481 14 11 0.0543 0.0426 1 1 10 7 0.7143 0.6364 1 0 0 0 0 0 1 0 0 0 1 0 1 0 4 0 10 6 3 4 6 9 9 
0 5 4 27 4 258 256 2 5 1 0 0 1 0 1 1 1 1 1 2 10 0.3704 26 9 0.1008 0.0349 1 0 16 -1.0000 0.6154 -0.1111 1 0 0 0 0 1 2 0 0 0 0 0 2 2 4 1 4 8 4 7 8 9 11 

0 6 3 27 5 258 257 1 5 1 0 1 0 0 1 2 2 2 1 2 16 0.5926 20 9 0.0775 0.0349 1 0 4 -7.0000 0.2000 -0.7778 1 0 0 0 0 0 2 0 0 0 0 0 2 2 4 3 3 9 4 7 8 9 11 
0 6 4 27 5 258 257 1 5 1 0 0 1 0 0 1 1 1 1 1 6 0.2222 20 5 0.0775 0.0194 1 0 14 -1.0000 0.7000 -0.2000 1 0 0 0 0 1 1 0 0 1 0 1 2 2 4 6 13 8 3 6 8 10 12 
0 6 4 27 5 258 257 1 5 0 1 0 1 0 0 0 0 0 1 1 9 0.3333 18 13 0.0698 0.0504 1 1 9 4 0.5000 0.3077 1 0 0 0 0 0 1 0 0 0 0 1 1 0 2 2 3 5 3 5 5 5 7 
1 6 5 27 5 258 257 1 5 0 1 0 1 0 1 1 0 0 1 1 4 0.1481 14 11 0.0543 0.0426 1 1 10 7 0.7143 0.6364 1 0 0 0 0 0 1 0 0 0 1 0 1 0 4 0 9 6 3 4 6 9 9 
0 6 4 27 5 258 257 1 5 1 0 0 1 0 1 2 2 2 1 2 10 0.3704 26 9 0.1008 0.0349 1 0 16 -1.0000 0.6154 -0.1111 1 0 0 0 0 0 2 0 0 0 0 0 2 2 4 1 4 7 4 7 8 9 11 

0 7 3 27 6 258 258 0 4 1 0 0 1 0 0 1 1 1 1 1 6 0.2222 20 5 0.0775 0.0194 1 0 14 -1.0000 0.7000 -0.2000 1 0 0 0 0 1 1 0 0 1 0 1 2 2 4 6 13 8 3 6 8 10 12 
0 7 3 27 6 258 258 0 4 0 1 0 1 0 0 0 0 0 1 1 9 0.3333 18 13 0.0698 0.0504 1 1 9 4 0.5000 0.3077 1 0 0 0 0 0 1 0 0 0 0 1 1 0 2 2 3 5 3 5 5 5 7 
1 7 4 27 6 258 258 0 4 0 1 0 1 0 1 1 0 0 1 1 4 0.1481 14 11 0.0543 0.0426 1 1 10 7 0.7143 0.6364 1 0 0 0 0 0 1 0 0 0 1 0 1 0 4 0 9 6 3 4 6 9 9 
0 7 3 27 6 258 258 0 4 1 0 0 1 0 1 3 3 3 1 1 10 0.3704 26 9 0.1008 0.0349 1 0 16 -1.0000 0.6154 -0.1111 1 0 0 0 0 0 1 0 0 0 0 0 2 2 4 1 4 7 4 7 8 9 11 

1 8 2 27 11 258 258 0 2 1 0 0 1 0 3 0 0 0 1 1 6 0.2222 26 13 0.1008 0.0504 1 1 20 7 0.7692 0.5385 1 0 0 0 0 0 1 0 0 0 1 0 2 0 6 0 6 0 4 7 9 11 10 
0 8 1 27 11 258 258 0 2 1 0 0 1 0 3 4 4 4 1 1 17 0.6296 21 9 0.0814 0.0349 1 0 4 -8.0000 0.1905 -0.8889 1 0 0 0 0 0 1 0 0 0 1 0 2 2 4 2 8 3 4 7 8 9 11 

0 9 1 27 12 259 258 1 4 1 0 1 0 0 4 2 0 0 3 3 8 0.2963 21 11 0.0811 0.0425 1 1 13 3 0.6190 0.2727 1 0 1 0 1 0 1 1 1 0 0 0 2 0 4 1 6 3 3 5 8 10 12 
0 9 1 27 12 259 258 1 4 1 0 1 0 0 4 2 0 0 3 3 9 0.3333 21 11 0.0811 0.0425 1 1 12 2 0.5714 0.1818 1 0 2 0 0 0 1 2 0 0 0 0 2 0 5 3 6 3 3 5 7 11 13 
0 9 1 27 12 259 258 1 4 1 0 1 0 0 4 2 1 1 3 3 10 0.3704 21 11 0.0811 0.0425 1 1 11 1 0.5238 0.0909 1 0 1 0 1 0 1 1 1 0 0 0 2 1 4 2 6 7 3 5 8 12 11 
1 9 4 27 12 259 258 1 4 1 0 0 1 0 3 0 0 0 1 1 6 0.2222 26 13 0.1004 0.0502 1 1 20 7 0.7692 0.5385 1 0 0 0 0 0 1 0 0 0 0 0 2 0 6 0 6 0 4 7 9 11 10 

0 10 1 27 11 259 259 0 2 1 0 0 1 0 4 2 1 1 2 1 16 0.5926 27 11 0.1042 0.0425 1 0 11 -5.0000 0.4074 -0.4545 1 0 0 0 0 0 1 0 0 0 0 0 2 2 4 4 8 6 3 5 8 12 11 
1 10 2 27 11 259 259 0 2 1 0 0 0 1 4 0 0 0 2 1 6 0.2222 27 13 0.1042 0.0502 1 1 21 7 0.7778 0.5385 1 0 0 0 0 0 1 0 0 0 0 0 2 0 6 0 6 0 4 7 9 11 10 

0 11 1 27 13 259 259 0 3 1 0 0 1 0 6 4 0.5000 0.5000 3 1 13 0.4815 27 21 0.1042 0.0811 1 1 14 8 0.5185 0.3810 1 0 0 0 0 0 1 0 0 1 0 0 2 0 5 3 8 4 4 6 7 10 12 
0 11 1 27 13 259 259 0 3 1 0 0 1 0 6 0 0 0 3 1 16 0.5926 27 28 0.1042 0.1081 1 1 11 12 0.4074 0.4286 1 0 0 0 0 0 1 0 0 1 0 0 2 0 4 0 5 4 3 5 7 8 10 
1 11 3 27 13 259 259 0 3 0 1 0 0 1 6 0 0 0 3 1 7 0.2593 27 13 0.1042 0.0502 1 1 20 6 0.7407 0.4615 1 0 0 0 0 0 1 0 0 0 0 0 1 0 1 0 1 1 2 4 6 10 13 

0 12 2 27 14 259 259 0 3 1 0 0 1 0 7 0 0 0 2 1 16 0.5926 27 28 0.1042 0.1081 1 1 11 12 0.4074 0.4286 1 0 0 0 0 0 1 0 0 0 0 1 2 0 4 0 10 4 3 5 7 8 10 
0 12 2 27 14 259 259 0 3 1 0 0 1 0 5 7 7 7 1 1 17 0.6296 21 9 0.0811 0.0347 1 0 4 -8.0000 0.1905 -0.8889 1 0 0 0 0 0 1 0 0 0 1 1 2 2 4 2 8 3 4 7 8 9 11 
1 12 3 27 14 259 259 0 3 0 1 0 0 1 7 0 0 0 2 1 7 0.2593 27 13 0.1042 0.0502 1 1 20 6 0.7407 0.4615 1 0 0 0 0 0 1 0 0 0 0 0 1 0 1 0 1 1 2 4 6 10 13 

0 13 2 27 15 260 259 1 3 1 0 1 0 0 1 3 2 2 1 1 16 0.5926 28 11 0.1077 0.0423 1 0 12 -5.0000 0.4286 -0.4545 1 0 0 0 0 0 1 0 0 0 0 1 2 2 4 3 8 5 3 5 8 12 11 
0 13 2 27 15 260 259 1 3 1 0 0 1 0 5 7 7 7 1 1 17 0.6296 21 9 0.0808 0.0346 1 0 4 -8.0000 0.1905 -0.8889 1 0 0 0 0 0 1 0 0 0 1 1 2 2 4 2 6 3 4 7 8 9 11 
1 13 3 27 15 260 259 1 3 0 1 0 0 1 8 0 0 0 1 1 7 0.2593 27 13 0.1038 0.0500 1 1 20 6 0.7407 0.4615 1 0 0 0 0 0 1 0 0 0 0 0 1 0 1 0 1 1 2 4 6 10 13 

0 14 2 27 10 259 259 0 3 1 0 0 1 0 2 2 2 2 1 1 8 0.2963 15 5 0.0579 0.0193 1 0 7 -3.0000 0.4667 -0.6000 1 0 0 0 0 0 1 0 0 0 0 0 2 3 8 7 7 6 3 6 8 10 12 
1 14 3 27 10 259 259 0 3 0 1 0 1 0 8 5 1.5000 0.5000 2 1 13 0.4815 26 21 0.1004 0.0811 1 1 13 8 0.5000 0.3810 1 0 0 0 0 0 1 0 0 0 0 0 1 0 2 3 5 5 3 5 6 9 11 
1 14 3 27 10 259 259 0 3 1 0 0 1 0 8 0 0 0 2 1 6 0.2222 26 13 0.1004 0.0502 1 1 20 7 0.7692 0.5385 1 0 0 0 0 0 1 0 0 0 0 0 2 0 6 0 6 0 4 7 9 11 10 

0 15 2 27 10 259 259 0 3 1 0 0 1 0 1 1 0.5000 0.5000 1 1 9 0.3333 14 18 0.0541 0.0695 1 1 5 9 0.3571 0.5000 1 0 0 0 0 0 1 0 0 0 0 0 2 1 3 2 10 4 2 6 8 8 7 
1 15 3 27 10 259 259 0 3 0 1 0 1 0 9 5 1.5000 0.5000 2 1 13 0.4815 26 21 0.1004 0.0811 1 1 13 8 0.5000 0.3810 1 0 0 0 0 0 1 0 0 0 0 0 1 0 2 3 5 5 3 5 6 9 11 
1 15 3 27 10 259 259 0 3 1 0 0 1 0 9 0 0 0 2 1 6 0.2222 26 13 0.1004 0.0502 1 1 20 7 0.7692 0.5385 1 0 0 0 0 0 1 0 0 0 0 0 2 0 6 0 6 0 4 7 9 11 10 

1 16 2 27 12 259 259 0 2 1 0 0 1 0 10 0 0 0 1 1 6 0.2222 26 13 0.1004 0.0502 1 1 20 7 0.7692 0.5385 1 0 0 0 0 0 1 0 0 0 1 0 2 0 6 0 6 0 4 7 9 11 10 
0 16 1 27 12 259 259 0 2 1 0 0 1 0 6 8 8 8 1 1 17 0.6296 21 9 0.0811 0.0347 1 0 4 -8.0000 0.1905 -0.8889 1 0 0 0 0 0 1 0 0 0 1 0 2 2 4 2 8 3 4 7 8 9 11 

0 17 1 27 13 260 259 1 4 1 0 1 0 0 7 4 0 0 3 3 8 0.2963 21 11 0.0808 0.0423 1 1 13 3 0.6190 0.2727 1 0 1 0 1 0 1 1 1 0 0 0 2 0 4 1 6 3 3 5 8 10 12 
0 17 1 27 13 260 259 1 4 1 0 1 0 0 7 4 0 0 3 3 9 0.3333 21 11 0.0808 0.0423 1 1 12 2 0.5714 0.1818 1 0 2 0 0 0 1 2 0 0 0 0 2 0 5 3 6 3 3 5 7 11 13 
0 17 1 27 13 260 259 1 4 1 0 1 0 0 7 4 2 2 3 3 10 0.3704 21 11 0.0808 0.0423 1 1 11 1 0.5238 0.0909 1 0 1 0 1 0 1 1 1 0 0 0 2 1 4 2 6 7 3 5 8 12 11 
1 17 4 27 13 260 259 1 4 1 0 0 1 0 10 0 0 0 1 1 6 0.2222 26 13 0.1000 0.0500 1 1 20 7 0.7692 0.5385 1 0 0 0 0 0 1 0 0 0 0 0 2 0 6 0 6 0 4 7 9 11 10 

0 18 2 27 11 260 259 1 4 1 0 1 0 0 4 1 0 0 2 1 7 0.2593 15 25 0.0577 0.0962 1 1 8 18 0.5333 0.7200 1 0 0 0 0 0 1 0 0 1 0 0 2 0 4 5 13 6 3 5 9 11 12 
1 18 4 27 11 260 259 1 4 0 1 0 1 0 10 7 2 1 2 1 13 0.4815 26 21 0.1000 0.0808 1 1 13 8 0.5000 0.3810 1 0 0 0 0 0 1 0 0 0 0 0 1 0 2 3 5 5 3 5 6 9 11 
1 18 4 27 11 260 259 1 4 1 0 0 1 0 10 0 0 0 2 1 6 0.2222 26 13 0.1000 0.0500 1 1 20 7 0.7692 0.5385 1 0 0 0 0 0 1 0 0 0 0 0 2 0 6 0 6 0 4 7 9 11 10 
0 18 2 27 11 260 259 1 4 1 0 0 1 0 4 4 1 1 2 1 4 0.1481 15 11 0.0577 0.0423 1 1 11 7 0.7333 0.6364 1 0 0 0 0 0 1 0 0 1 1 0 2 0 4 1 12 5 4 5 7 9 9 

1 19 2 27 13 259 259 0 2 1 0 0 1 0 11 1 1 1 1 1 6 0.2222 26 13 0.1004 0.0502 1 1 20 7 0.7692 0.5385 1 0 0 0 0 0 1 0 0 0 1 0 2 0 6 0 6 0 4 7 9 11 10 
0 19 1 27 13 259 259 0 2 1 0 0 1 0 8 9 9 9 1 1 18 0.6667 22 9 0.0849 0.0347 1 0 4 -9.0000 0.1818 -1.0000 1 0 0 0 0 0 1 0 0 0 1 0 2 2 4 6 3 7 4 7 8 9 11 

0 20 1 27 12 260 260 0 2 1 0 0 1 0 15 6 3 3 2 1 16 0.5926 27 11 0.1038 0.0423 1 0 11 -5.0000 0.4074 -0.4545 1 0 0 0 0 0 1 0 0 0 0 0 2 2 4 4 8 6 3 5 8 12 11 
1 20 2 27 12 260 260 0 2 1 0 0 0 1 15 4 2.5000 2.5000 2 1 6 0.2222 27 13 0.1038 0.0500 1 1 21 7 0.7778 0.5385 1 0 0 0 0 0 1 0 0 0 0 0 2 0 6 0 6 0 4 7 9 11 10 

0 21 1 27 16 260 260 0 2 0 1 0 1 0 17 1 0 1 2 1 17 0.6296 28 28 0.1077 0.1077 1 1 11 11 0.3929 0.3929 1 0 0 0 0 1 1 0 1 0 0 0 1 0 1 0 2 3 2 2 3 4 5 
1 21 2 27 16 260 260 0 2 0 1 0 0 1 17 9 0 2 2 1 14 0.5185 28 21 0.1077 0.0808 1 1 14 7 0.5000 0.3333 1 0 0 0 0 0 1 0 0 0 0 1 1 1 3 2 4 5 3 6 8 10 11 

0 22 1 27 17 261 260 1 2 1 0 1 0 0 2 7 4 4 1 1 16 0.5926 28 11 0.1073 0.0421 1 0 12 -5.0000 0.4286 -0.4545 1 0 0 0 0 1 1 0 0 1 0 0 2 2 4 3 6 9 3 5 8 12 11 
1 22 2 27 17 261 260 1 2 0 1 0 0 1 18 9 0 2 1 1 14 0.5185 28 21 0.1073 0.0805 1 1 14 7 0.5000 0.3333 1 0 0 0 0 0 1 0 0 0 1 0 1 1 3 2 4 5 3 6 8 10 11 

0 23 1 27 17 261 260 1 2 1 0 1 0 0 10 7 4 4 1 1 11 0.4074 22 11 0.0843 0.0421 1 0 11 0 0.5000 0 1 0 0 0 0 0 1 0 0 0 0 0 2 2 3 3 7 9 3 5 8 12 11 
1 23 2 27 17 261 260 1 2 0 1 0 1 0 5 19 0.5000 2.5000 1 1 7 0.2593 14 26 0.0536 0.0996 1 1 7 19 0.5000 0.7308 1 0 0 0 0 0 1 0 0 0 0 0 1 0 3 0 3 2 3 6 8 8 12 

0 24 1 28 16 260 260 0 2 1 0 0 1 0 11 16 14 14 1 1 17 0.6071 21 9 0.0808 0.0346 1 0 4 -8.0000 0.1905 -0.8889 1 0 0 0 0 0 1 0 0 0 1 0 2 2 4 2 4 8 4 7 8 9 11 
1 24 2 28 16 260 260 0 2 0 1 0 0 1 24 5 0 2.5000 1 1 7 0.2500 27 13 0.1038 0.0500 1 1 20 6 0.7407 0.4615 1 0 0 0 0 0 1 0 0 0 0 0 1 0 1 0 1 1 2 4 6 10 13 

0 25 1 27 14 260 260 0 3 1 0 0 1 0 25 13 2.5000 2.5000 3 1 13 0.4815 27 21 0.1038 0.0808 1 1 14 8 0.5185 0.3810 1 0 0 0 0 0 1 0 0 1 0 0 2 0 5 3 8 4 4 6 7 10 12 
0 25 1 27 14 260 260 0 3 1 0 0 1 0 25 4 2.5000 2.5000 3 1 16 0.5926 27 28 0.1038 0.1077 1 1 11 12 0.4074 0.4286 1 0 0 0 0 0 1 0 0 1 0 0 2 0 4 0 5 4 3 5 7 8 10 
1 25 3 27 14 260 260 0 3 0 1 0 0 1 25 5 0 2.5000 3 1 7 0.2593 27 13 0.1038 0.0500 1 1 20 6 0.7407 0.4615 1 0 0 0 0 0 1 0 0 0 0 0 1 0 1 0 1 1 2 4 6 10 13 

0 26 2 27 15 260 260 0 3 1 0 0 1 0 26 4 2.5000 2.5000 2 1 16 0.5926 27 28 0.1038 0.1077 1 1 11 12 0.4074 0.4286 1 0 0 0 0 0 1 0 0 0 0 1 2 0 4 0 10 4 3 5 7 8 10 
0 26 2 27 15 260 260 0 3 1 0 0 1 0 14 17 15 15 1 1 17 0.6296 21 9 0.0808 0.0346 1 0 4 -8.0000 0.1905 -0.8889 1 0 0 0 0 0 1 0 0 0 1 1 2 2 4 2 8 3 4 7 8 9 11 
1 26 3 27 15 260 260 0 3 0 1 0 0 1 26 5 0 2.5000 2 1 7 0.2593 27 13 0.1038 0.0500 1 1 20 6 0.7407 0.4615 1 0 0 0 0 0 1 0 0 0 0 0 1 0 1 0 1 1 2 4 6 10 13 

0 27 2 27 16 261 260 1 3 1 0 1 0 0 5 10 7 7 1 1 16 0.5926 28 11 0.1073 0.0421 1 0 12 -5.0000 0.4286 -0.4545 1 0 0 0 0 0 1 0 0 0 0 1 2 2 4 3 8 5 3 5 8 12 11 
0 27 2 27 16 261 260 1 3 1 0 0 1 0 14 17 15 15 1 1 17 0.6296 21 9 0.0805 0.0345 1 0 4 -8.0000 0.1905 -0.8889 1 0 0 0 0 0 1 0 0 0 1 1 2 2 4 2 6 3 4 7 8 9 11 
1 27 3 27 16 261 260 1 3 0 1 0 0 1 27 5 0 2.5000 1 1 7 0.2593 27 13 0.1034 0.0498 1 1 20 6 0.7407 0.4615 1 0 0 0 0 0 1 0 0 0 0 0 1 0 1 0 1 1 2 4 6 10 13 

1 28 3 27 11 260 260 0 3 0 1 0 1 0 28 14 3.5000 2.5000 2 1 13 0.4815 26 21 0.1000 0.0808 1 1 13 8 0.5000 0.3810 1 0 0 0 0 0 1 0 0 0 0 0 1 0 2 3 5 5 3 5 6 9 11 
1 28 3 27 11 260 260 0 3 1 0 0 1 0 28 5 2.5000 2.5000 2 1 6 0.2222 26 13 0.1000 0.0500 1 1 20 7 0.7692 0.5385 1 0 0 0 0 0 1 0 0 0 0 0 2 0 6 0 6 0 4 7 9 11 10 
0 28 2 27 11 260 260 0 3 0 1 0 1 0 2 2 0 1.5000 1 1 10 0.3704 15 18 0.0577 0.0692 1 1 5 8 0.3333 0.4444 1 0 0 0 0 0 1 0 0 0 0 0 1 0 4 0 4 4 3 3 4 5 7 

1 29 2 27 13 260 260 0 2 1 0 0 1 0 29 5 2.5000 2.5000 1 1 6 0.2222 26 13 0.1000 0.0500 1 1 20 7 0.7692 0.5385 1 0 0 0 0 0 1 0 0 0 1 0 2 0 6 0 6 0 4 7 9 11 10 
0 29 1 27 13 260 260 0 2 1 0 0 1 0 15 18 16 16 1 1 17 0.6296 21 9 0.0808 0.0346 1 0 4 -8.0000 0.1905 -0.8889 1 0 0 0 0 0 1 0 0 0 1 0 2 2 4 2 8 3 4 7 8 9 11 

0 30 1 27 14 261 260 1 4 1 0 1 0 0 16 10 1 1 3 3 8 0.2963 21 11 0.0805 0.0421 1 1 13 3 0.6190 0.2727 1 0 1 0 1 0 1 1 1 0 0 0 2 0 4 1 6 3 3 5 8 10 12 
0 30 1 27 14 261 260 1 4 1 0 1 0 0 16 10 0 0 3 3 9 0.3333 21 11 0.0805 0.0421 1 1 12 2 0.5714 0.1818 1 0 2 0 0 0 1 2 0 0 0 0 2 0 5 3 6 3 3 5 7 11 13 
0 30 1 27 14 261 260 1 4 1 0 1 0 0 16 10 7 7 3 3 10 0.3704 21 11 0.0805 0.0421 1 1 11 1 0.5238 0.0909 1 0 1 0 1 0 1 1 1 0 0 0 2 1 4 2 6 7 3 5 8 12 11 
1 30 4 27 14 261 260 1 4 1 0 0 1 0 29 5 2.5000 2.5000 1 1 6 0.2222 26 13 0.0996 0.0498 1 1 20 7 0.7692 0.5385 1 0 0 0 0 0 1 0 0 0 0 0 2 0 6 0 6 0 4 7 9 11 10 

0 31 3 27 10 260 260 0 4 1 0 0 1 0 3 3 2 2 1 1 9 0.3333 14 18 0.0538 0.0692 1 1 5 9 0.3571 0.5000 1 0 0 0 0 0 1 0 0 0 0 0 2 1 3 2 5 9 2 6 8 8 7 
0 31 3 27 10 260 260 0 4 1 0 0 1 0 4 3 3 3 1 1 8 0.2963 15 5 0.0577 0.0192 1 0 7 -3.0000 0.4667 -0.6000 1 0 0 0 0 0 1 0 0 0 0 0 2 3 8 5 7 5 3 6 8 10 12 
1 31 4 27 10 260 260 0 4 0 1 0 1 0 29 16 4 3 2 1 13 0.4815 26 21 0.1000 0.0808 1 1 13 8 0.5000 0.3810 1 0 0 0 0 0 1 0 0 0 0 0 1 0 2 3 5 5 3 5 6 9 11 
1 31 4 27 10 260 260 0 4 1 0 0 1 0 29 5 2.5000 2.5000 2 1 6 0.2222 26 13 0.1000 0.0500 1 1 20 7 0.7692 0.5385 1 0 0 0 0 0 1 0 0 0 0 0 2 0 6 0 6 0 4 7 9 11 10 

0 32 2 27 11 260 260 0 3 1 0 0 1 0 4 3 3 3 1 1 8 0.2963 15 5 0.0577 0.0192 1 0 7 -3.0000 0.4667 -0.6000 1 0 0 0 0 0 1 0 0 0 0 0 2 3 8 7 7 6 3 6 8 10 12 
1 32 3 27 11 260 260 0 3 0 1 0 1 0 29 16 4 3 2 1 13 0.4815 26 21 0.1000 0.0808 1 1 13 8 0.5000 0.3810 1 0 0 0 0 0 1 0 0 0 0 0 1 0 2 3 5 5 3 5 6 9 11 
1 32 3 27 11 260 260 0 3 1 0 0 1 0 29 5 2.5000 2.5000 2 1 6 0.2222 26 13 0.1000 0.0500 1 1 20 7 0.7692 0.5385 1 0 0 0 0 0 1 0 0 0 0 0 2 0 6 0 6 0 4 7 9 11 10 

0 33 2 27 12 261 260 1 4 1 0 1 0 0 5 1 0 0 2 1 7 0.2593 15 25 0.0575 0.0958 1 1 8 18 0.5333 0.7200 1 0 0 0 0 0 1 0 0 1 0 0 2 0 4 5 13 6 3 5 9 11 12 
1 33 4 27 12 261 260 1 4 0 1 0 1 0 29 16 4 3 2 1 13 0.4815 26 21 0.0996 0.0805 1 1 13 8 0.5000 0.3810 1 0 0 0 0 0 1 0 0 0 0 0 1 0 2 3 5 5 3 5 6 9 11 
1 33 4 27 12 261 260 1 4 1 0 0 1 0 29 5 2.5000 2.5000 2 1 6 0.2222 26 13 0.0996 0.0498 1 1 20 7 0.7692 0.5385 1 0 0 0 0 0 1 0 0 0 0 0 2 0 6 0 6 0 4 7 9 11 10 
0 33 2 27 12 261 260 1 4 1 0 0 1 0 5 10 1 1 2 1 4 0.1481 15 11 0.0575 0.0421 1 1 11 7 0.7333 0.6364 1 0 0 0 0 0 1 0 0 1 1 0 2 0 4 1 12 5 4 5 7 9 9 

0 34 1 28 17 261 260 1 4 1 0 1 0 0 16 10 1 1 3 3 8 0.2857 21 11 0.0805 0.0421 1 1 13 3 0.6190 0.2727 1 0 1 0 1 0 1 1 1 0 0 0 2 0 4 1 6 3 3 5 8 10 12 
0 34 1 28 17 261 260 1 4 1 0 1 0 0 16 10 0 0 3 3 9 0.3214 21 11 0.0805 0.0421 1 1 12 2 0.5714 0.1818 1 0 2 0 0 0 1 2 0 0 0 0 2 0 5 3 6 3 3 5 7 11 13 
0 34 1 28 17 261 260 1 4 1 0 1 0 0 16 10 7 7 3 3 10 0.3571 21 11 0.0805 0.0421 1 1 11 1 0.5238 0.0909 1 0 1 0 1 0 1 1 1 0 0 0 2 1 4 2 6 4 3 5 8 12 11 
1 34 4 28 17 261 260 1 4 0 1 0 0 1 29 5 0 2.5000 1 1 7 0.2500 27 13 0.1034 0.0498 1 1 20 6 0.7407 0.4615 1 0 0 0 0 0 1 0 0 0 0 0 1 0 1 0 1 1 2 4 6 10 13 

1 35 1 27 16 261 260 1 4 1 0 1 0 0 16 10 1 1 3 4 8 0.2963 21 11 0.0805 0.0421 1 1 13 3 0.6190 0.2727 1 0 1 0 1 0 1 1 2 0 0 0 2 0 4 1 6 3 3 5 8 10 12 
1 35 1 27 16 261 260 1 4 1 0 1 0 0 16 10 0 0 3 4 9 0.3333 21 11 0.0805 0.0421 1 1 12 2 0.5714 0.1818 1 0 2 0 0 0 1 3 0 0 0 0 2 0 5 3 6 3 3 5 7 11 13 
1 35 1 27 16 261 260 1 4 1 0 1 0 0 16 10 7 7 3 4 10 0.3704 21 11 0.0805 0.0421 1 1 11 1 0.5238 0.0909 1 0 1 0 1 0 2 1 1 0 0 0 2 1 4 2 6 4 3 5 8 12 11 
0 35 0 27 16 261 260 1 4 1 0 0 1 0 29 10 7 7 1 4 17 0.6296 28 11 0.1073 0.0421 1 0 11 -6.0000 0.3929 -0.5455 1 0 0 0 0 0 2 1 1 0 0 0 2 2 4 3 6 11 3 5 8 12 11 

1 36 2 27 13 260 260 0 2 1 0 0 1 0 30 5 2.5000 2.5000 1 1 6 0.2222 26 13 0.1000 0.0500 1 1 20 7 0.7692 0.5385 1 0 0 0 0 0 1 0 0 0 1 0 2 0 6 0 6 0 4 7 9 11 10 
0 36 1 27 13 260 260 0 2 1 0 0 1 0 17 19 17 17 1 1 17 0.6296 21 9 0.0808 0.0346 1 0 4 -8.0000 0.1905 -0.8889 1 0 0 0 0 0 1 0 0 0 1 0 2 2 4 2 8 3 4 7 8 9 11 

1 37 3 27 13 260 260 0 3 1 0 0 1 0 31 5 2.5000 2.5000 1 1 6 0.2222 26 13 0.1000 0.0500 1 1 20 7 0.7692 0.5385 1 0 0 0 0 0 1 0 0 0 1 0 2 0 6 0 6 0 4 7 9 11 10 
1 37 3 27 13 260 260 0 3 1 0 0 1 0 6 10 1 1 1 1 4 0.1481 15 11 0.0577 0.0423 1 1 11 7 0.7333 0.6364 1 0 0 0 0 0 1 0 0 0 0 0 2 0 4 1 9 5 4 5 7 9 9 
0 37 2 27 13 260 260 0 3 1 0 0 1 0 19 20 18 18 1 1 17 0.6296 21 9 0.0808 0.0346 1 0 4 -8.0000 0.1905 -0.8889 1 0 0 0 0 0 1 0 0 0 1 0 2 2 4 2 8 3 4 7 8 9 11 

0 38 1 27 14 261 260 1 4 1 0 1 0 0 20 10 1 1 3 3 8 0.2963 21 11 0.0805 0.0421 1 1 13 3 0.6190 0.2727 1 0 1 0 1 0 1 1 1 0 0 0 2 0 4 1 6 7 3 5 8 10 12 
0 38 1 27 14 261 260 1 4 1 0 1 0 0 20 10 0 0 3 3 9 0.3333 21 11 0.0805 0.0421 1 1 12 2 0.5714 0.1818 1 0 2 0 0 0 1 2 0 0 0 0 2 0 5 3 6 3 3 5 7 11 13 
0 38 1 27 14 261 260 1 4 1 0 1 0 0 20 10 7 7 3 3 10 0.3704 21 11 0.0805 0.0421 1 1 11 1 0.5238 0.0909 1 0 1 0 1 0 1 1 1 0 0 0 2 1 4 2 6 7 3 5 8 12 11 
1 38 4 27 14 261 260 1 4 1 0 0 1 0 31 5 2.5000 2.5000 1 1 6 0.2222 26 13 0.0996 0.0498 1 1 20 7 0.7692 0.5385 1 0 0 0 0 0 1 0 0 0 0 0 2 0 6 0 6 0 4 7 9 11 10 

1 39 2 27 14 260 260 0 2 1 0 0 1 0 32 6 3.5000 3.5000 1 1 6 0.2222 26 13 0.1000 0.0500 1 1 20 7 0.7692 0.5385 1 0 0 0 0 0 1 0 0 0 1 0 2 0 6 0 6 0 4 7 9 11 10 
0 39 1 27 14 260 260 0 2 1 0 0 1 0 21 21 19 19 1 1 18 0.6667 22 9 0.0846 0.0346 1 0 4 -9.0000 0.1818 -1.0000 1 0 0 0 0 0 1 0 0 0 1 0 2 2 4 6 3 7 4 7 8 9 11 

0 40 1 27 14 261 260 1 5 1 0 1 0 0 22 11 2 2 3 4 8 0.2963 21 11 0.0805 0.0421 1 1 13 3 0.6190 0.2727 1 0 1 0 1 0 1 1 1 0 1 0 2 0 4 1 6 5 3 5 8 10 12 
0 40 1 27 14 261 260 1 5 1 0 1 0 0 22 11 0 0 3 4 9 0.3333 21 11 0.0805 0.0421 1 1 12 2 0.5714 0.1818 1 0 2 0 0 0 1 2 0 0 0 1 2 0 5 3 6 3 3 5 7 11 13 
0 40 1 27 14 261 260 1 5 1 0 1 0 0 22 11 7 7 3 4 10 0.3704 21 11 0.0805 0.0421 1 1 11 1 0.5238 0.0909 1 0 1 0 1 0 1 1 1 0 0 0 2 1 4 2 6 7 3 5 8 12 11 
1 40 5 27 14 261 260 1 5 1 0 0 1 0 33 7 4.5000 4.5000 1 1 6 0.2222 26 13 0.0996 0.0498 1 1 20 7 0.7692 0.5385 1 0 0 0 0 0 1 0 0 0 0 0 2 0 6 0 6 0 4 7 9 11 10 
1 40 5 27 14 261 260 1 5 1 0 0 1 0 6 11 1 1 1 4 4 0.1481 15 11 0.0575 0.0421 1 1 11 7 0.7333 0.6364 1 0 0 0 0 0 1 0 0 0 1 1 2 0 4 1 12 5 4 5 7 9 9 

