0 1 10 26 0 315 303 12 11 1 0 1 0 0 0 0 0 0 2 1 17 0.6538 21 23 0.0667 0.0730 1 1 4 6 0.1905 0.2609 1 0 0 0 0 0 2 0 1 1 0 0 2 0 4 0 4 0 4 7 8 9 11 
1 1 11 26 0 315 303 12 11 1 0 1 0 0 0 0 0 0 2 2 9 0.3462 22 20 0.0698 0.0635 1 1 13 11 0.5909 0.5500 1 0 1 2 0 0 1 2 1 1 0 0 2 0 7 4 6 3 2 2 4 6 10 
0 1 10 26 0 315 303 12 11 1 0 1 0 0 0 0 0 0 2 4 8 0.3077 22 19 0.0698 0.0603 1 1 14 11 0.6364 0.5789 1 0 1 2 0 0 2 2 0 0 1 1 2 0 7 4 6 2 2 3 4 6 6 
1 1 11 26 0 315 303 12 11 1 0 1 0 0 0 0 0 0 1 2 11 0.4231 12 20 0.0381 0.0635 1 1 1 9 0.0833 0.4500 1 0 0 0 0 0 1 0 0 0 0 0 2 1 4 1 8 10 3 6 8 10 12 
0 1 10 26 0 315 303 12 11 0 1 1 0 0 0 0 0 0 1 2 5 0.1923 14 20 0.0444 0.0635 1 1 9 15 0.6429 0.7500 1 0 0 0 0 0 1 0 1 0 0 1 1 0 1 0 1 0 2 4 6 7 11 
0 1 10 26 0 315 303 12 11 0 1 1 0 0 0 0 0 0 4 1 14 0.5385 19 18 0.0603 0.0571 1 1 5 4 0.2632 0.2222 1 0 0 0 0 0 1 0 0 1 1 1 1 1 1 3 1 2 2 4 4 4 6 
0 1 9 26 0 315 303 12 11 1 0 0 1 0 0 0 0 0 3 2 23 0.8846 27 21 0.0857 0.0667 1 0 4 -2.0000 0.1481 -0.0952 1 0 0 0 0 0 1 0 1 1 0 1 2 2 4 3 5 4 3 5 8 12 16 
0 1 10 26 0 315 303 12 11 0 1 0 1 0 0 0 0 0 3 2 11 0.4231 27 20 0.0857 0.0635 1 1 16 9 0.5926 0.4500 1 1 0 0 0 0 2 0 0 0 1 0 1 0 4 0 2 0 2 3 4 3 3 
0 1 10 26 0 315 303 12 11 0 1 0 1 0 0 0 0 0 3 4 10 0.3846 27 19 0.0857 0.0603 1 1 17 9 0.6296 0.4737 1 0 0 0 0 0 1 0 0 1 0 0 1 0 1 0 1 0 2 1 2 2 3 
0 1 10 26 0 315 303 12 11 1 0 0 1 0 0 0 0 0 2 2 2 0.0769 20 20 0.0635 0.0635 1 1 18 18 0.9000 0.9000 1 0 0 0 0 1 1 0 2 0 0 1 2 0 4 2 4 8 4 6 7 10 12 
0 1 10 26 0 315 303 12 11 1 0 0 0 1 0 0 0 0 1 4 4 0.1538 27 19 0.0857 0.0603 1 1 23 15 0.8519 0.7895 1 0 0 0 0 0 1 0 0 1 2 1 2 0 4 0 9 0 3 6 7 9 12 

0 2 9 26 1 315 303 12 10 1 0 1 0 0 1 0 0 0 1 1 17 0.6538 21 23 0.0667 0.0730 1 1 4 6 0.1905 0.2609 1 0 0 0 0 0 2 0 1 0 0 0 2 0 4 0 4 0 4 7 8 9 11 
1 2 10 26 1 315 303 12 10 1 0 1 0 0 0 0 0 0 2 1 9 0.3462 22 20 0.0698 0.0635 1 1 13 11 0.5909 0.5500 1 0 1 0 0 0 1 1 0 1 0 0 2 0 7 0 6 1 2 2 4 6 10 
0 2 9 26 1 315 303 12 10 1 0 1 0 0 0 0 0 0 2 3 8 0.3077 22 19 0.0698 0.0603 1 1 14 11 0.6364 0.5789 1 0 1 0 0 0 1 1 0 0 1 1 2 0 7 0 6 0 2 3 4 6 6 
1 2 10 26 1 315 303 12 10 1 0 1 0 0 0 0 0 0 2 3 11 0.4231 12 20 0.0381 0.0635 1 1 1 9 0.0833 0.4500 1 0 0 0 2 0 2 0 1 0 0 0 2 1 4 1 13 10 3 6 8 10 12 
0 2 9 26 1 315 303 12 10 0 1 1 0 0 0 0 0 0 1 2 5 0.1923 14 20 0.0444 0.0635 1 1 9 15 0.6429 0.7500 1 0 0 0 0 0 1 0 0 0 0 1 1 0 1 0 1 0 2 4 6 7 11 
0 2 9 26 1 315 303 12 10 0 1 1 0 0 0 0 0 0 3 1 14 0.5385 19 18 0.0603 0.0571 1 1 5 4 0.2632 0.2222 1 0 0 0 0 0 1 0 0 0 0 1 1 1 1 3 1 2 2 4 4 4 6 
0 2 8 26 1 315 303 12 10 1 0 1 0 0 1 0 0 0 2 2 15 0.5769 27 12 0.0857 0.0381 1 0 12 -3.0000 0.4444 -0.2500 1 0 0 0 2 0 2 0 1 0 0 0 2 3 4 4 9 3 3 6 8 10 12 
1 2 10 26 1 315 303 12 10 1 0 1 0 0 1 0 0 0 2 3 13 0.5000 27 20 0.0857 0.0635 1 1 14 7 0.5185 0.3500 1 0 0 0 2 0 1 0 2 0 0 0 2 0 5 2 9 6 3 6 8 12 11 
0 2 9 26 1 315 303 12 10 1 0 0 1 0 0 0 0 0 2 3 2 0.0769 20 20 0.0635 0.0635 1 1 18 18 0.9000 0.9000 1 0 0 0 0 1 1 0 2 0 0 0 2 0 4 2 4 8 4 6 7 10 12 
0 2 9 26 1 315 303 12 10 1 0 0 0 1 0 0 0 0 1 3 4 0.1538 27 19 0.0857 0.0603 1 1 23 15 0.8519 0.7895 1 0 0 0 0 0 1 0 0 1 1 0 2 0 4 0 9 0 3 6 7 9 12 

0 3 9 27 2 316 304 12 10 1 0 1 0 0 1 0 0 0 1 1 17 0.6296 21 23 0.0665 0.0728 1 1 4 6 0.1905 0.2609 1 0 0 0 0 0 2 0 1 0 0 0 2 0 4 0 4 0 4 7 8 9 11 
1 3 10 27 2 316 304 12 10 1 0 1 0 0 0 0 0 0 2 1 9 0.3333 22 20 0.0696 0.0633 1 1 13 11 0.5909 0.5500 1 0 1 0 0 0 1 1 0 1 0 0 2 0 7 0 6 1 2 2 4 6 10 
0 3 9 27 2 316 304 12 10 1 0 1 0 0 0 0 0 0 2 3 8 0.2963 22 19 0.0696 0.0601 1 1 14 11 0.6364 0.5789 1 0 1 0 0 0 1 1 0 0 1 1 2 0 7 0 6 0 2 3 4 6 6 
1 3 10 27 2 316 304 12 10 1 0 1 0 0 1 0 1 1 2 3 11 0.4074 12 20 0.0380 0.0633 1 1 1 9 0.0833 0.4500 1 0 0 0 1 1 2 0 1 0 0 0 2 1 4 1 12 12 3 6 8 10 12 
0 3 9 27 2 316 304 12 10 0 1 1 0 0 0 0 0 0 1 2 5 0.1852 14 20 0.0443 0.0633 1 1 9 15 0.6429 0.7500 1 0 0 0 0 0 1 0 0 0 0 1 1 0 1 0 1 0 2 4 6 7 11 
0 3 9 27 2 316 304 12 10 0 1 1 0 0 0 0 0 0 3 1 14 0.5185 19 18 0.0601 0.0570 1 1 5 4 0.2632 0.2222 1 0 0 0 0 0 1 0 0 0 0 1 1 1 1 3 1 2 2 4 4 4 6 
0 3 9 27 2 316 304 12 10 1 0 0 1 0 0 0 0 0 2 3 2 0.0741 20 20 0.0633 0.0633 1 1 18 18 0.9000 0.9000 1 0 0 0 0 1 1 0 2 0 0 0 2 0 4 2 4 8 4 6 7 10 12 
0 3 8 27 2 316 304 12 10 1 0 0 1 0 2 1 1 1 2 2 16 0.5926 28 12 0.0886 0.0380 1 0 12 -4.0000 0.4286 -0.3333 1 0 0 0 0 2 2 0 1 0 0 0 2 2 6 3 5 9 3 6 8 10 12 
1 3 10 27 2 316 304 12 10 1 0 0 1 0 2 0 0 0 2 3 13 0.4815 28 20 0.0886 0.0633 1 1 15 7 0.5357 0.3500 1 0 0 0 1 1 1 0 2 0 0 0 2 0 5 3 8 7 3 6 8 12 11 
0 3 9 27 2 316 304 12 10 1 0 0 0 1 0 0 0 0 1 3 4 0.1481 27 19 0.0854 0.0601 1 1 23 15 0.8519 0.7895 1 0 0 0 0 0 1 0 0 1 1 0 2 0 4 0 9 0 3 6 7 9 12 

0 4 10 27 3 316 304 12 11 1 0 1 0 0 1 0 0 0 2 1 17 0.6296 21 23 0.0665 0.0728 1 1 4 6 0.1905 0.2609 1 0 0 0 0 0 2 0 1 1 0 0 2 0 4 0 4 0 4 7 8 9 11 
1 4 11 27 3 316 304 12 11 1 0 1 0 0 0 0 0 0 2 2 9 0.3333 22 20 0.0696 0.0633 1 1 13 11 0.5909 0.5500 1 0 1 2 0 0 1 2 1 1 0 0 2 0 7 3 8 2 2 2 4 6 10 
0 4 10 27 3 316 304 12 11 1 0 1 0 0 0 0 0 0 2 4 8 0.2963 22 19 0.0696 0.0601 1 1 14 11 0.6364 0.5789 1 0 1 2 0 0 2 2 0 0 1 1 2 0 7 4 7 1 2 3 4 6 6 
1 4 11 27 3 316 304 12 11 1 0 1 0 0 2 0 2 2 1 2 11 0.4074 12 20 0.0380 0.0633 1 1 1 9 0.0833 0.4500 1 0 0 0 0 0 1 0 0 0 0 0 2 1 4 1 8 10 3 6 8 10 12 
0 4 10 27 3 316 304 12 11 0 1 1 0 0 0 0 0 0 1 2 5 0.1852 14 20 0.0443 0.0633 1 1 9 15 0.6429 0.7500 1 0 0 0 0 0 1 0 1 0 0 1 1 0 1 0 1 0 2 4 6 7 11 
0 4 10 27 3 316 304 12 11 0 1 1 0 0 0 0 0 0 4 1 14 0.5185 19 18 0.0601 0.0570 1 1 5 4 0.2632 0.2222 1 0 0 0 0 0 1 0 0 1 1 1 1 1 1 3 1 2 2 4 4 4 6 
0 4 9 27 3 316 304 12 11 1 0 1 0 0 3 1 1 1 3 2 24 0.8889 28 21 0.0886 0.0665 1 0 4 -3.0000 0.1429 -0.1429 1 0 0 0 0 0 1 0 1 1 0 1 2 2 4 3 6 3 3 5 8 12 16 
0 4 10 27 3 316 304 12 11 1 0 0 1 0 0 0 0 0 2 2 2 0.0741 20 20 0.0633 0.0633 1 1 18 18 0.9000 0.9000 1 0 0 0 0 1 1 0 2 0 0 1 2 0 4 2 4 8 4 6 7 10 12 
1 4 11 27 3 316 304 12 11 0 1 0 1 0 3 0 0 0 3 2 11 0.4074 28 20 0.0886 0.0633 1 1 17 9 0.6071 0.4500 1 1 0 0 0 0 2 0 0 0 1 0 1 0 4 0 2 0 2 3 4 3 3 
0 4 10 27 3 316 304 12 11 0 1 0 1 0 3 0 0 0 3 4 10 0.3704 28 19 0.0886 0.0601 1 1 18 9 0.6429 0.4737 1 0 0 0 0 0 1 0 0 1 0 0 1 0 1 0 1 0 2 1 2 2 3 
0 4 10 27 3 316 304 12 11 1 0 0 0 1 0 0 0 0 1 4 4 0.1481 27 19 0.0854 0.0601 1 1 23 15 0.8519 0.7895 1 0 0 0 0 0 1 0 0 1 2 1 2 0 4 0 9 0 3 6 7 9 12 

0 5 9 28 4 317 305 12 10 1 0 1 0 0 2 0 0 0 1 1 17 0.6071 21 23 0.0662 0.0726 1 1 4 6 0.1905 0.2609 1 0 0 0 0 0 2 0 1 0 0 0 2 0 4 0 4 0 4 7 8 9 11 
1 5 10 28 4 317 305 12 10 1 0 1 0 0 0 0 0 0 2 2 9 0.3214 22 20 0.0694 0.0631 1 1 13 11 0.5909 0.5500 1 0 1 2 0 0 1 2 1 1 0 0 2 0 7 4 6 3 2 2 4 6 10 
0 5 9 28 4 317 305 12 10 1 0 1 0 0 0 0 0 0 2 4 8 0.2857 22 19 0.0694 0.0599 1 1 14 11 0.6364 0.5789 1 0 1 2 0 0 2 2 0 0 1 1 2 0 7 4 6 2 2 3 4 6 6 
1 5 10 28 4 317 305 12 10 1 0 1 0 0 2 0 2 2 1 2 11 0.3929 12 20 0.0379 0.0631 1 1 1 9 0.0833 0.4500 1 0 0 0 0 0 1 0 0 0 0 0 2 1 4 1 8 10 3 6 8 10 12 
0 5 9 28 4 317 305 12 10 0 1 1 0 0 0 0 0 0 1 2 5 0.1786 14 20 0.0442 0.0631 1 1 9 15 0.6429 0.7500 1 0 0 0 0 0 1 0 0 0 0 1 1 0 1 0 1 0 2 4 6 7 11 
0 5 9 28 4 317 305 12 10 0 1 1 0 0 0 0 0 0 4 1 14 0.5000 19 18 0.0599 0.0568 1 1 5 4 0.2632 0.2222 1 0 0 0 0 0 1 0 0 1 1 1 1 1 1 3 1 2 2 4 4 4 6 
0 5 9 28 4 317 305 12 10 1 0 0 1 0 0 0 0 0 2 2 2 0.0714 20 20 0.0631 0.0631 1 1 18 18 0.9000 0.9000 1 0 0 0 0 1 1 0 2 0 0 0 2 0 4 2 4 8 4 6 7 10 12 
1 5 10 28 4 317 305 12 10 0 1 0 1 0 4 0 0 0 2 2 11 0.3929 29 20 0.0915 0.0631 1 1 18 9 0.6207 0.4500 1 1 0 0 0 0 2 0 0 0 1 0 1 0 4 0 2 0 2 3 4 3 3 
0 5 9 28 4 317 305 12 10 0 1 0 1 0 4 0 0 0 2 4 10 0.3571 29 19 0.0915 0.0599 1 1 19 9 0.6552 0.4737 1 0 0 0 0 0 1 0 0 1 0 0 1 0 1 0 1 0 2 1 2 2 3 
0 5 9 28 4 317 305 12 10 1 0 0 0 1 0 0 0 0 1 4 4 0.1429 27 19 0.0852 0.0599 1 1 23 15 0.8519 0.7895 1 0 0 0 0 0 1 0 0 1 2 1 2 0 4 0 9 0 3 6 7 9 12 

1 6 9 28 5 317 306 11 9 1 0 1 0 0 0 0 0 0 2 2 9 0.3214 22 20 0.0694 0.0631 1 1 13 11 0.5909 0.5500 1 0 1 2 0 0 1 2 1 1 0 0 2 0 7 4 6 3 2 2 4 6 10 
0 6 8 28 5 317 306 11 9 1 0 1 0 0 0 0 0 0 2 4 8 0.2857 22 19 0.0694 0.0599 1 1 14 11 0.6364 0.5789 1 0 1 2 0 0 2 2 0 0 1 1 2 0 7 4 6 2 2 3 4 6 6 
1 6 9 28 5 317 306 11 9 1 0 1 0 0 2 0 2 2 1 2 11 0.3929 12 20 0.0379 0.0631 1 1 1 9 0.0833 0.4500 1 0 0 0 0 0 1 0 0 0 0 0 2 1 4 1 8 10 3 6 8 10 12 
0 6 8 28 5 317 306 11 9 0 1 1 0 0 0 0 0 1 1 2 5 0.1786 14 20 0.0442 0.0631 1 1 9 15 0.6429 0.7500 1 0 0 0 0 0 1 0 0 0 0 1 1 0 1 0 1 0 2 4 6 7 11 
0 6 8 28 5 317 306 11 9 0 1 1 0 0 0 0 0 0 4 1 14 0.5000 19 18 0.0599 0.0568 1 1 5 4 0.2632 0.2222 1 0 0 0 0 0 1 0 0 1 1 1 1 1 1 3 1 2 2 4 4 4 6 
0 6 8 28 5 317 306 11 9 1 0 0 1 0 0 0 0 0 2 2 2 0.0714 20 20 0.0631 0.0631 1 1 18 18 0.9000 0.9000 1 0 0 0 0 1 1 0 1 0 0 0 2 0 4 2 4 8 4 6 7 10 12 
1 6 9 28 5 317 306 11 9 0 1 0 1 0 4 0 0 0 2 2 11 0.3929 29 20 0.0915 0.0631 1 1 18 9 0.6207 0.4500 1 1 0 0 0 0 2 0 0 0 1 0 1 0 4 0 2 0 2 3 4 3 3 
0 6 8 28 5 317 306 11 9 0 1 0 1 0 4 0 0 0 2 4 10 0.3571 29 19 0.0915 0.0599 1 1 19 9 0.6552 0.4737 1 0 0 0 0 0 1 0 0 1 0 0 1 0 1 0 1 0 2 1 2 2 3 
0 6 8 28 5 317 306 11 9 1 0 0 0 1 0 0 0 0 1 4 4 0.1429 27 19 0.0852 0.0599 1 1 23 15 0.8519 0.7895 1 0 0 0 0 0 1 0 0 1 2 1 2 0 4 0 9 0 3 6 7 9 12 

1 7 8 28 6 318 307 11 8 1 0 1 0 0 1 0 0 0 2 2 9 0.3214 22 20 0.0692 0.0629 1 1 13 11 0.5909 0.5500 2 0 0 2 0 0 2 1 1 0 0 0 2 2 4 6 4 5 2 2 4 6 10 
1 7 8 28 6 318 307 11 8 1 0 1 0 0 2 0 2 2 1 2 11 0.3929 12 20 0.0377 0.0629 1 1 1 9 0.0833 0.4500 1 0 0 0 0 0 1 0 0 0 0 0 2 1 4 1 8 10 3 6 8 10 12 
0 7 7 28 6 318 307 11 8 0 1 1 0 0 0 0 0 1 1 2 5 0.1786 14 20 0.0440 0.0629 1 1 9 15 0.6429 0.7500 1 0 0 0 0 0 1 0 0 0 0 1 1 0 1 0 1 0 2 4 6 7 11 
1 7 8 28 6 318 307 11 8 0 1 1 0 0 1 1 0 1 3 2 9 0.3214 20 22 0.0629 0.0692 1 1 11 13 0.5500 0.5909 2 0 0 0 0 0 2 0 0 0 0 0 2 0 2 0 2 1 1 1 2 3 6 
1 7 8 28 6 318 307 11 8 1 0 1 0 0 1 0 0 0 3 1 14 0.5000 20 18 0.0629 0.0566 1 1 6 4 0.3000 0.2222 1 0 0 0 0 0 1 0 0 0 2 1 2 1 4 3 4 2 3 5 6 7 10 
0 7 7 28 6 318 307 11 8 1 0 0 1 0 0 0 0 0 2 2 2 0.0714 20 20 0.0629 0.0629 1 1 18 18 0.9000 0.9000 1 0 0 0 0 1 1 0 1 0 0 0 2 0 4 2 4 8 4 6 7 10 12 
1 7 8 28 6 318 307 11 8 0 1 0 1 0 4 0 0 1 2 2 11 0.3929 29 20 0.0912 0.0629 1 1 18 9 0.6207 0.4500 1 1 0 0 0 0 2 0 0 0 1 0 1 2 1 1 1 1 2 3 4 3 3 
1 7 8 28 6 318 307 11 8 1 0 0 1 0 1 4 0 0 3 2 10 0.3571 20 29 0.0629 0.0912 1 1 10 19 0.5000 0.6552 1 1 1 1 0 0 2 1 1 0 1 0 2 2 4 6 4 4 3 4 5 4 5 

1 8 9 28 6 317 307 10 9 1 0 1 0 0 2 0 2 2 1 2 11 0.3929 12 20 0.0379 0.0631 1 1 1 9 0.0833 0.4500 1 0 0 0 0 0 1 0 0 0 0 0 2 1 4 1 8 10 3 6 8 10 12 
0 8 8 28 6 317 307 10 9 0 1 1 0 0 0 0 0 1 1 2 5 0.1786 14 20 0.0442 0.0631 1 1 9 15 0.6429 0.7500 1 0 0 0 0 0 1 0 0 0 0 1 1 0 1 0 1 0 2 4 6 7 11 
0 8 8 28 6 317 307 10 9 0 1 1 0 0 1 0 0 0 4 1 14 0.5000 19 18 0.0599 0.0568 1 1 5 4 0.2632 0.2222 1 0 0 0 0 0 1 0 0 1 2 1 1 1 1 3 1 2 2 4 4 4 6 
1 8 9 28 6 317 307 10 9 0 1 1 0 0 1 0 1 0 2 2 10 0.3571 23 20 0.0726 0.0631 1 1 13 10 0.5652 0.5000 1 3 0 0 0 0 3 1 0 0 0 1 1 2 4 1 2 1 1 2 3 4 3 
0 8 8 28 6 317 307 10 9 0 1 1 0 0 1 1 0 1 2 4 9 0.3214 23 19 0.0726 0.0599 1 1 14 10 0.6087 0.5263 1 1 1 0 0 0 3 0 0 0 1 0 1 2 1 1 1 1 2 3 4 3 3 
0 8 8 28 6 317 307 10 9 1 0 0 1 0 0 0 0 0 2 2 2 0.0714 20 20 0.0631 0.0631 1 1 18 18 0.9000 0.9000 1 0 0 0 0 1 1 0 1 0 0 0 2 0 4 2 4 8 4 6 7 10 12 
1 8 9 28 6 317 307 10 9 0 1 0 1 0 4 0 0 1 2 2 11 0.3929 29 20 0.0915 0.0631 1 1 18 9 0.6207 0.4500 1 1 1 0 0 0 3 0 0 0 1 0 1 0 4 0 2 0 2 3 4 3 3 
0 8 8 28 6 317 307 10 9 0 1 0 1 0 4 1 0 0 2 4 10 0.3571 29 19 0.0915 0.0599 1 1 19 9 0.6552 0.4737 1 0 0 0 0 0 1 0 0 1 0 0 1 0 1 0 1 0 2 1 2 2 3 
0 8 8 28 6 317 307 10 9 1 0 0 0 1 0 1 0 0 1 4 4 0.1429 27 19 0.0852 0.0599 1 1 23 15 0.8519 0.7895 1 0 0 0 0 0 1 0 0 1 2 1 2 0 4 0 9 0 3 6 7 9 12 

1 9 8 28 7 317 308 9 8 1 0 1 0 0 2 0 2 2 1 1 11 0.3929 12 20 0.0379 0.0631 1 1 1 9 0.0833 0.4500 1 0 0 0 0 0 1 0 0 0 0 0 2 1 4 1 8 10 3 6 8 10 12 
0 9 7 28 7 317 308 9 8 0 1 1 0 0 1 0 0 0 4 1 14 0.5000 19 18 0.0599 0.0568 1 1 5 4 0.2632 0.2222 1 0 0 0 0 0 1 0 0 1 2 1 1 1 1 3 1 2 2 4 4 4 6 
1 9 8 28 7 317 308 9 8 0 1 1 0 0 1 0 1 0 2 2 10 0.3571 23 20 0.0726 0.0631 1 1 13 10 0.5652 0.5000 1 3 0 0 0 0 3 1 0 0 0 1 1 2 4 1 2 1 1 2 3 4 3 
0 9 7 28 7 317 308 9 8 0 1 1 0 0 1 1 0 1 2 4 9 0.3214 23 19 0.0726 0.0599 1 1 14 10 0.6087 0.5263 1 1 1 0 0 0 3 0 0 0 1 0 1 2 1 1 1 1 2 3 4 3 3 
0 9 7 28 7 317 308 9 8 1 0 1 0 0 1 1 1.5000 1.5000 1 1 5 0.1786 21 14 0.0662 0.0442 1 1 16 9 0.7619 0.6429 1 0 0 0 0 0 1 0 0 0 0 0 2 1 3 1 3 6 4 7 8 9 11 
1 9 8 28 7 317 308 9 8 0 1 0 1 0 4 0 0 1 2 2 11 0.3929 29 20 0.0915 0.0631 1 1 18 9 0.6207 0.4500 1 1 1 0 0 0 3 0 0 0 1 0 1 0 4 0 2 0 2 3 4 3 3 
0 9 7 28 7 317 308 9 8 0 1 0 1 0 4 1 0 0 2 4 10 0.3571 29 19 0.0915 0.0599 1 1 19 9 0.6552 0.4737 1 0 0 0 0 0 1 0 0 1 0 0 1 0 1 0 1 0 2 1 2 2 3 
0 9 7 28 7 317 308 9 8 1 0 0 0 1 0 1 0 0 1 4 4 0.1429 27 19 0.0852 0.0599 1 1 23 15 0.8519 0.7895 1 0 0 0 0 0 1 0 0 1 2 1 2 0 4 0 9 0 3 6 7 9 12 

1 10 7 28 8 317 309 8 7 1 0 1 0 0 2 0 2 2 1 1 11 0.3929 12 20 0.0379 0.0631 1 1 1 9 0.0833 0.4500 1 0 0 0 0 0 1 0 0 0 0 0 2 1 4 1 8 10 3 6 8 10 12 
1 10 7 28 8 317 309 8 7 0 1 1 0 0 1 0 1 0 2 2 10 0.3571 23 20 0.0726 0.0631 1 1 13 10 0.5652 0.5000 1 3 0 0 0 0 3 1 0 0 0 1 1 4 1 2 1 2 1 2 3 4 3 
0 10 6 28 8 317 309 8 7 1 0 1 0 0 1 1 1.5000 1.5000 1 1 5 0.1786 21 14 0.0662 0.0442 1 1 16 9 0.7619 0.6429 1 0 0 0 0 0 1 0 0 0 0 0 2 1 3 1 3 6 4 7 8 9 11 
1 10 7 28 8 317 309 8 7 1 0 1 0 0 2 1 0.5000 0.5000 3 1 14 0.5000 20 18 0.0631 0.0568 1 1 6 4 0.3000 0.2222 1 0 0 0 0 0 1 0 0 0 2 2 2 1 4 3 4 2 3 5 6 7 10 
1 10 7 28 8 317 309 8 7 0 1 0 1 0 4 0 0 1 2 2 11 0.3929 29 20 0.0915 0.0631 1 1 18 9 0.6207 0.4500 1 1 0 0 0 0 2 0 0 0 1 0 1 2 1 1 1 1 2 3 4 3 3 
1 10 7 28 8 317 309 8 7 1 0 0 1 0 2 1 1 1 3 2 9 0.3214 20 23 0.0631 0.0726 1 1 11 14 0.5500 0.6087 1 1 2 0 0 0 3 1 0 0 0 1 2 2 7 3 5 3 2 3 4 6 6 
1 10 7 28 8 317 309 8 7 1 0 0 0 1 2 4 0 0 3 2 10 0.3571 20 29 0.0631 0.0915 1 1 10 19 0.5000 0.6552 1 2 1 0 0 0 2 2 0 0 1 0 2 2 7 3 5 3 3 4 5 4 5 

1 11 6 28 10 317 311 6 6 0 1 1 0 0 1 0 1 0 2 2 10 0.3571 23 20 0.0726 0.0631 1 1 13 10 0.5652 0.5000 1 3 0 0 0 0 3 1 0 0 0 1 1 4 1 2 1 2 1 2 3 4 3 
1 11 6 28 10 317 311 6 6 1 0 1 0 0 2 1 0.5000 0.5000 3 1 14 0.5000 20 18 0.0631 0.0568 1 1 6 4 0.3000 0.2222 1 0 0 0 0 0 1 0 0 0 2 2 2 1 4 3 4 2 3 5 6 7 10 
0 11 5 28 10 317 311 6 6 1 0 1 0 0 1 3 3 3 1 1 12 0.4286 21 12 0.0662 0.0379 1 0 9 0 0.4286 0 1 0 0 0 0 0 1 0 0 0 0 0 2 2 3 3 6 8 3 6 8 10 12 
0 11 5 28 10 317 311 6 6 0 1 0 1 0 4 0 0 1 2 2 11 0.3929 29 20 0.0915 0.0631 1 1 18 9 0.6207 0.4500 1 1 0 0 0 0 2 0 0 0 1 0 1 2 1 1 1 1 2 3 4 3 3 
1 11 6 28 10 317 311 6 6 1 0 0 1 0 2 1 1 1 3 2 9 0.3214 20 23 0.0631 0.0726 1 1 11 14 0.5500 0.6087 1 1 2 0 0 0 3 1 0 0 0 1 2 2 7 3 5 3 2 3 4 6 6 
0 11 5 28 10 317 311 6 6 1 0 0 0 1 2 4 0 0 3 2 10 0.3571 20 29 0.0631 0.0915 1 1 10 19 0.5000 0.6552 1 2 1 0 0 0 2 2 0 0 1 0 2 2 7 3 5 3 3 4 5 4 5 

1 12 6 28 11 317 312 5 6 0 1 1 0 0 1 0 1 0 2 2 10 0.3571 23 20 0.0726 0.0631 1 1 13 10 0.5652 0.5000 1 3 0 0 0 0 3 1 0 0 0 1 1 4 1 2 1 2 1 2 3 4 3 
1 12 6 28 11 317 312 5 6 1 0 1 0 0 2 1 0.5000 0.5000 3 1 14 0.5000 20 18 0.0631 0.0568 1 1 6 4 0.3000 0.2222 1 0 0 0 0 0 1 0 0 0 2 2 2 1 4 3 4 2 3 5 6 7 10 
0 12 5 28 11 317 312 5 6 0 1 0 1 0 4 0 0 1 2 2 11 0.3929 29 20 0.0915 0.0631 1 1 18 9 0.6207 0.4500 1 1 0 0 0 0 2 0 0 0 1 0 1 2 1 1 1 1 2 3 4 3 3 
1 12 6 28 11 317 312 5 6 1 0 0 1 0 2 1 1 1 3 2 9 0.3214 20 23 0.0631 0.0726 1 1 11 14 0.5500 0.6087 1 1 2 0 0 0 3 1 0 0 0 1 2 2 7 3 5 3 2 3 4 6 6 
0 12 5 28 11 317 312 5 6 1 0 0 1 0 2 4 4 4 1 1 13 0.4643 22 12 0.0694 0.0379 1 0 9 -1.0000 0.4091 -0.0833 1 0 0 0 0 0 1 0 0 0 0 0 2 2 4 5 3 4 3 6 8 10 12 
0 12 5 28 11 317 312 5 6 1 0 0 0 1 2 4 0 0 3 2 10 0.3571 20 29 0.0631 0.0915 1 1 10 19 0.5000 0.6552 1 2 1 0 0 0 2 2 0 0 1 0 2 2 7 3 5 3 3 4 5 4 5 

1 13 5 28 12 317 312 5 5 0 1 1 0 0 1 1 1.5000 0 2 1 10 0.3571 23 20 0.0726 0.0631 1 1 13 10 0.5652 0.5000 1 1 0 0 0 0 2 0 0 0 0 1 1 2 1 1 1 1 1 2 3 4 3 
1 13 5 28 12 317 312 5 5 1 0 1 0 0 2 1 0.5000 0.5000 2 1 14 0.5000 20 18 0.0631 0.0568 1 1 6 4 0.3000 0.2222 1 0 0 0 0 0 1 0 0 0 0 2 2 1 4 3 4 2 3 5 6 7 10 
1 13 5 28 12 317 312 5 5 1 0 0 1 0 2 1 1.5000 1.5000 2 2 9 0.3214 20 23 0.0631 0.0726 1 1 11 14 0.5500 0.6087 1 1 0 0 0 0 2 0 0 0 0 1 2 2 4 3 3 3 2 3 4 6 6 
0 13 4 28 12 317 312 5 5 1 0 0 1 0 2 4 4 4 1 1 13 0.4643 22 12 0.0694 0.0379 1 0 9 -1.0000 0.4091 -0.0833 1 0 0 0 0 0 1 0 0 1 0 0 2 2 5 5 6 4 3 6 8 10 12 
0 13 4 28 12 317 312 5 5 0 1 0 0 1 5 0 0 0 1 1 18 0.6429 29 27 0.0915 0.0852 1 1 11 9 0.3793 0.3333 1 0 0 0 0 0 1 0 0 0 1 0 1 0 1 0 2 2 2 4 5 8 11 

1 14 5 28 13 318 312 6 5 0 1 1 0 0 1 1 1.5000 0 2 1 10 0.3571 23 20 0.0723 0.0629 1 1 13 10 0.5652 0.5000 1 1 0 0 0 0 2 0 0 0 0 1 1 2 1 1 1 1 1 2 3 4 3 
1 14 5 28 13 318 312 6 5 1 0 1 0 0 2 1 0.5000 0.5000 2 1 14 0.5000 20 18 0.0629 0.0566 1 1 6 4 0.3000 0.2222 1 0 0 0 0 0 1 0 0 0 0 2 2 1 4 3 4 2 3 5 6 7 10 
1 14 5 28 13 318 312 6 5 1 0 0 1 0 2 1 1.5000 1.5000 2 2 9 0.3214 20 23 0.0629 0.0723 1 1 11 14 0.5500 0.6087 1 1 0 0 0 0 2 0 0 0 0 1 2 2 4 3 3 3 2 3 4 6 6 
1 14 5 28 13 318 312 6 5 0 1 0 1 0 3 3 0 0 1 1 9 0.3214 22 22 0.0692 0.0692 1 1 13 13 0.5909 0.5909 1 0 0 0 0 0 1 0 0 0 0 0 1 0 1 2 3 4 2 4 5 8 11 
0 14 4 28 13 318 312 6 5 0 1 0 0 1 5 0 0 0 1 1 18 0.6429 29 27 0.0912 0.0849 1 1 11 9 0.3793 0.3333 1 0 0 0 0 0 1 0 0 0 0 0 1 0 1 0 2 2 2 4 5 8 11 

1 15 7 28 9 318 310 8 7 1 0 1 0 0 5 3 5 5 1 1 11 0.3929 12 20 0.0377 0.0629 1 1 1 9 0.0833 0.4500 1 0 0 0 0 0 1 0 0 0 0 0 2 1 4 1 8 10 3 6 8 10 12 
1 15 7 28 9 318 310 8 7 0 1 1 0 0 1 1 1.5000 0 2 2 10 0.3571 23 20 0.0723 0.0629 1 1 13 10 0.5652 0.5000 1 3 0 0 0 0 3 1 0 0 0 1 1 4 1 2 1 2 1 2 3 4 3 
1 15 7 28 9 318 310 8 7 1 0 1 0 0 2 1 0.5000 0.5000 3 1 14 0.5000 20 18 0.0629 0.0566 1 1 6 4 0.3000 0.2222 1 0 0 0 0 0 1 0 0 0 2 2 2 1 4 3 4 2 3 5 6 7 10 
0 15 6 28 9 318 310 8 7 0 1 1 0 0 2 2 0.5000 2.5000 1 1 6 0.2143 15 21 0.0472 0.0660 1 1 9 15 0.6000 0.7143 1 0 0 0 0 0 1 0 0 0 0 0 1 0 1 0 1 0 2 4 6 7 11 
1 15 7 28 9 318 310 8 7 0 1 0 1 0 5 1 0.5000 1.5000 2 2 11 0.3929 29 20 0.0912 0.0629 1 1 18 9 0.6207 0.4500 1 1 0 0 0 0 2 0 0 0 1 0 1 2 1 1 1 1 2 3 4 3 3 
1 15 7 28 9 318 310 8 7 1 0 0 1 0 2 1 1.5000 1.5000 3 2 9 0.3214 20 23 0.0629 0.0723 1 1 11 14 0.5500 0.6087 1 1 2 0 0 0 3 1 0 0 0 1 2 2 7 3 5 3 2 3 4 6 6 
1 15 7 28 9 318 310 8 7 1 0 0 0 1 2 5 0.5000 0.5000 3 2 10 0.3571 20 29 0.0629 0.0912 1 1 10 19 0.5000 0.6552 1 2 1 0 0 0 2 2 0 0 1 0 2 2 7 3 5 3 3 4 5 4 5 

0 16 6 28 12 319 313 6 7 1 0 1 0 0 2 1 0.5000 0.5000 3 2 14 0.5000 20 18 0.0627 0.0564 1 1 6 4 0.3000 0.2222 1 0 1 0 0 0 1 1 0 0 1 3 2 0 6 0 7 0 3 5 6 7 10 
0 16 6 28 12 319 313 6 7 1 0 1 0 0 1 1 0 0 3 2 15 0.5357 21 18 0.0658 0.0564 1 1 6 3 0.2857 0.1667 1 0 1 0 0 0 1 1 0 1 3 0 2 0 7 0 6 1 3 3 5 7 7 
1 16 7 28 12 319 313 6 7 1 0 0 1 0 2 1 1.5000 1.5000 3 2 9 0.3214 20 23 0.0627 0.0721 1 1 11 14 0.5500 0.6087 1 1 2 0 0 0 3 1 0 0 1 1 2 2 8 2 6 2 2 3 4 6 6 
0 16 6 28 12 319 313 6 7 1 0 0 1 0 3 5 5 5 1 1 13 0.4643 22 12 0.0690 0.0376 1 0 9 -1.0000 0.4091 -0.0833 1 0 0 0 0 0 1 0 0 0 0 0 2 2 4 5 3 4 3 6 8 10 12 
0 16 6 28 12 319 313 6 7 1 0 0 1 0 1 5 1.5000 1.5000 3 2 11 0.3929 21 29 0.0658 0.0909 1 1 10 18 0.4762 0.6207 1 1 2 0 0 0 3 1 0 0 1 1 2 1 9 1 7 2 2 3 4 6 6 
1 16 7 28 12 319 313 6 7 0 1 0 1 0 1 1 0 1.5000 3 2 10 0.3571 21 23 0.0658 0.0721 1 1 11 13 0.5238 0.5652 1 0 0 0 0 0 1 0 0 0 0 0 1 0 1 0 1 2 1 1 2 3 6 
0 16 6 28 12 319 313 6 7 1 0 0 0 1 2 5 0.5000 0.5000 3 2 10 0.3571 20 29 0.0627 0.0909 1 1 10 19 0.5000 0.6552 1 1 2 0 0 0 1 3 0 1 1 0 2 1 9 2 6 2 3 4 5 4 5 

1 17 8 28 8 317 309 8 8 1 0 1 0 0 5 3 5 5 1 1 11 0.3929 12 20 0.0379 0.0631 1 1 1 9 0.0833 0.4500 1 0 0 0 0 0 1 0 0 0 0 0 2 1 4 1 8 10 3 6 8 10 12 
1 17 8 28 8 317 309 8 8 0 1 1 0 0 1 1 1.5000 0 2 2 10 0.3571 23 20 0.0726 0.0631 1 1 13 10 0.5652 0.5000 1 3 0 0 0 0 3 1 0 0 0 0 1 2 4 1 2 1 1 2 3 4 3 
0 17 7 28 8 317 309 8 8 0 1 1 0 0 1 2 0.5000 1.5000 2 4 9 0.3214 23 19 0.0726 0.0599 1 1 14 10 0.6087 0.5263 1 1 1 0 0 0 3 0 0 0 0 1 1 2 1 1 1 1 2 3 4 3 3 
0 17 7 28 8 317 309 8 8 1 0 1 0 0 2 2 2.5000 2.5000 1 1 5 0.1786 21 14 0.0662 0.0442 1 1 16 9 0.7619 0.6429 1 0 0 0 0 0 1 0 0 0 0 0 2 1 3 1 3 6 4 7 8 9 11 
0 17 7 28 8 317 309 8 8 1 0 1 0 0 1 2 0.5000 0.5000 1 4 14 0.5000 19 19 0.0599 0.0599 1 1 5 5 0.2632 0.2632 1 0 0 0 0 0 1 0 0 0 1 2 2 1 4 1 6 1 2 4 8 10 10 
1 17 8 28 8 317 309 8 8 0 1 0 1 0 5 1 0.5000 1.5000 2 2 11 0.3929 29 20 0.0915 0.0631 1 1 18 9 0.6207 0.4500 1 1 1 0 0 0 3 0 0 0 0 1 1 0 4 0 2 0 2 3 4 3 3 
0 17 7 28 8 317 309 8 8 0 1 0 1 0 5 2 0 0.5000 2 4 10 0.3571 29 19 0.0915 0.0599 1 1 19 9 0.6552 0.4737 1 0 0 0 0 0 1 0 0 0 1 0 1 0 1 0 1 0 2 1 2 2 3 
0 17 7 28 8 317 309 8 8 1 0 0 0 1 0 2 0 0 1 4 4 0.1429 27 19 0.0852 0.0599 1 1 23 15 0.8519 0.7895 1 0 0 0 0 0 1 0 0 1 2 1 2 0 4 0 9 0 3 6 7 9 12 

1 18 7 28 9 318 310 8 7 1 0 1 0 0 5 3 5 5 1 1 11 0.3929 12 20 0.0377 0.0629 1 1 1 9 0.0833 0.4500 1 0 0 0 0 0 1 0 0 0 0 0 2 1 4 1 8 10 3 6 8 10 12 
1 18 7 28 9 318 310 8 7 0 1 1 0 0 2 1 2 0 2 2 10 0.3571 23 20 0.0723 0.0629 1 1 13 10 0.5652 0.5000 1 3 0 0 0 0 3 1 0 0 0 1 1 4 1 2 1 2 1 2 3 4 3 
0 18 6 28 9 318 310 8 7 1 0 1 0 0 2 2 2.5000 2.5000 1 1 5 0.1786 21 14 0.0660 0.0440 1 1 16 9 0.7619 0.6429 1 0 0 0 0 0 1 0 0 0 0 0 2 1 3 1 3 6 4 7 8 9 11 
1 18 7 28 9 318 310 8 7 1 0 1 0 0 3 2 2 2 3 2 9 0.3214 20 23 0.0629 0.0723 1 1 11 14 0.5500 0.6087 1 1 2 0 0 0 3 1 0 0 0 1 2 2 7 3 5 3 2 3 4 6 6 
0 18 6 28 9 318 310 8 7 0 1 1 0 0 3 1 0.5000 0.5000 3 1 15 0.5357 20 19 0.0629 0.0597 1 1 5 4 0.2500 0.2105 1 0 0 0 0 0 1 0 0 0 2 2 1 0 4 0 3 0 2 4 4 4 6 
1 18 7 28 9 318 310 8 7 0 1 0 1 0 5 1 1 2 2 2 11 0.3929 29 20 0.0912 0.0629 1 1 18 9 0.6207 0.4500 1 1 0 0 0 0 2 0 0 0 1 0 1 2 1 1 1 1 2 3 4 3 3 
1 18 7 28 9 318 310 8 7 1 0 0 1 0 3 5 1 1 3 2 10 0.3571 20 29 0.0629 0.0912 1 1 10 19 0.5000 0.6552 1 2 1 0 0 0 2 2 0 0 1 0 2 2 7 3 5 3 3 4 5 4 5 

1 19 8 28 9 317 310 7 8 1 0 1 0 0 5 3 5 5 1 1 11 0.3929 12 20 0.0379 0.0631 1 1 1 9 0.0833 0.4500 1 0 0 0 0 0 1 0 0 0 0 0 2 1 4 1 8 10 3 6 8 10 12 
0 19 7 28 9 317 310 7 8 1 0 1 0 0 2 2 2.5000 2.5000 1 1 5 0.1786 21 14 0.0662 0.0442 1 1 16 9 0.7619 0.6429 1 0 0 0 0 0 1 0 0 0 0 0 2 1 3 1 3 6 4 7 8 9 11 
0 19 7 28 9 317 310 7 8 1 0 1 0 0 1 3 0.5000 0.5000 1 4 14 0.5000 19 19 0.0599 0.0599 1 1 5 5 0.2632 0.2632 1 0 0 0 0 0 1 0 0 0 1 2 2 1 4 1 6 1 2 4 8 10 10 
1 19 8 28 9 317 310 7 8 1 0 1 0 0 2 1 2 2 2 2 10 0.3571 24 20 0.0757 0.0631 1 1 14 10 0.5833 0.5000 1 2 1 0 0 0 2 2 0 0 1 0 2 2 7 3 5 3 2 3 4 6 6 
0 19 7 28 9 317 310 7 8 1 0 1 0 0 2 3 1 1 2 4 9 0.3214 24 19 0.0757 0.0599 1 1 15 10 0.6250 0.5263 1 1 2 0 0 0 3 1 0 0 0 2 2 3 6 3 5 3 3 4 5 4 5 
1 19 8 28 9 317 310 7 8 0 1 0 1 0 5 1 1 2 2 2 11 0.3929 29 20 0.0915 0.0631 1 1 18 9 0.6207 0.4500 1 1 1 0 0 0 3 0 0 0 0 1 1 0 4 0 2 0 2 3 4 3 3 
0 19 7 28 9 317 310 7 8 0 1 0 1 0 5 3 0 1 2 4 10 0.3571 29 19 0.0915 0.0599 1 1 19 9 0.6552 0.4737 1 0 0 0 0 0 1 0 0 0 1 0 1 0 1 0 1 0 2 1 2 2 3 
0 19 7 28 9 317 310 7 8 1 0 0 0 1 0 3 0 0 1 4 4 0.1429 27 19 0.0852 0.0599 1 1 23 15 0.8519 0.7895 1 0 0 0 0 0 1 0 0 0 2 2 2 0 4 0 9 0 3 6 7 9 12 

1 20 7 28 10 317 311 6 7 1 0 1 0 0 5 3 5 5 1 1 11 0.3929 12 20 0.0379 0.0631 1 1 1 9 0.0833 0.4500 1 0 0 0 0 0 1 0 0 0 0 0 2 1 4 1 8 10 3 6 8 10 12 
0 20 6 28 10 317 311 6 7 1 0 1 0 0 1 3 0.5000 0.5000 1 4 14 0.5000 19 19 0.0599 0.0599 1 1 5 5 0.2632 0.2632 1 0 0 0 0 0 1 0 0 0 1 2 2 1 4 1 6 1 2 4 8 10 10 
1 20 7 28 10 317 311 6 7 1 0 1 0 0 2 1 2 2 2 2 10 0.3571 24 20 0.0757 0.0631 1 1 14 10 0.5833 0.5000 1 2 1 0 0 0 2 2 0 0 1 0 2 2 7 3 5 3 2 3 4 6 6 
0 20 6 28 10 317 311 6 7 1 0 1 0 0 2 3 1 1 2 4 9 0.3214 24 19 0.0757 0.0599 1 1 15 10 0.6250 0.5263 1 1 2 0 0 0 3 1 0 0 0 2 2 3 6 3 5 3 3 4 5 4 5 
1 20 7 28 10 317 311 6 7 0 1 0 1 0 5 1 1 2 2 2 11 0.3929 29 20 0.0915 0.0631 1 1 18 9 0.6207 0.4500 1 1 1 0 0 0 3 0 0 0 0 1 1 0 4 0 2 0 2 3 4 3 3 
0 20 6 28 10 317 311 6 7 0 1 0 1 0 5 3 0 1 2 4 10 0.3571 29 19 0.0915 0.0599 1 1 19 9 0.6552 0.4737 1 0 0 0 0 0 1 0 0 0 1 0 1 0 1 0 1 0 2 1 2 2 3 
0 20 6 28 10 317 311 6 7 1 0 0 0 1 0 3 0 0 1 4 4 0.1429 27 19 0.0852 0.0599 1 1 23 15 0.8519 0.7895 1 0 0 0 0 0 1 0 0 0 2 2 2 0 4 0 9 0 3 6 7 9 12 

0 21 6 28 11 318 312 6 6 1 0 1 0 0 5 3 5 5 1 1 11 0.3929 12 20 0.0377 0.0629 1 1 1 9 0.0833 0.4500 1 0 0 0 0 0 1 0 0 0 0 0 2 1 4 1 8 10 3 6 8 10 12 
0 21 6 28 11 318 312 6 6 1 0 1 0 0 2 1 2 2 2 2 10 0.3571 24 20 0.0755 0.0629 1 1 14 10 0.5833 0.5000 2 2 0 0 0 0 3 1 0 0 0 1 2 4 4 5 3 5 2 3 4 6 6 
0 21 5 28 11 318 312 6 6 0 1 1 0 0 4 2 0.5000 1.5000 3 1 15 0.5357 20 19 0.0629 0.0597 1 1 5 4 0.2500 0.2105 1 0 0 0 0 0 1 0 0 0 3 1 1 0 4 0 3 0 2 4 4 4 6 
0 21 6 28 11 318 312 6 6 0 1 0 1 0 5 1 1 2 2 2 11 0.3929 29 20 0.0912 0.0629 1 1 18 9 0.6207 0.4500 1 2 0 0 0 0 3 0 0 0 1 0 1 2 1 1 1 1 2 3 4 3 3 
1 21 7 28 11 318 312 6 6 0 1 0 1 0 4 2 2 1 3 2 10 0.3571 20 24 0.0629 0.0755 1 1 10 14 0.5000 0.5833 2 1 0 0 0 0 3 0 0 0 0 0 2 1 2 1 2 1 1 1 1 2 3 
0 21 6 28 11 318 312 6 6 1 0 0 0 1 4 5 1 1 3 2 10 0.3571 20 29 0.0629 0.0912 1 1 10 19 0.5000 0.6552 2 2 0 0 0 0 3 1 0 0 1 0 2 4 5 3 5 3 3 4 5 4 5 

1 22 6 28 11 317 312 5 6 1 0 1 0 0 5 3 5 5 1 1 11 0.3929 12 20 0.0379 0.0631 1 1 1 9 0.0833 0.4500 1 0 0 0 0 0 1 0 0 0 0 0 2 1 4 1 8 10 3 6 8 10 12 
1 22 6 28 11 317 312 5 6 1 0 1 0 0 2 1 2 2 2 2 10 0.3571 24 20 0.0757 0.0631 1 1 14 10 0.5833 0.5000 1 2 1 0 0 0 2 2 0 0 1 0 2 2 7 3 5 3 2 3 4 6 6 
0 22 5 28 11 317 312 5 6 1 0 1 0 0 2 4 1 1 2 3 9 0.3214 24 19 0.0757 0.0599 1 1 15 10 0.6250 0.5263 1 1 2 0 0 0 3 1 0 0 0 1 2 3 6 3 5 3 3 4 5 4 5 
1 22 6 28 11 317 312 5 6 0 1 0 1 0 5 1 1 2 2 2 11 0.3929 29 20 0.0915 0.0631 1 1 18 9 0.6207 0.4500 1 1 1 0 0 0 3 0 0 0 0 0 1 0 4 0 2 0 2 3 4 3 3 
0 22 5 28 11 317 312 5 6 0 1 0 1 0 5 4 0 1 2 3 10 0.3571 29 19 0.0915 0.0599 1 1 19 9 0.6552 0.4737 1 0 0 0 0 0 1 0 0 0 0 0 1 0 1 0 1 0 2 1 2 2 3 
0 22 5 28 11 317 312 5 6 1 0 0 0 1 0 4 0 0 1 3 4 0.1429 27 19 0.0852 0.0599 1 1 23 15 0.8519 0.7895 1 0 0 0 0 0 1 0 0 0 2 2 2 0 4 0 9 0 3 6 7 9 12 

0 23 5 28 12 318 313 5 5 1 0 1 0 0 5 3 5 5 1 1 11 0.3929 12 20 0.0377 0.0629 1 1 1 9 0.0833 0.4500 1 0 0 0 0 0 1 0 0 0 0 0 2 1 4 1 8 10 3 6 8 10 12 
0 23 5 28 12 318 313 5 5 1 0 1 0 0 3 1 2 2 2 2 10 0.3571 24 20 0.0755 0.0629 1 1 14 10 0.5833 0.5000 2 2 0 0 0 0 3 1 0 0 0 0 2 4 4 5 3 5 2 3 4 6 6 
1 23 10 28 12 318 313 5 5 0 1 1 0 0 5 3 2 2 2 2 10 0.3571 20 24 0.0629 0.0755 1 1 10 14 0.5000 0.5833 2 1 0 0 0 0 3 0 0 0 0 0 2 1 2 1 2 1 1 1 1 2 3 
0 23 5 28 12 318 313 5 5 0 1 0 1 0 5 1 2 2 2 2 11 0.3929 29 20 0.0912 0.0629 1 1 18 9 0.6207 0.4500 1 2 0 0 0 0 3 0 0 0 0 0 1 2 1 1 1 1 2 3 4 3 3 
0 23 5 28 12 318 313 5 5 1 0 0 1 0 5 5 2 2 2 2 10 0.3571 20 29 0.0629 0.0912 1 1 10 19 0.5000 0.6552 2 2 0 0 0 0 3 1 0 0 0 0 2 4 5 3 5 3 3 4 5 4 5 

1 24 8 28 10 318 311 7 8 1 0 1 0 0 5 3 5 5 1 1 11 0.3929 12 20 0.0377 0.0629 1 1 1 9 0.0833 0.4500 1 0 0 0 0 0 1 0 0 0 0 0 2 1 4 1 8 10 3 6 8 10 12 
0 24 7 28 10 318 311 7 8 1 0 1 0 0 2 5 1.5000 1.5000 1 4 14 0.5000 19 19 0.0597 0.0597 1 1 5 5 0.2632 0.2632 1 0 0 0 0 0 1 0 0 0 1 2 2 1 4 1 6 1 2 4 8 10 10 
1 24 8 28 10 318 311 7 8 1 0 1 0 0 3 1 2 2 2 2 10 0.3571 24 20 0.0755 0.0629 1 1 14 10 0.5833 0.5000 1 2 1 0 0 0 2 2 0 0 1 0 2 2 7 3 5 3 2 3 4 6 6 
0 24 7 28 10 318 311 7 8 1 0 1 0 0 3 5 2 2 2 4 9 0.3214 24 19 0.0755 0.0597 1 1 15 10 0.6250 0.5263 1 1 2 0 0 0 3 1 0 0 0 2 2 3 6 3 5 3 3 4 5 4 5 
0 24 7 28 10 318 311 7 8 0 1 1 0 0 3 3 0.5000 3.5000 1 1 6 0.2143 15 21 0.0472 0.0660 1 1 9 15 0.6000 0.7143 1 0 0 0 0 0 1 0 0 0 0 0 1 0 1 0 1 0 2 4 6 7 11 
1 24 8 28 10 318 311 7 8 0 1 0 1 0 5 1 2 2 2 2 11 0.3929 29 20 0.0912 0.0629 1 1 18 9 0.6207 0.4500 1 1 1 0 0 0 3 0 0 0 0 1 1 0 4 0 2 0 2 3 4 3 3 
0 24 7 28 10 318 311 7 8 0 1 0 1 0 5 5 0 2 2 4 10 0.3571 29 19 0.0912 0.0597 1 1 19 9 0.6552 0.4737 1 0 0 0 0 0 1 0 0 0 1 0 1 0 1 0 1 0 2 1 2 2 3 
0 24 7 28 10 318 311 7 8 1 0 0 0 1 0 5 0 0 1 4 4 0.1429 27 19 0.0849 0.0597 1 1 23 15 0.8519 0.7895 1 0 0 0 0 0 1 0 0 0 2 2 2 0 4 0 9 0 3 6 7 9 12 

1 25 9 28 7 317 308 9 9 1 0 1 0 0 5 3 5 5 1 2 11 0.3929 12 20 0.0379 0.0631 1 1 1 9 0.0833 0.4500 1 0 0 0 0 0 1 0 0 0 0 0 2 1 4 1 8 10 3 6 8 10 12 
0 25 8 28 7 317 308 9 9 0 1 1 0 0 5 2 0.5000 1.5000 4 1 14 0.5000 19 18 0.0599 0.0568 1 1 5 4 0.2632 0.2222 1 0 0 0 0 0 1 0 0 1 2 1 1 1 1 3 1 2 2 4 4 4 6 
1 25 9 28 7 317 308 9 9 0 1 1 0 0 3 1 2 0 2 2 10 0.3571 23 20 0.0726 0.0631 1 1 13 10 0.5652 0.5000 1 3 0 0 0 0 3 1 0 0 0 1 1 2 4 1 2 1 1 2 3 4 3 
0 25 8 28 7 317 308 9 9 0 1 1 0 0 3 5 2 2 2 4 9 0.3214 23 19 0.0726 0.0599 1 1 14 10 0.6087 0.5263 1 1 1 0 0 0 3 0 0 0 1 0 1 2 1 1 1 1 2 3 4 3 3 
0 25 8 28 7 317 308 9 9 1 0 1 0 0 3 3 0.5000 0.5000 1 2 5 0.1786 15 20 0.0473 0.0631 1 1 10 15 0.6667 0.7500 1 0 0 0 0 0 1 0 0 1 0 0 2 1 3 1 3 1 3 6 9 10 12 
0 25 8 28 7 317 308 9 9 1 0 0 1 0 3 3 0 0 2 2 2 0.0714 20 20 0.0631 0.0631 1 1 18 18 0.9000 0.9000 1 0 0 0 0 0 1 0 0 1 0 0 2 0 4 2 4 5 4 6 7 10 12 
1 25 9 28 7 317 308 9 9 0 1 0 1 0 5 1 2 2 2 2 11 0.3929 29 20 0.0915 0.0631 1 1 18 9 0.6207 0.4500 1 1 1 0 0 0 3 0 0 0 1 0 1 0 4 0 2 0 2 3 4 3 3 
0 25 8 28 7 317 308 9 9 0 1 0 1 0 5 5 0 2 2 4 10 0.3571 29 19 0.0915 0.0599 1 1 19 9 0.6552 0.4737 1 0 0 0 0 0 1 0 0 1 0 0 1 0 1 0 1 0 2 1 2 2 3 
0 25 8 28 7 317 308 9 9 1 0 0 0 1 0 5 0 0 1 4 4 0.1429 27 19 0.0852 0.0599 1 1 23 15 0.8519 0.7895 1 0 0 0 0 0 1 0 0 1 2 1 2 0 4 0 9 0 3 6 7 9 12 

1 26 8 28 8 317 309 8 8 1 0 1 0 0 5 3 5 5 1 2 11 0.3929 12 20 0.0379 0.0631 1 1 1 9 0.0833 0.4500 1 0 0 0 0 0 1 0 0 0 0 0 2 1 4 1 8 10 3 6 8 10 12 
1 26 8 28 8 317 309 8 8 0 1 1 0 0 3 1 2 0 2 2 10 0.3571 23 20 0.0726 0.0631 1 1 13 10 0.5652 0.5000 1 3 0 0 0 0 3 1 0 0 0 1 1 4 1 2 1 2 1 2 3 4 3 
0 26 7 28 8 317 309 8 8 1 0 1 0 0 3 3 0.5000 0.5000 1 2 5 0.1786 15 20 0.0473 0.0631 1 1 10 15 0.6667 0.7500 1 0 0 0 0 0 1 0 0 1 0 0 2 1 3 1 3 1 3 6 9 10 12 
1 26 8 28 8 317 309 8 8 1 0 1 0 0 6 3 1 1 3 1 14 0.5000 20 18 0.0631 0.0568 1 1 6 4 0.3000 0.2222 1 0 0 0 0 0 1 0 0 0 2 2 2 1 4 3 4 2 3 5 6 7 10 
0 26 7 28 8 317 309 8 8 1 0 0 1 0 3 3 0 0 2 2 2 0.0714 20 20 0.0631 0.0631 1 1 18 18 0.9000 0.9000 1 0 0 0 0 0 1 0 0 1 0 0 2 0 4 2 4 5 4 6 7 10 12 
1 26 8 28 8 317 309 8 8 0 1 0 1 0 5 1 2 2 2 2 11 0.3929 29 20 0.0915 0.0631 1 1 18 9 0.6207 0.4500 1 1 0 0 0 0 2 0 0 0 1 0 1 2 1 1 1 1 2 3 4 3 3 
1 26 8 28 8 317 309 8 8 1 0 0 1 0 6 3 2 2 3 2 9 0.3214 20 23 0.0631 0.0726 1 1 11 14 0.5500 0.6087 1 1 2 0 0 0 3 1 0 0 0 1 2 2 7 3 5 3 2 3 4 6 6 
1 26 8 28 8 317 309 8 8 1 0 0 0 1 6 5 2 2 3 2 10 0.3571 20 29 0.0631 0.0915 1 1 10 19 0.5000 0.6552 1 2 1 0 0 0 2 2 0 0 1 0 2 2 7 3 5 3 3 4 5 4 5 

1 27 7 28 9 318 310 8 7 1 0 1 0 0 5 3 5 5 1 1 11 0.3929 12 20 0.0377 0.0629 1 1 1 9 0.0833 0.4500 1 0 0 0 0 0 1 0 0 0 0 0 2 1 4 1 8 10 3 6 8 10 12 
1 27 7 28 9 318 310 8 7 0 1 1 0 0 3 1 2 0 2 2 10 0.3571 23 20 0.0723 0.0629 1 1 13 10 0.5652 0.5000 1 3 0 0 0 0 3 1 0 0 0 1 1 4 1 2 1 2 1 2 3 4 3 
1 27 7 28 9 318 310 8 7 1 0 1 0 0 6 3 1 1 3 1 14 0.5000 20 18 0.0629 0.0566 1 1 6 4 0.3000 0.2222 1 0 0 0 0 0 1 0 0 0 2 2 2 1 4 3 4 2 3 5 6 7 10 
0 27 6 28 9 318 310 8 7 0 1 1 0 0 4 4 3.5000 1.5000 1 1 6 0.2143 21 15 0.0660 0.0472 1 1 15 9 0.7143 0.6000 1 0 0 0 0 0 1 0 0 0 0 0 1 0 1 0 1 1 3 6 7 9 11 
1 27 7 28 9 318 310 8 7 0 1 0 1 0 5 1 2 2 2 2 11 0.3929 29 20 0.0912 0.0629 1 1 18 9 0.6207 0.4500 1 1 0 0 0 0 2 0 0 0 1 0 1 2 1 1 1 1 2 3 4 3 3 
1 27 7 28 9 318 310 8 7 1 0 0 1 0 6 3 2 2 3 2 9 0.3214 20 23 0.0629 0.0723 1 1 11 14 0.5500 0.6087 1 1 2 0 0 0 3 1 0 0 0 1 2 2 7 3 5 3 2 3 4 6 6 
1 27 7 28 9 318 310 8 7 1 0 0 0 1 6 5 2 2 3 2 10 0.3571 20 29 0.0629 0.0912 1 1 10 19 0.5000 0.6552 1 2 1 0 0 0 2 2 0 0 1 0 2 2 7 3 5 3 3 4 5 4 5 

1 28 7 28 9 317 310 7 7 1 0 1 0 0 5 3 5 5 1 2 11 0.3929 12 20 0.0379 0.0631 1 1 1 9 0.0833 0.4500 1 0 0 0 0 0 1 0 0 0 0 0 2 1 4 1 8 10 3 6 8 10 12 
1 28 7 28 9 317 310 7 7 0 1 1 0 0 3 1 2 0 2 2 10 0.3571 23 20 0.0726 0.0631 1 1 13 10 0.5652 0.5000 1 3 0 0 0 0 3 1 0 0 0 1 1 4 1 2 1 2 1 2 3 4 3 
1 28 7 28 9 317 310 7 7 1 0 1 0 0 6 3 1 1 3 1 14 0.5000 20 18 0.0631 0.0568 1 1 6 4 0.3000 0.2222 1 0 0 0 0 0 1 0 0 0 2 2 2 1 4 3 4 2 3 5 6 7 10 
0 28 6 28 9 317 310 7 7 1 0 0 1 0 4 3 0 0 1 2 2 0.0714 20 20 0.0631 0.0631 1 1 18 18 0.9000 0.9000 1 0 0 0 0 0 1 0 0 0 0 0 2 0 4 2 4 5 4 6 7 10 12 
1 28 7 28 9 317 310 7 7 0 1 0 1 0 5 1 2 2 2 2 11 0.3929 29 20 0.0915 0.0631 1 1 18 9 0.6207 0.4500 1 1 0 0 0 0 2 0 0 0 1 0 1 2 1 1 1 1 2 3 4 3 3 
1 28 7 28 9 317 310 7 7 1 0 0 1 0 6 3 2 2 3 2 9 0.3214 20 23 0.0631 0.0726 1 1 11 14 0.5500 0.6087 1 1 2 0 0 0 3 1 0 0 0 1 2 2 7 3 5 3 2 3 4 6 6 
1 28 7 28 9 317 310 7 7 1 0 0 0 1 6 5 2 2 3 2 10 0.3571 20 29 0.0631 0.0915 1 1 10 19 0.5000 0.6552 1 2 1 0 0 0 2 2 0 0 1 0 2 2 7 3 5 3 3 4 5 4 5 

1 29 6 28 11 317 311 6 6 0 1 1 0 0 3 1 2 0 2 2 10 0.3571 23 20 0.0726 0.0631 1 1 13 10 0.5652 0.5000 1 3 0 0 0 0 3 1 0 0 0 1 1 4 1 2 1 2 1 2 3 4 3 
1 29 6 28 11 317 311 6 6 1 0 1 0 0 6 3 1 1 3 1 14 0.5000 20 18 0.0631 0.0568 1 1 6 4 0.3000 0.2222 1 0 0 0 0 0 1 0 0 0 2 2 2 1 4 3 4 2 3 5 6 7 10 
0 29 5 28 11 317 311 6 6 1 0 1 0 0 5 6 6 6 1 1 12 0.4286 21 12 0.0662 0.0379 1 0 9 0 0.4286 0 1 0 0 0 0 0 1 0 0 0 0 0 2 2 3 3 6 8 3 6 8 10 12 
0 29 5 28 11 317 311 6 6 0 1 0 1 0 5 1 2 2 2 2 11 0.3929 29 20 0.0915 0.0631 1 1 18 9 0.6207 0.4500 1 1 0 0 0 0 2 0 0 0 1 0 1 2 1 1 1 1 2 3 4 3 3 
1 29 6 28 11 317 311 6 6 1 0 0 1 0 6 3 2 2 3 2 9 0.3214 20 23 0.0631 0.0726 1 1 11 14 0.5500 0.6087 1 1 2 0 0 0 3 1 0 0 0 1 2 2 7 3 5 3 2 3 4 6 6 
0 29 5 28 11 317 311 6 6 1 0 0 0 1 6 5 2 2 3 2 10 0.3571 20 29 0.0631 0.0915 1 1 10 19 0.5000 0.6552 1 2 1 0 0 0 2 2 0 0 1 0 2 2 7 3 5 3 3 4 5 4 5 

1 30 6 28 12 317 312 5 6 0 1 1 0 0 3 1 2 0 2 2 10 0.3571 23 20 0.0726 0.0631 1 1 13 10 0.5652 0.5000 1 3 0 0 0 0 3 1 0 0 0 1 1 4 1 2 1 2 1 2 3 4 3 
1 30 6 28 12 317 312 5 6 1 0 1 0 0 6 3 1 1 3 1 14 0.5000 20 18 0.0631 0.0568 1 1 6 4 0.3000 0.2222 1 0 0 0 0 0 1 0 0 0 2 2 2 1 4 3 4 2 3 5 6 7 10 
0 30 5 28 12 317 312 5 6 0 1 0 1 0 5 1 2 2 2 2 11 0.3929 29 20 0.0915 0.0631 1 1 18 9 0.6207 0.4500 1 1 0 0 0 0 2 0 0 0 1 0 1 2 1 1 1 1 2 3 4 3 3 
1 30 6 28 12 317 312 5 6 1 0 0 1 0 6 3 2 2 3 2 9 0.3214 20 23 0.0631 0.0726 1 1 11 14 0.5500 0.6087 1 1 2 0 0 0 3 1 0 0 0 1 2 2 7 3 5 3 2 3 4 6 6 
0 30 5 28 12 317 312 5 6 1 0 0 1 0 6 7 7 7 1 1 13 0.4643 22 12 0.0694 0.0379 1 0 9 -1.0000 0.4091 -0.0833 1 0 0 0 0 0 1 0 0 0 0 0 2 2 4 5 3 4 3 6 8 10 12 
0 30 5 28 12 317 312 5 6 1 0 0 0 1 6 5 2 2 3 2 10 0.3571 20 29 0.0631 0.0915 1 1 10 19 0.5000 0.6552 1 2 1 0 0 0 2 2 0 0 1 0 2 2 7 3 5 3 3 4 5 4 5 

1 31 5 28 13 317 312 5 5 0 1 1 0 0 3 2 2.5000 0 2 1 10 0.3571 23 20 0.0726 0.0631 1 1 13 10 0.5652 0.5000 1 1 0 0 0 0 2 0 0 0 0 1 1 2 1 1 1 1 1 2 3 4 3 
1 31 5 28 13 317 312 5 5 1 0 1 0 0 6 3 1 1 2 1 14 0.5000 20 18 0.0631 0.0568 1 1 6 4 0.3000 0.2222 1 0 0 0 0 0 1 0 0 0 0 2 2 1 4 3 4 2 3 5 6 7 10 
1 31 5 28 13 317 312 5 5 1 0 0 1 0 6 3 2.5000 2.5000 2 2 9 0.3214 20 23 0.0631 0.0726 1 1 11 14 0.5500 0.6087 1 1 0 0 0 0 2 0 0 0 0 1 2 2 4 3 3 3 2 3 4 6 6 
0 31 4 28 13 317 312 5 5 1 0 0 1 0 6 7 7 7 1 1 13 0.4643 22 12 0.0694 0.0379 1 0 9 -1.0000 0.4091 -0.0833 1 0 0 0 0 0 1 0 0 1 0 0 2 2 5 5 6 4 3 6 8 10 12 
0 31 4 28 13 317 312 5 5 0 1 0 0 1 6 0 0 0 1 1 18 0.6429 29 27 0.0915 0.0852 1 1 11 9 0.3793 0.3333 1 0 0 0 0 0 1 0 0 0 1 0 1 0 1 0 2 2 2 4 5 8 11 

1 32 5 28 14 318 312 6 5 0 1 1 0 0 3 2 2.5000 0 2 1 10 0.3571 23 20 0.0723 0.0629 1 1 13 10 0.5652 0.5000 1 1 0 0 0 0 2 0 0 0 0 1 1 2 1 1 1 1 1 2 3 4 3 
1 32 5 28 14 318 312 6 5 1 0 1 0 0 6 3 1 1 2 1 14 0.5000 20 18 0.0629 0.0566 1 1 6 4 0.3000 0.2222 1 0 0 0 0 0 1 0 0 0 0 2 2 1 4 3 4 2 3 5 6 7 10 
1 32 5 28 14 318 312 6 5 1 0 0 1 0 6 3 2.5000 2.5000 2 2 9 0.3214 20 23 0.0629 0.0723 1 1 11 14 0.5500 0.6087 1 1 0 0 0 0 2 0 0 0 0 1 2 2 4 3 3 3 2 3 4 6 6 
1 32 5 28 14 318 312 6 5 0 1 0 1 0 7 3 0 0 1 1 9 0.3214 22 22 0.0692 0.0692 1 1 13 13 0.5909 0.5909 1 0 0 0 0 0 1 0 0 0 0 0 1 0 1 2 3 4 2 4 5 8 11 
0 32 4 28 14 318 312 6 5 0 1 0 0 1 6 0 0 0 1 1 18 0.6429 29 27 0.0912 0.0849 1 1 11 9 0.3793 0.3333 1 0 0 0 0 0 1 0 0 0 0 0 1 0 1 0 2 2 2 4 5 8 11 

1 33 7 28 10 318 311 7 7 0 1 1 0 0 3 2 2.5000 0 2 2 10 0.3571 23 20 0.0723 0.0629 1 1 13 10 0.5652 0.5000 1 3 0 0 0 0 3 1 0 0 0 1 1 4 1 2 1 2 1 2 3 4 3 
1 33 7 28 10 318 311 7 7 1 0 1 0 0 6 3 1 1 3 1 14 0.5000 20 18 0.0629 0.0566 1 1 6 4 0.3000 0.2222 1 0 0 0 0 0 1 0 0 0 2 2 2 1 4 3 4 2 3 5 6 7 10 
0 33 6 28 10 318 311 7 7 1 0 1 0 0 7 8 8 8 2 1 12 0.4286 21 12 0.0660 0.0377 1 0 9 0 0.4286 0 1 0 0 0 0 0 1 0 0 0 0 0 2 2 3 2 7 7 3 6 8 10 12 
0 33 6 28 10 318 311 7 7 0 1 0 1 0 6 2 2.5000 2.5000 2 2 11 0.3929 29 20 0.0912 0.0629 1 1 18 9 0.6207 0.4500 1 1 0 0 0 0 2 0 0 0 1 0 1 2 1 1 1 1 2 3 4 3 3 
1 33 7 28 10 318 311 7 7 1 0 0 1 0 6 3 2.5000 2.5000 3 2 9 0.3214 20 23 0.0629 0.0723 1 1 11 14 0.5500 0.6087 1 1 2 0 0 0 3 1 0 0 0 1 2 2 7 3 5 3 2 3 4 6 6 
0 33 6 28 10 318 311 7 7 0 1 0 1 0 7 5 0 1 2 1 3 0.1071 21 20 0.0660 0.0629 1 1 18 17 0.8571 0.8500 1 0 0 0 0 0 1 0 0 0 0 0 1 0 1 4 1 7 3 6 8 10 11 
0 33 6 28 10 318 311 7 7 1 0 0 0 1 6 6 2.5000 2.5000 3 2 10 0.3571 20 29 0.0629 0.0912 1 1 10 19 0.5000 0.6552 1 2 1 0 0 0 2 2 0 0 1 0 2 2 7 3 5 3 3 4 5 4 5 

0 34 6 28 13 319 313 6 7 1 0 1 0 0 6 3 1 1 3 2 14 0.5000 20 18 0.0627 0.0564 1 1 6 4 0.3000 0.2222 1 0 1 0 0 0 1 1 0 0 1 3 2 0 6 0 7 0 3 5 6 7 10 
0 34 6 28 13 319 313 6 7 1 0 1 0 0 2 3 0 0 3 2 15 0.5357 21 18 0.0658 0.0564 1 1 6 3 0.2857 0.1667 1 0 1 0 0 0 1 1 0 1 3 0 2 0 7 0 6 1 3 3 5 7 7 
1 34 7 28 13 319 313 6 7 1 0 0 1 0 6 3 2.5000 2.5000 3 2 9 0.3214 20 23 0.0627 0.0721 1 1 11 14 0.5500 0.6087 1 1 2 0 0 0 3 1 0 0 1 1 2 2 8 2 6 2 2 3 4 6 6 
0 34 6 28 13 319 313 6 7 1 0 0 1 0 7 8 8 8 1 1 13 0.4643 22 12 0.0690 0.0376 1 0 9 -1.0000 0.4091 -0.0833 1 0 0 0 0 0 1 0 0 0 0 0 2 2 4 5 3 4 3 6 8 10 12 
0 34 6 28 13 319 313 6 7 1 0 0 1 0 2 6 2.5000 2.5000 3 2 11 0.3929 21 29 0.0658 0.0909 1 1 10 18 0.4762 0.6207 1 1 2 0 0 0 3 1 0 0 1 1 2 1 9 1 7 2 2 3 4 6 6 
1 34 7 28 13 319 313 6 7 0 1 0 1 0 2 3 0 2.5000 3 2 10 0.3571 21 23 0.0658 0.0721 1 1 11 13 0.5238 0.5652 1 0 0 0 0 0 1 0 0 0 0 0 1 0 1 0 1 2 1 1 2 3 6 
0 34 6 28 13 319 313 6 7 1 0 0 0 1 6 6 2.5000 2.5000 3 2 10 0.3571 20 29 0.0627 0.0909 1 1 10 19 0.5000 0.6552 1 1 2 0 0 0 1 3 0 1 1 0 2 1 9 2 6 2 3 4 5 4 5 

1 35 9 28 8 317 309 8 9 1 0 1 0 0 8 7 8 8 1 2 11 0.3929 12 20 0.0379 0.0631 1 1 1 9 0.0833 0.4500 1 0 0 0 0 0 1 0 0 0 0 0 2 1 4 1 8 10 3 6 8 10 12 
1 35 9 28 8 317 309 8 9 0 1 1 0 0 3 2 2.5000 0 2 2 10 0.3571 23 20 0.0726 0.0631 1 1 13 10 0.5652 0.5000 1 3 0 0 0 0 3 1 0 0 0 0 1 2 4 1 2 1 1 2 3 4 3 
0 35 8 28 8 317 309 8 9 0 1 1 0 0 3 6 2.5000 2.5000 2 4 9 0.3214 23 19 0.0726 0.0599 1 1 14 10 0.6087 0.5263 1 1 1 0 0 0 3 0 0 0 0 1 1 2 1 1 1 1 2 3 4 3 3 
0 35 8 28 8 317 309 8 9 1 0 1 0 0 4 5 1.5000 1.5000 1 2 5 0.1786 15 20 0.0473 0.0631 1 1 10 15 0.6667 0.7500 1 0 0 0 0 0 1 0 0 1 0 0 2 1 3 1 3 1 3 6 9 10 12 
0 35 8 28 8 317 309 8 9 1 0 1 0 0 3 6 2 2 1 4 14 0.5000 19 19 0.0599 0.0599 1 1 5 5 0.2632 0.2632 1 0 0 0 0 0 1 0 0 0 1 2 2 1 4 1 6 1 2 4 8 10 10 
0 35 8 28 8 317 309 8 9 1 0 0 1 0 5 7 1 1 2 2 2 0.0714 20 20 0.0631 0.0631 1 1 18 18 0.9000 0.9000 1 0 0 0 0 0 1 0 0 1 0 0 2 0 4 2 4 5 4 6 7 10 12 
1 35 9 28 8 317 309 8 9 0 1 0 1 0 6 2 2.5000 2.5000 2 2 11 0.3929 29 20 0.0915 0.0631 1 1 18 9 0.6207 0.4500 1 1 1 0 0 0 3 0 0 0 0 1 1 0 4 0 2 0 2 3 4 3 3 
0 35 8 28 8 317 309 8 9 0 1 0 1 0 6 6 0 2.5000 2 4 10 0.3571 29 19 0.0915 0.0599 1 1 19 9 0.6552 0.4737 1 0 0 0 0 0 1 0 0 0 1 0 1 0 1 0 1 0 2 1 2 2 3 
0 35 8 28 8 317 309 8 9 1 0 0 0 1 0 6 0 0 1 4 4 0.1429 27 19 0.0852 0.0599 1 1 23 15 0.8519 0.7895 1 0 0 0 0 0 1 0 0 1 2 1 2 0 4 0 9 0 3 6 7 9 12 

1 36 8 28 9 318 310 8 8 1 0 1 0 0 8 7 8 8 1 2 11 0.3929 12 20 0.0377 0.0629 1 1 1 9 0.0833 0.4500 1 0 0 0 0 0 1 0 0 0 0 0 2 1 4 1 8 10 3 6 8 10 12 
1 36 8 28 9 318 310 8 8 0 1 1 0 0 4 2 3 0 2 2 10 0.3571 23 20 0.0723 0.0629 1 1 13 10 0.5652 0.5000 1 3 0 0 0 0 3 1 0 0 0 1 1 4 1 2 1 2 1 2 3 4 3 
0 36 7 28 9 318 310 8 8 1 0 1 0 0 4 5 1.5000 1.5000 1 2 5 0.1786 15 20 0.0472 0.0629 1 1 10 15 0.6667 0.7500 1 0 0 0 0 0 1 0 0 1 0 0 2 1 3 1 3 1 3 6 9 10 12 
1 36 8 28 9 318 310 8 8 1 0 1 0 0 7 4 3 3 3 2 9 0.3214 20 23 0.0629 0.0723 1 1 11 14 0.5500 0.6087 1 1 2 0 0 0 3 1 0 0 0 1 2 2 7 3 5 3 2 3 4 6 6 
0 36 7 28 9 318 310 8 8 0 1 1 0 0 7 3 1 2 3 1 15 0.5357 20 19 0.0629 0.0597 1 1 5 4 0.2500 0.2105 1 0 0 0 0 0 1 0 0 0 2 2 1 0 4 0 3 0 2 4 4 4 6 
0 36 7 28 9 318 310 8 8 1 0 0 1 0 5 7 1 1 2 2 2 0.0714 20 20 0.0629 0.0629 1 1 18 18 0.9000 0.9000 1 0 0 0 0 0 1 0 0 1 0 0 2 0 4 2 4 5 4 6 7 10 12 
1 36 8 28 9 318 310 8 8 0 1 0 1 0 6 2 3 3 2 2 11 0.3929 29 20 0.0912 0.0629 1 1 18 9 0.6207 0.4500 1 1 0 0 0 0 2 0 0 0 1 0 1 2 1 1 1 1 2 3 4 3 3 
1 36 8 28 9 318 310 8 8 1 0 0 1 0 7 6 3 3 3 2 10 0.3571 20 29 0.0629 0.0912 1 1 10 19 0.5000 0.6552 1 2 1 0 0 0 2 2 0 0 1 0 2 2 7 3 5 3 3 4 5 4 5 

1 37 9 28 9 317 310 7 9 1 0 1 0 0 8 7 8 8 1 2 11 0.3929 12 20 0.0379 0.0631 1 1 1 9 0.0833 0.4500 1 0 0 0 0 0 1 0 0 0 0 0 2 1 4 1 8 10 3 6 8 10 12 
0 37 8 28 9 317 310 7 9 1 0 1 0 0 4 5 1.5000 1.5000 1 2 5 0.1786 15 20 0.0473 0.0631 1 1 10 15 0.6667 0.7500 1 0 0 0 0 0 1 0 0 1 0 0 2 1 3 1 3 1 3 6 9 10 12 
0 37 8 28 9 317 310 7 9 1 0 1 0 0 3 7 2 2 1 4 14 0.5000 19 19 0.0599 0.0599 1 1 5 5 0.2632 0.2632 1 0 0 0 0 0 1 0 0 0 1 2 2 1 4 1 6 1 2 4 8 10 10 
1 37 9 28 9 317 310 7 9 1 0 1 0 0 4 2 3 3 2 2 10 0.3571 24 20 0.0757 0.0631 1 1 14 10 0.5833 0.5000 1 2 1 0 0 0 2 2 0 0 1 0 2 2 7 3 5 3 2 3 4 6 6 
0 37 8 28 9 317 310 7 9 1 0 1 0 0 4 7 3 3 2 4 9 0.3214 24 19 0.0757 0.0599 1 1 15 10 0.6250 0.5263 1 1 2 0 0 0 3 1 0 0 0 2 2 3 6 3 5 3 3 4 5 4 5 
0 37 8 28 9 317 310 7 9 1 0 0 1 0 5 7 1 1 2 2 2 0.0714 20 20 0.0631 0.0631 1 1 18 18 0.9000 0.9000 1 0 0 0 0 0 1 0 0 1 0 0 2 0 4 2 4 5 4 6 7 10 12 
1 37 9 28 9 317 310 7 9 0 1 0 1 0 6 2 3 3 2 2 11 0.3929 29 20 0.0915 0.0631 1 1 18 9 0.6207 0.4500 1 1 1 0 0 0 3 0 0 0 0 1 1 0 4 0 2 0 2 3 4 3 3 
0 37 8 28 9 317 310 7 9 0 1 0 1 0 6 7 0 3 2 4 10 0.3571 29 19 0.0915 0.0599 1 1 19 9 0.6552 0.4737 1 0 0 0 0 0 1 0 0 0 1 0 1 0 1 0 1 0 2 1 2 2 3 
0 37 8 28 9 317 310 7 9 1 0 0 0 1 0 7 0 0 1 4 4 0.1429 27 19 0.0852 0.0599 1 1 23 15 0.8519 0.7895 1 0 0 0 0 0 1 0 0 0 2 2 2 0 4 0 9 0 3 6 7 9 12 

1 38 8 28 10 318 311 7 8 1 0 1 0 0 8 7 8 8 1 1 11 0.3929 12 20 0.0377 0.0629 1 1 1 9 0.0833 0.4500 1 0 0 0 0 0 1 0 0 0 0 0 2 1 4 1 8 10 3 6 8 10 12 
0 38 7 28 10 318 311 7 8 1 0 1 0 0 3 7 2 2 1 4 14 0.5000 19 19 0.0597 0.0597 1 1 5 5 0.2632 0.2632 1 0 0 0 0 0 1 0 0 0 1 2 2 1 4 1 6 1 2 4 8 10 10 
1 38 8 28 10 318 311 7 8 1 0 1 0 0 4 2 3 3 2 2 10 0.3571 24 20 0.0755 0.0629 1 1 14 10 0.5833 0.5000 1 2 1 0 0 0 2 2 0 0 1 0 2 2 7 3 5 3 2 3 4 6 6 
0 38 7 28 10 318 311 7 8 1 0 1 0 0 4 7 3 3 2 4 9 0.3214 24 19 0.0755 0.0597 1 1 15 10 0.6250 0.5263 1 1 2 0 0 0 3 1 0 0 0 2 2 3 6 3 5 3 3 4 5 4 5 
0 38 7 28 10 318 311 7 8 0 1 1 0 0 6 5 3.5000 2.5000 1 1 6 0.2143 21 15 0.0660 0.0472 1 1 15 9 0.7143 0.6000 1 0 0 0 0 0 1 0 0 0 0 0 1 0 1 0 1 1 3 6 7 9 11 
1 38 8 28 10 318 311 7 8 0 1 0 1 0 6 2 3 3 2 2 11 0.3929 29 20 0.0912 0.0629 1 1 18 9 0.6207 0.4500 1 1 1 0 0 0 3 0 0 0 0 1 1 0 4 0 2 0 2 3 4 3 3 
0 38 7 28 10 318 311 7 8 0 1 0 1 0 6 7 0 3 2 4 10 0.3571 29 19 0.0912 0.0597 1 1 19 9 0.6552 0.4737 1 0 0 0 0 0 1 0 0 0 1 0 1 0 1 0 1 0 2 1 2 2 3 
0 38 7 28 10 318 311 7 8 1 0 0 0 1 0 7 0 0 1 4 4 0.1429 27 19 0.0849 0.0597 1 1 23 15 0.8519 0.7895 1 0 0 0 0 0 1 0 0 0 2 2 2 0 4 0 9 0 3 6 7 9 12 

1 39 8 28 10 317 311 6 8 1 0 1 0 0 8 7 8 8 1 2 11 0.3929 12 20 0.0379 0.0631 1 1 1 9 0.0833 0.4500 1 0 0 0 0 0 1 0 0 0 0 0 2 1 4 1 8 10 3 6 8 10 12 
0 39 7 28 10 317 311 6 8 1 0 1 0 0 3 7 2 2 1 4 14 0.5000 19 19 0.0599 0.0599 1 1 5 5 0.2632 0.2632 1 0 0 0 0 0 1 0 0 0 1 2 2 1 4 1 6 1 2 4 8 10 10 
1 39 8 28 10 317 311 6 8 1 0 1 0 0 4 2 3 3 2 2 10 0.3571 24 20 0.0757 0.0631 1 1 14 10 0.5833 0.5000 1 2 1 0 0 0 2 2 0 0 1 0 2 2 7 3 5 3 2 3 4 6 6 
0 39 7 28 10 317 311 6 8 1 0 1 0 0 4 7 3 3 2 4 9 0.3214 24 19 0.0757 0.0599 1 1 15 10 0.6250 0.5263 1 1 2 0 0 0 3 1 0 0 0 2 2 3 6 3 5 3 3 4 5 4 5 
0 39 7 28 10 317 311 6 8 1 0 0 1 0 6 7 1 1 1 2 2 0.0714 20 20 0.0631 0.0631 1 1 18 18 0.9000 0.9000 1 0 0 0 0 0 1 0 0 0 0 0 2 0 4 2 4 5 4 6 7 10 12 
1 39 8 28 10 317 311 6 8 0 1 0 1 0 6 2 3 3 2 2 11 0.3929 29 20 0.0915 0.0631 1 1 18 9 0.6207 0.4500 1 1 1 0 0 0 3 0 0 0 0 1 1 0 4 0 2 0 2 3 4 3 3 
0 39 7 28 10 317 311 6 8 0 1 0 1 0 6 7 0 3 2 4 10 0.3571 29 19 0.0915 0.0599 1 1 19 9 0.6552 0.4737 1 0 0 0 0 0 1 0 0 0 1 0 1 0 1 0 1 0 2 1 2 2 3 
0 39 7 28 10 317 311 6 8 1 0 0 0 1 0 7 0 0 1 4 4 0.1429 27 19 0.0852 0.0599 1 1 23 15 0.8519 0.7895 1 0 0 0 0 0 1 0 0 0 2 2 2 0 4 0 9 0 3 6 7 9 12 

0 40 7 28 11 318 312 6 7 1 0 1 0 0 8 7 8 8 1 2 11 0.3929 12 20 0.0377 0.0629 1 1 1 9 0.0833 0.4500 1 0 0 0 0 0 1 0 0 0 0 0 2 1 4 1 8 10 3 6 8 10 12 
0 40 7 28 11 318 312 6 7 1 0 1 0 0 4 2 3 3 2 2 10 0.3571 24 20 0.0755 0.0629 1 1 14 10 0.5833 0.5000 2 2 0 0 0 0 3 1 0 0 0 1 2 4 4 5 3 5 2 3 4 6 6 
0 40 6 28 11 318 312 6 7 0 1 1 0 0 8 4 1 3 3 1 15 0.5357 20 19 0.0629 0.0597 1 1 5 4 0.2500 0.2105 1 0 0 0 0 0 1 0 0 0 3 1 1 0 4 0 3 0 2 4 4 4 6 
0 40 6 28 11 318 312 6 7 1 0 0 1 0 6 7 1 1 1 2 2 0.0714 20 20 0.0629 0.0629 1 1 18 18 0.9000 0.9000 1 0 0 0 0 0 1 0 0 0 0 0 2 0 4 2 4 5 4 6 7 10 12 
0 40 7 28 11 318 312 6 7 0 1 0 1 0 6 2 3 3 2 2 11 0.3929 29 20 0.0912 0.0629 1 1 18 9 0.6207 0.4500 1 2 0 0 0 0 3 0 0 0 1 0 1 2 1 1 1 1 2 3 4 3 3 
1 40 8 28 11 318 312 6 7 0 1 0 1 0 8 4 3 3 3 2 10 0.3571 20 24 0.0629 0.0755 1 1 10 14 0.5000 0.5833 2 1 0 0 0 0 3 0 0 0 0 0 2 1 2 1 2 1 1 1 1 2 3 
0 40 7 28 11 318 312 6 7 1 0 0 0 1 8 6 3 3 3 2 10 0.3571 20 29 0.0629 0.0912 1 1 10 19 0.5000 0.6552 2 2 0 0 0 0 3 1 0 0 1 0 2 4 5 3 5 3 3 4 5 4 5 

1 41 7 28 11 317 312 5 7 1 0 1 0 0 8 7 8 8 1 2 11 0.3929 12 20 0.0379 0.0631 1 1 1 9 0.0833 0.4500 1 0 0 0 0 0 1 0 0 0 0 0 2 1 4 1 8 10 3 6 8 10 12 
1 41 7 28 11 317 312 5 7 1 0 1 0 0 4 2 3 3 2 2 10 0.3571 24 20 0.0757 0.0631 1 1 14 10 0.5833 0.5000 1 2 1 0 0 0 2 2 0 0 1 0 2 2 7 3 5 3 2 3 4 6 6 
0 41 6 28 11 317 312 5 7 1 0 1 0 0 4 8 3 3 2 3 9 0.3214 24 19 0.0757 0.0599 1 1 15 10 0.6250 0.5263 1 1 2 0 0 0 3 1 0 0 0 1 2 3 6 3 5 3 3 4 5 4 5 
0 41 6 28 11 317 312 5 7 1 0 0 1 0 6 7 1 1 1 2 2 0.0714 20 20 0.0631 0.0631 1 1 18 18 0.9000 0.9000 1 0 0 0 0 0 1 0 0 0 0 0 2 0 4 2 4 5 4 6 7 10 12 
1 41 7 28 11 317 312 5 7 0 1 0 1 0 6 2 3 3 2 2 11 0.3929 29 20 0.0915 0.0631 1 1 18 9 0.6207 0.4500 1 1 1 0 0 0 3 0 0 0 0 0 1 0 4 0 2 0 2 3 4 3 3 
0 41 6 28 11 317 312 5 7 0 1 0 1 0 6 8 0 3 2 3 10 0.3571 29 19 0.0915 0.0599 1 1 19 9 0.6552 0.4737 1 0 0 0 0 0 1 0 0 0 0 0 1 0 1 0 1 0 2 1 2 2 3 
0 41 6 28 11 317 312 5 7 1 0 0 0 1 0 8 0 0 1 3 4 0.1429 27 19 0.0852 0.0599 1 1 23 15 0.8519 0.7895 1 0 0 0 0 0 1 0 0 0 2 2 2 0 4 0 9 0 3 6 7 9 12 

0 42 6 28 12 318 313 5 6 1 0 1 0 0 8 7 8 8 1 2 11 0.3929 12 20 0.0377 0.0629 1 1 1 9 0.0833 0.4500 1 0 0 0 0 0 1 0 0 0 0 0 2 1 4 1 8 10 3 6 8 10 12 
0 42 6 28 12 318 313 5 6 1 0 1 0 0 5 2 3 3 2 2 10 0.3571 24 20 0.0755 0.0629 1 1 14 10 0.5833 0.5000 2 2 0 0 0 0 3 1 0 0 0 0 2 4 4 5 3 5 2 3 4 6 6 
1 42 11 28 12 318 313 5 6 0 1 1 0 0 9 5 3 4 2 2 10 0.3571 20 24 0.0629 0.0755 1 1 10 14 0.5000 0.5833 2 1 0 0 0 0 3 0 0 0 0 0 2 1 2 1 2 1 1 1 1 2 3 
0 42 5 28 12 318 313 5 6 1 0 0 1 0 6 7 1 1 1 2 2 0.0714 20 20 0.0629 0.0629 1 1 18 18 0.9000 0.9000 1 0 0 0 0 0 1 0 0 0 0 0 2 0 4 2 4 5 4 6 7 10 12 
0 42 6 28 12 318 313 5 6 0 1 0 1 0 6 2 4 3 2 2 11 0.3929 29 20 0.0912 0.0629 1 1 18 9 0.6207 0.4500 1 2 0 0 0 0 3 0 0 0 0 0 1 2 1 1 1 1 2 3 4 3 3 
0 42 6 28 12 318 313 5 6 1 0 0 1 0 9 6 4 4 2 2 10 0.3571 20 29 0.0629 0.0912 1 1 10 19 0.5000 0.6552 2 2 0 0 0 0 3 1 0 0 0 0 2 4 5 3 5 3 3 4 5 4 5 

1 43 10 28 5 318 306 12 10 1 0 1 0 0 5 2 0 0 2 2 9 0.3214 22 20 0.0692 0.0629 1 1 13 11 0.5909 0.5500 1 0 1 2 0 0 1 2 1 1 0 0 2 0 7 4 6 3 2 2 4 6 10 
0 43 9 28 5 318 306 12 10 1 0 1 0 0 5 9 3 3 2 4 8 0.2857 22 19 0.0692 0.0597 1 1 14 11 0.6364 0.5789 1 0 1 2 0 0 2 2 0 0 1 1 2 0 7 4 6 2 2 3 4 6 6 
1 43 10 28 5 318 306 12 10 1 0 1 0 0 8 7 8 8 1 2 11 0.3929 12 20 0.0377 0.0629 1 1 1 9 0.0833 0.4500 1 0 0 0 0 0 1 0 0 0 0 0 2 1 4 1 8 10 3 6 8 10 12 
0 43 9 28 5 318 306 12 10 0 1 1 0 0 5 6 2.5000 3.5000 1 2 5 0.1786 14 20 0.0440 0.0629 1 1 9 15 0.6429 0.7500 1 0 0 0 0 0 2 0 0 0 0 1 1 0 1 0 1 0 2 4 6 7 11 
0 43 9 28 5 318 306 12 10 0 1 1 0 0 9 4 1 3 4 1 14 0.5000 19 18 0.0597 0.0566 1 1 5 4 0.2632 0.2222 1 0 0 0 0 0 1 0 0 1 1 1 1 1 1 3 1 2 2 4 4 4 6 
0 43 9 28 5 318 306 12 10 0 1 1 0 0 1 3 2.5000 3.5000 1 1 18 0.6429 24 21 0.0755 0.0660 1 1 6 3 0.2500 0.1429 1 0 0 0 0 0 2 0 0 0 0 1 1 0 1 0 1 1 2 4 6 7 11 
0 43 9 28 5 318 306 12 10 1 0 0 1 0 6 7 1 1 2 2 2 0.0714 20 20 0.0629 0.0629 1 1 18 18 0.9000 0.9000 1 0 0 0 0 1 1 0 2 0 0 0 2 0 4 2 4 8 4 6 7 10 12 
1 43 10 28 5 318 306 12 10 0 1 0 1 0 6 2 4 3 2 2 11 0.3929 29 20 0.0912 0.0629 1 1 18 9 0.6207 0.4500 1 1 0 0 0 0 2 0 0 0 1 0 1 0 4 0 2 0 2 3 4 3 3 
0 43 9 28 5 318 306 12 10 0 1 0 1 0 6 9 0 4 2 4 10 0.3571 29 19 0.0912 0.0597 1 1 19 9 0.6552 0.4737 1 0 0 0 0 0 1 0 0 1 0 0 1 0 1 0 1 0 2 1 2 2 3 
0 43 9 28 5 318 306 12 10 1 0 0 0 1 0 9 0 0 1 4 4 0.1429 27 19 0.0849 0.0597 1 1 23 15 0.8519 0.7895 1 0 0 0 0 0 1 0 0 1 2 1 2 0 4 0 9 0 3 6 7 9 12 

1 44 13 28 12 317 313 4 13 1 0 1 0 0 8 7 8 8 1 1 11 0.3929 12 20 0.0379 0.0631 1 1 1 9 0.0833 0.4500 1 0 0 0 0 0 1 0 0 0 0 0 2 1 4 1 8 10 3 6 8 10 12 
0 44 5 28 12 317 313 4 13 0 1 1 0 0 5 2 4 3 9 2 11 0.3929 25 20 0.0789 0.0631 1 1 14 9 0.5600 0.4500 2 2 0 0 0 0 4 0 0 0 0 0 1 0 4 0 2 0 2 3 4 3 3 
0 44 5 28 12 317 313 4 13 0 1 0 1 0 6 2 4 3 10 2 11 0.3929 29 20 0.0915 0.0631 1 1 18 9 0.6207 0.4500 2 2 0 0 0 0 4 0 0 0 0 0 1 0 4 0 2 0 2 3 4 3 3 
0 44 5 28 12 317 313 4 13 0 1 0 1 0 6 9 0 4 10 2 10 0.3571 29 19 0.0915 0.0599 1 1 19 9 0.6552 0.4737 1 0 0 0 0 0 1 0 0 0 0 0 1 0 1 0 1 0 2 1 2 2 3 
0 44 5 28 12 317 313 4 13 1 0 0 1 0 5 6 4 4 9 10 10 0.3571 25 29 0.0789 0.0915 1 1 15 19 0.6000 0.6552 2 2 1 0 1 0 4 1 1 1 1 1 2 4 5 4 4 4 3 4 5 4 5 
0 44 5 28 12 317 313 4 13 1 0 0 1 0 5 6 3 3 9 10 11 0.3929 25 29 0.0789 0.0915 1 1 14 18 0.5600 0.6207 3 0 3 0 1 0 3 3 1 1 1 0 2 2 4 6 5 4 2 3 4 6 6 
0 44 5 28 12 317 313 4 13 1 0 0 1 0 5 6 0 0 9 10 12 0.4286 25 29 0.0789 0.0915 1 1 13 17 0.5200 0.5862 1 0 4 0 3 0 1 4 3 1 0 0 2 0 4 4 4 9 2 2 4 6 10 
0 44 5 28 12 317 313 4 13 1 0 0 1 0 5 6 0 0 9 10 13 0.4643 25 29 0.0789 0.0915 1 1 12 16 0.4800 0.5517 1 0 2 0 3 0 1 2 4 2 0 0 2 0 4 0 5 9 2 3 4 8 11 
0 44 5 28 12 317 313 4 13 1 0 0 1 0 5 6 0 0 9 10 14 0.5000 25 29 0.0789 0.0915 1 1 11 15 0.4400 0.5172 1 0 1 0 1 0 1 2 1 3 2 0 2 0 4 1 12 4 3 4 7 9 11 
1 44 12 28 12 317 313 4 13 1 0 0 0 1 0 9 0 0 1 2 4 0.1429 27 19 0.0852 0.0599 1 1 23 15 0.8519 0.7895 1 0 0 0 0 0 1 1 1 1 3 3 2 0 4 0 9 0 3 6 7 9 12 
0 44 5 28 12 317 313 4 13 1 0 0 0 1 5 6 0 0 9 10 20 0.7143 25 29 0.0789 0.0915 1 1 5 9 0.2000 0.3103 1 0 1 0 1 0 1 1 1 0 0 1 2 0 4 1 9 5 4 6 10 13 12 
0 44 5 28 12 317 313 4 13 1 0 0 0 1 5 6 0 0 9 10 21 0.7500 25 29 0.0789 0.0915 1 1 4 8 0.1600 0.2759 1 0 2 0 0 0 1 2 0 0 0 0 2 0 4 0 6 4 2 6 10 11 12 
0 44 5 28 12 317 313 4 13 1 0 0 0 1 5 6 0 0 9 10 22 0.7857 25 29 0.0789 0.0915 1 1 3 7 0.1200 0.2414 1 0 1 0 1 0 1 1 1 0 0 0 2 0 4 1 7 5 4 6 9 11 12 

1 45 5 28 13 317 314 3 5 1 0 1 0 0 8 7 8 8 1 1 11 0.3929 12 20 0.0379 0.0631 1 1 1 9 0.0833 0.4500 1 0 0 0 0 0 1 0 0 0 0 0 2 1 4 1 8 10 3 6 8 10 12 
0 45 4 28 13 317 314 3 5 1 0 1 0 0 6 3 4.5000 4.5000 1 2 11 0.3929 26 20 0.0820 0.0631 1 1 15 9 0.5769 0.4500 2 1 0 0 0 0 3 0 0 0 0 1 2 2 7 4 5 3 3 4 5 4 5 
1 45 5 28 13 317 314 3 5 0 1 0 1 0 6 3 4.5000 3.5000 2 2 11 0.3929 29 20 0.0915 0.0631 1 1 18 9 0.6207 0.4500 2 1 0 0 0 0 3 0 0 0 0 0 2 0 5 2 2 1 2 3 4 3 3 
0 45 4 28 13 317 314 3 5 0 1 0 1 0 6 9 0 4.5000 2 2 10 0.3571 29 19 0.0915 0.0599 1 1 19 9 0.6552 0.4737 1 0 0 0 0 0 1 0 0 0 0 0 1 0 1 0 1 0 2 1 2 2 3 
0 45 4 28 13 317 314 3 5 1 0 0 0 1 0 9 0 0 1 2 4 0.1429 27 19 0.0852 0.0599 1 1 23 15 0.8519 0.7895 1 0 0 0 0 0 1 0 0 0 1 2 2 0 4 0 9 0 3 6 7 9 12 

1 46 4 28 14 317 315 2 4 1 0 1 0 0 8 7 8 8 1 1 11 0.3929 12 20 0.0379 0.0631 1 1 1 9 0.0833 0.4500 1 0 0 0 0 0 1 0 0 0 0 0 2 1 4 1 8 10 3 6 8 10 12 
1 46 4 28 14 317 315 2 4 0 1 0 1 0 6 4 5.5000 3.5000 2 1 11 0.3929 29 20 0.0915 0.0631 1 1 18 9 0.6207 0.4500 1 1 0 0 0 0 2 0 0 0 0 0 1 2 5 2 2 1 2 3 4 3 3 
0 46 3 28 14 317 315 2 4 0 1 0 1 0 6 9 0 5.5000 2 2 10 0.3571 29 19 0.0915 0.0599 1 1 19 9 0.6552 0.4737 1 0 0 0 0 0 1 0 0 0 0 0 1 0 1 0 1 0 2 1 2 2 3 
0 46 3 28 14 317 315 2 4 1 0 0 0 1 0 9 0 0 1 2 4 0.1429 27 19 0.0852 0.0599 1 1 23 15 0.8519 0.7895 1 0 0 0 0 0 1 0 0 0 1 1 2 0 4 0 9 0 3 6 7 9 12 

1 47 4 28 15 317 315 2 4 1 0 1 0 0 8 7 8 8 1 2 11 0.3929 12 20 0.0379 0.0631 1 1 1 9 0.0833 0.4500 1 0 0 0 1 0 1 0 1 1 0 0 2 1 4 1 12 10 3 6 8 10 12 
1 47 4 28 15 317 315 2 4 1 0 0 1 0 7 7 0 0 2 2 13 0.4643 29 20 0.0915 0.0631 1 1 16 7 0.5517 0.3500 1 0 0 0 1 0 1 0 1 0 1 0 2 0 5 2 9 6 3 6 8 12 11 
0 47 2 28 15 317 315 2 4 1 0 0 0 1 0 10 0 0 2 1 4 0.1429 27 19 0.0852 0.0599 1 1 23 15 0.8519 0.7895 1 0 0 0 0 0 1 0 0 0 0 0 2 0 4 0 9 0 3 6 7 9 12 
0 47 2 28 15 317 315 2 4 0 1 0 0 1 7 0 0 0 2 2 18 0.6429 29 27 0.0915 0.0852 1 1 11 9 0.3793 0.3333 1 0 0 0 0 0 1 0 0 0 2 0 1 0 1 0 2 2 2 4 5 8 11 

1 48 4 28 16 317 315 2 4 1 0 1 0 0 10 11 10 10 1 2 11 0.3929 12 20 0.0379 0.0631 1 1 1 9 0.0833 0.4500 1 0 0 0 1 0 1 0 1 1 0 0 2 1 4 1 12 10 3 6 8 10 12 
1 48 4 28 16 317 315 2 4 1 0 0 1 0 7 11 0 0 2 2 13 0.4643 29 20 0.0915 0.0631 1 1 16 7 0.5517 0.3500 1 0 0 0 1 0 1 0 1 0 1 0 2 0 5 2 9 6 3 6 8 12 11 
0 48 2 28 16 317 315 2 4 0 1 0 0 1 7 1 0 0 2 2 18 0.6429 29 27 0.0915 0.0852 1 1 11 9 0.3793 0.3333 1 0 0 0 0 0 1 0 0 0 2 0 1 0 1 0 2 2 2 4 5 8 11 
0 48 2 28 16 317 315 2 4 1 0 0 0 1 11 1 0 0 1 2 3 0.1071 19 27 0.0599 0.0852 1 1 16 24 0.8421 0.8889 1 0 0 0 0 0 1 0 0 0 0 0 2 0 4 0 8 0 4 6 9 10 11 

1 49 4 28 17 317 315 2 4 1 0 1 0 0 12 15 12 12 2 2 11 0.3929 12 20 0.0379 0.0631 1 1 1 9 0.0833 0.4500 1 0 0 0 0 0 2 0 0 1 0 0 2 1 4 1 8 10 3 6 8 10 12 
0 49 2 28 17 317 315 2 4 1 0 0 1 0 8 12 12 12 2 2 17 0.6071 29 12 0.0915 0.0379 1 0 12 -5.0000 0.4138 -0.4167 1 0 0 0 0 0 2 0 0 1 0 0 2 2 4 5 4 4 3 6 8 10 12 
1 49 4 28 17 317 315 2 4 1 0 0 1 0 8 15 0 0 2 2 14 0.5000 29 20 0.0915 0.0631 1 1 15 6 0.5172 0.3000 1 0 0 0 0 0 1 0 0 2 0 0 2 0 4 2 8 6 3 5 9 9 11 
0 49 3 28 17 317 315 2 4 1 0 0 0 1 11 2 0 0 1 1 3 0.1071 19 27 0.0599 0.0852 1 1 16 24 0.8421 0.8889 1 0 0 0 0 0 1 0 0 0 0 0 2 0 4 0 8 0 4 6 9 10 11 

0 50 5 28 18 318 315 3 5 1 0 1 0 0 13 15 13 13 1 1 11 0.3929 12 20 0.0377 0.0629 1 1 1 9 0.0833 0.4500 1 0 0 0 0 0 1 0 0 0 0 0 2 1 4 1 8 10 3 6 8 10 12 
0 50 3 28 18 318 315 3 5 1 0 1 0 0 9 7 2 2 3 1 25 0.8929 29 22 0.0912 0.0692 1 0 4 -3.0000 0.1379 -0.1364 1 0 0 0 0 0 1 0 0 0 0 0 2 2 4 2 6 2 3 5 8 12 16 
1 50 6 28 18 318 315 3 5 1 0 0 1 0 9 4 6 6 3 1 11 0.3929 29 20 0.0912 0.0629 1 1 18 9 0.6207 0.4500 1 0 1 0 0 0 1 1 0 0 0 0 2 2 8 3 6 2 3 4 5 4 5 
0 50 4 28 18 318 315 3 5 1 0 0 1 0 9 11 0.5000 0.5000 3 2 10 0.3571 29 19 0.0912 0.0597 1 1 19 9 0.6552 0.4737 1 0 1 0 0 0 1 1 0 0 0 0 2 0 8 5 6 2 3 3 4 6 5 
0 50 4 28 18 318 315 3 5 1 0 0 0 1 11 2 0 0 2 1 3 0.1071 19 27 0.0597 0.0849 1 1 16 24 0.8421 0.8889 1 0 0 0 0 0 1 0 0 0 0 0 2 0 4 0 8 0 4 6 9 10 11 

1 51 5 28 14 319 315 4 5 1 0 1 0 0 13 15 13 13 1 1 11 0.3929 12 20 0.0376 0.0627 1 1 1 9 0.0833 0.4500 1 0 0 0 0 0 1 0 0 0 0 0 2 1 4 1 8 10 3 6 8 10 12 
1 51 5 28 14 319 315 4 5 0 1 1 0 0 4 7 3.5000 6 2 1 12 0.4286 21 26 0.0658 0.0815 1 1 9 14 0.4286 0.5385 1 1 0 0 0 0 2 0 0 0 1 0 1 2 1 1 1 1 1 1 1 2 3 
0 51 4 28 14 319 315 4 5 0 1 0 1 0 9 11 0.5000 6 2 2 10 0.3571 29 19 0.0909 0.0596 1 1 19 9 0.6552 0.4737 1 0 0 0 0 0 1 0 0 0 0 0 1 0 1 0 1 0 2 1 2 2 3 
1 51 5 28 14 319 315 4 5 1 0 0 1 0 4 9 3.5000 3.5000 2 2 11 0.3929 21 29 0.0658 0.0909 1 1 10 18 0.4762 0.6207 1 1 1 0 0 0 2 1 0 0 1 0 2 3 3 7 5 4 2 3 4 6 6 
0 51 4 28 14 319 315 4 5 1 0 0 0 1 2 11 1 1 1 2 4 0.1429 27 19 0.0846 0.0596 1 1 23 15 0.8519 0.7895 1 0 0 0 0 0 1 0 0 0 2 1 2 0 4 0 9 0 3 6 7 9 12 

1 52 13 28 13 319 314 5 13 1 0 1 0 0 13 15 13 13 1 1 11 0.3929 12 20 0.0376 0.0627 1 1 1 9 0.0833 0.4500 1 0 0 0 0 0 1 0 0 0 0 0 2 1 4 1 8 10 3 6 8 10 12 
0 52 5 28 13 319 314 5 13 1 0 1 0 0 4 7 3.5000 3.5000 2 9 11 0.3929 21 25 0.0658 0.0784 1 1 10 14 0.4762 0.5600 3 0 3 0 1 0 3 3 1 1 1 0 3 1 5 5 6 3 2 3 4 6 6 
0 52 5 28 13 319 314 5 13 0 1 0 1 0 9 11 0.5000 6 10 2 10 0.3571 29 19 0.0909 0.0596 1 1 19 9 0.6552 0.4737 1 0 0 0 0 0 1 0 0 0 0 0 1 0 1 0 1 0 2 1 2 2 3 
0 52 5 28 13 319 314 5 13 1 0 0 1 0 7 9 6 6 9 10 10 0.3571 25 29 0.0784 0.0909 1 1 15 19 0.6000 0.6552 2 0 3 0 1 0 2 3 1 1 1 1 2 3 7 3 5 3 3 4 5 4 5 
0 52 5 28 13 319 314 5 13 1 0 0 1 0 7 9 3.5000 3.5000 9 10 11 0.3929 25 29 0.0784 0.0909 1 1 14 18 0.5600 0.6207 3 0 3 0 1 0 3 3 1 1 1 0 3 1 5 5 6 3 2 3 4 6 6 
0 52 5 28 13 319 314 5 13 1 0 0 1 0 7 9 0 0 9 10 12 0.4286 25 29 0.0784 0.0909 1 1 13 17 0.5200 0.5862 1 0 4 0 3 0 1 4 3 1 0 0 2 0 6 2 5 8 2 2 4 6 10 
0 52 5 28 13 319 314 5 13 1 0 0 1 0 7 9 0 0 9 10 13 0.4643 25 29 0.0784 0.0909 1 1 12 16 0.4800 0.5517 1 0 2 0 3 0 1 2 4 2 0 0 2 0 4 0 8 6 2 3 4 8 11 
0 52 5 28 13 319 314 5 13 1 0 0 1 0 7 9 0 0 9 10 14 0.5000 25 29 0.0784 0.0909 1 1 11 15 0.4400 0.5172 1 0 1 0 1 0 1 2 1 3 2 0 2 0 4 1 12 4 3 4 7 9 11 
0 52 5 28 13 319 314 5 13 1 0 0 1 0 4 9 3.5000 3.5000 2 10 11 0.3929 21 29 0.0658 0.0909 1 1 10 18 0.4762 0.6207 3 0 3 0 1 0 3 3 1 1 1 0 3 1 5 5 6 3 2 3 4 6 6 
1 52 12 28 13 319 314 5 13 1 0 0 0 1 2 11 1 1 1 2 4 0.1429 27 19 0.0846 0.0596 1 1 23 15 0.8519 0.7895 1 0 0 0 0 0 1 1 1 1 3 3 2 0 4 0 9 0 3 6 7 9 12 
0 52 5 28 13 319 314 5 13 1 0 0 0 1 7 9 0 0 9 10 20 0.7143 25 29 0.0784 0.0909 1 1 5 9 0.2000 0.3103 1 0 1 0 1 0 1 1 1 0 0 1 2 0 4 1 9 5 4 6 10 13 12 
0 52 5 28 13 319 314 5 13 1 0 0 0 1 7 9 0 0 9 10 21 0.7500 25 29 0.0784 0.0909 1 1 4 8 0.1600 0.2759 1 0 2 0 0 0 1 2 0 0 0 0 2 0 4 0 6 4 2 6 10 11 12 
0 52 5 28 13 319 314 5 13 1 0 0 0 1 7 9 0 0 9 10 22 0.7857 25 29 0.0784 0.0909 1 1 3 7 0.1200 0.2414 1 0 1 0 1 0 1 1 1 0 0 0 2 0 4 1 7 5 4 6 9 11 12 

1 53 14 28 12 317 313 4 14 1 0 1 0 0 13 15 13 13 1 2 11 0.3929 12 20 0.0379 0.0631 1 1 1 9 0.0833 0.4500 1 0 0 0 0 0 1 0 0 0 0 0 2 1 4 1 8 10 3 6 8 10 12 
0 53 6 28 12 317 313 4 14 0 1 1 0 0 7 4 6 3.5000 9 2 11 0.3929 25 20 0.0789 0.0631 1 1 14 9 0.5600 0.4500 2 2 0 0 0 0 4 0 0 0 0 0 1 0 4 0 2 0 2 3 4 3 3 
0 53 13 28 12 317 313 4 14 1 0 0 1 0 6 15 1 1 1 2 2 0.0714 20 20 0.0631 0.0631 1 1 18 18 0.9000 0.9000 1 0 0 0 0 0 1 0 0 0 0 0 2 0 4 2 4 5 4 6 7 10 12 
0 53 6 28 12 317 313 4 14 0 1 0 1 0 9 4 6 3.5000 10 2 11 0.3929 29 20 0.0915 0.0631 1 1 18 9 0.6207 0.4500 2 2 0 0 0 0 4 0 0 0 0 0 1 0 4 0 2 0 2 3 4 3 3 
0 53 6 28 12 317 313 4 14 0 1 0 1 0 9 11 0.5000 6 10 2 10 0.3571 29 19 0.0915 0.0599 1 1 19 9 0.6552 0.4737 1 0 0 0 0 0 1 0 0 0 0 0 1 0 1 0 1 0 2 1 2 2 3 
0 53 6 28 12 317 313 4 14 1 0 0 1 0 7 9 6 6 9 10 10 0.3571 25 29 0.0789 0.0915 1 1 15 19 0.6000 0.6552 2 2 1 0 1 0 4 1 1 1 1 2 2 4 5 4 4 4 3 4 5 4 5 
0 53 6 28 12 317 313 4 14 1 0 0 1 0 7 9 3.5000 3.5000 9 10 11 0.3929 25 29 0.0789 0.0915 1 1 14 18 0.5600 0.6207 3 0 3 0 1 0 3 3 1 1 2 0 2 2 4 6 5 4 2 3 4 6 6 
0 53 6 28 12 317 313 4 14 1 0 0 1 0 7 9 0 0 9 10 12 0.4286 25 29 0.0789 0.0915 1 1 13 17 0.5200 0.5862 1 0 4 0 3 0 1 4 3 2 0 1 2 0 4 4 4 9 2 2 4 6 10 
0 53 6 28 12 317 313 4 14 1 0 0 1 0 7 9 0 0 9 10 13 0.4643 25 29 0.0789 0.0915 1 1 12 16 0.4800 0.5517 1 0 2 0 4 0 1 2 5 2 1 1 2 0 4 0 10 9 2 3 4 8 11 
0 53 6 28 12 317 313 4 14 1 0 0 1 0 7 9 0 0 9 10 14 0.5000 25 29 0.0789 0.0915 1 1 11 15 0.4400 0.5172 1 0 2 0 1 0 1 3 1 4 3 0 2 0 7 1 9 4 3 4 7 9 11 
0 53 13 28 12 317 313 4 14 1 0 0 0 1 2 11 1 1 1 2 4 0.1429 27 19 0.0852 0.0599 1 1 23 15 0.8519 0.7895 1 0 0 0 0 0 1 1 3 2 3 2 2 0 4 0 9 0 3 6 7 9 12 
0 53 6 28 12 317 313 4 14 1 0 0 0 1 7 9 0 0 9 10 15 0.5357 25 29 0.0789 0.0915 1 1 10 14 0.4000 0.4828 1 0 1 0 2 0 1 1 3 2 3 2 2 0 8 3 10 4 3 6 8 10 9 
0 53 6 28 12 317 313 4 14 1 0 0 0 1 7 9 0 0 9 10 17 0.6071 25 29 0.0789 0.0915 1 1 8 12 0.3200 0.4138 1 0 1 0 1 0 1 1 2 1 1 1 2 0 5 3 16 4 4 8 9 11 10 
0 53 6 28 12 317 313 4 14 1 0 0 0 1 7 9 0 0 9 10 18 0.6429 25 29 0.0789 0.0915 1 1 7 11 0.2800 0.3793 1 0 1 0 0 0 1 1 0 2 1 1 2 1 7 4 10 4 4 7 10 10 14 

1 54 6 28 13 317 314 3 6 1 0 1 0 0 13 15 13 13 1 2 11 0.3929 12 20 0.0379 0.0631 1 1 1 9 0.0833 0.4500 1 0 0 0 0 0 1 0 0 0 0 0 2 1 4 1 8 10 3 6 8 10 12 
1 54 6 28 13 317 314 3 6 1 0 1 0 0 8 5 6.5000 6.5000 1 2 11 0.3929 26 20 0.0820 0.0631 1 1 15 9 0.5769 0.4500 2 1 0 0 0 0 3 0 0 0 0 1 2 2 7 4 5 3 3 4 5 4 5 
0 54 5 28 13 317 314 3 6 1 0 0 1 0 6 15 1 1 1 2 2 0.0714 20 20 0.0631 0.0631 1 1 18 18 0.9000 0.9000 1 0 0 0 0 0 1 0 0 0 0 0 2 0 4 2 4 5 4 6 7 10 12 
1 54 6 28 13 317 314 3 6 0 1 0 1 0 9 5 6.5000 4 2 2 11 0.3929 29 20 0.0915 0.0631 1 1 18 9 0.6207 0.4500 2 1 0 0 0 0 3 0 0 0 0 0 2 0 5 2 2 1 2 3 4 3 3 
0 54 5 28 13 317 314 3 6 0 1 0 1 0 9 11 0.5000 6.5000 2 2 10 0.3571 29 19 0.0915 0.0599 1 1 19 9 0.6552 0.4737 1 0 0 0 0 0 1 0 0 0 0 0 1 0 1 0 1 0 2 1 2 2 3 
0 54 5 28 13 317 314 3 6 1 0 0 0 1 2 11 1 1 1 2 4 0.1429 27 19 0.0852 0.0599 1 1 23 15 0.8519 0.7895 1 0 0 0 0 0 1 0 0 0 1 2 2 0 4 0 9 0 3 6 7 9 12 

1 55 5 28 14 317 314 3 5 1 0 1 0 0 13 16 13 13 1 1 11 0.3929 12 20 0.0379 0.0631 1 1 1 9 0.0833 0.4500 1 0 0 0 0 0 1 0 0 0 0 0 2 1 4 1 8 10 3 6 8 10 12 
1 55 5 28 14 317 314 3 5 1 0 1 0 0 8 5 6.5000 6.5000 1 2 11 0.3929 26 20 0.0820 0.0631 1 1 15 9 0.5769 0.4500 2 1 0 0 0 0 3 0 0 0 0 1 2 2 7 4 5 3 3 4 5 4 5 
1 55 5 28 14 317 314 3 5 0 1 0 1 0 9 5 6.5000 4 2 2 11 0.3929 29 20 0.0915 0.0631 1 1 18 9 0.6207 0.4500 2 1 0 0 0 0 3 0 0 0 0 0 2 0 5 2 2 1 2 3 4 3 3 
0 55 4 28 14 317 314 3 5 0 1 0 1 0 9 11 0.5000 6.5000 2 2 10 0.3571 29 19 0.0915 0.0599 1 1 19 9 0.6552 0.4737 1 0 0 0 0 0 1 0 0 0 0 0 1 0 1 0 1 0 2 1 2 2 3 
0 55 4 28 14 317 314 3 5 1 0 0 0 1 2 11 1 1 1 2 4 0.1429 27 19 0.0852 0.0599 1 1 23 15 0.8519 0.7895 1 0 0 0 0 0 1 0 0 0 1 2 2 0 4 0 9 0 3 6 7 9 12 

1 56 5 28 15 317 314 3 5 1 0 1 0 0 13 16 13 13 1 2 11 0.3929 12 20 0.0379 0.0631 1 1 1 9 0.0833 0.4500 1 0 0 0 1 0 1 0 1 1 0 0 2 1 4 1 12 10 3 6 8 10 12 
1 56 5 28 15 317 314 3 5 1 0 1 0 0 8 5 7 7 1 1 11 0.3929 26 20 0.0820 0.0631 1 1 15 9 0.5769 0.4500 1 0 0 0 0 0 1 0 0 0 0 1 2 0 7 2 5 1 3 4 5 4 5 
1 56 5 28 15 317 314 3 5 1 0 0 1 0 10 16 0 0 2 2 13 0.4643 29 20 0.0915 0.0631 1 1 16 7 0.5517 0.3500 1 0 0 0 1 0 1 0 1 0 1 0 2 0 5 2 9 6 3 6 8 12 11 
0 56 3 28 15 317 314 3 5 1 0 0 0 1 2 12 1 1 2 1 4 0.1429 27 19 0.0852 0.0599 1 1 23 15 0.8519 0.7895 1 0 0 0 0 0 1 0 0 0 0 1 2 0 4 0 9 0 3 6 7 9 12 
0 56 3 28 15 317 314 3 5 0 1 0 0 1 10 2 0.5000 0.5000 2 2 18 0.6429 29 27 0.0915 0.0852 1 1 11 9 0.3793 0.3333 1 0 0 0 0 0 1 0 0 0 2 0 1 0 1 0 2 2 2 4 5 8 11 

1 57 3 28 17 317 315 2 3 1 0 1 0 0 8 5 7 7 1 1 11 0.3929 26 20 0.0820 0.0631 1 1 15 9 0.5769 0.4500 1 0 0 0 0 0 1 0 0 0 0 0 2 0 7 2 5 1 3 4 5 4 5 
0 57 2 28 17 317 315 2 3 1 0 1 0 0 17 14 14 14 2 1 12 0.4286 21 12 0.0662 0.0379 1 0 9 0 0.4286 0 1 0 0 1 0 0 1 1 0 0 0 0 2 2 3 6 6 10 3 6 8 10 12 
0 57 2 28 17 317 315 2 3 0 1 0 1 0 17 10 0 0 2 1 14 0.5000 21 29 0.0662 0.0915 1 1 7 15 0.3333 0.5172 1 0 0 1 0 0 1 1 0 0 0 0 1 1 3 4 4 4 2 4 7 8 9 

0 58 1 28 19 318 317 1 2 1 0 1 0 0 9 7 0 0 1 1 16 0.5714 27 20 0.0849 0.0629 1 1 11 4 0.4074 0.2000 1 0 0 0 0 0 1 0 0 0 0 0 2 0 4 1 12 4 3 4 7 9 11 
1 58 2 28 19 318 317 1 2 0 1 0 0 1 18 7 1 3 1 1 9 0.3214 22 22 0.0692 0.0692 1 1 13 13 0.5909 0.5909 1 0 0 0 0 0 1 0 0 0 0 0 1 0 1 2 3 4 2 4 5 8 11 

1 59 5 28 16 317 314 3 5 1 0 1 0 0 15 18 15 15 1 2 11 0.3929 12 20 0.0379 0.0631 1 1 1 9 0.0833 0.4500 1 0 0 0 1 0 1 0 1 1 0 0 2 1 4 1 12 10 3 6 8 10 12 
1 59 5 28 16 317 314 3 5 1 0 1 0 0 9 6 8 8 1 1 11 0.3929 26 20 0.0820 0.0631 1 1 15 9 0.5769 0.4500 1 0 0 0 0 0 1 0 0 0 0 0 2 0 7 2 5 1 3 4 5 4 5 
1 59 5 28 16 317 314 3 5 1 0 0 1 0 10 18 0 0 2 2 13 0.4643 29 20 0.0915 0.0631 1 1 16 7 0.5517 0.3500 1 0 0 0 1 0 1 0 1 0 1 0 2 0 5 2 9 6 3 6 8 12 11 
0 59 3 28 16 317 314 3 5 0 1 0 0 1 10 3 0.5000 0.5000 2 2 18 0.6429 29 27 0.0915 0.0852 1 1 11 9 0.3793 0.3333 1 0 0 0 0 0 1 0 0 0 2 0 1 0 1 0 2 2 2 4 5 8 11 
0 59 3 28 16 317 314 3 5 1 0 0 0 1 13 3 0 0 1 2 3 0.1071 19 27 0.0599 0.0852 1 1 16 24 0.8421 0.8889 1 0 0 0 0 0 1 0 0 0 0 0 2 0 4 0 8 0 4 6 9 10 11 

1 60 3 28 18 317 315 2 3 1 0 1 0 0 9 6 8 8 1 1 11 0.3929 26 20 0.0820 0.0631 1 1 15 9 0.5769 0.4500 1 0 0 0 0 0 1 0 0 0 0 0 2 0 7 2 5 1 3 4 5 4 5 
0 60 2 28 18 317 315 2 3 1 0 1 0 0 19 16 16 16 2 1 12 0.4286 21 12 0.0662 0.0379 1 0 9 0 0.4286 0 1 0 0 1 0 0 1 1 0 0 0 0 2 2 3 6 6 10 3 6 8 10 12 
0 60 2 28 18 317 315 2 3 0 1 0 1 0 19 11 0 0 2 1 14 0.5000 21 29 0.0662 0.0915 1 1 7 15 0.3333 0.5172 1 0 0 1 0 0 1 1 0 0 0 0 1 1 3 4 4 4 2 4 7 8 9 

0 61 1 28 20 318 317 1 2 1 0 1 0 0 10 7 0 0 1 1 16 0.5714 27 20 0.0849 0.0629 1 1 11 4 0.4074 0.2000 1 0 0 0 0 0 1 0 0 0 0 0 2 0 4 1 12 4 3 4 7 9 11 
1 61 2 28 20 318 317 1 2 0 1 0 0 1 20 7 1 3 1 1 9 0.3214 22 22 0.0692 0.0692 1 1 13 13 0.5909 0.5909 1 0 0 0 0 0 1 0 0 0 0 0 1 0 1 2 3 4 2 4 5 8 11 

1 62 5 28 17 317 314 3 5 1 0 1 0 0 17 20 17 17 2 2 11 0.3929 12 20 0.0379 0.0631 1 1 1 9 0.0833 0.4500 1 0 0 0 0 0 2 0 0 1 0 0 2 1 4 1 8 10 3 6 8 10 12 
1 62 5 28 17 317 314 3 5 1 0 1 0 0 10 7 9 9 1 1 11 0.3929 26 20 0.0820 0.0631 1 1 15 9 0.5769 0.4500 1 0 0 0 0 0 1 0 0 0 0 0 2 0 7 2 5 1 3 4 5 4 5 
0 62 3 28 17 317 314 3 5 1 0 0 1 0 11 17 17 17 2 2 17 0.6071 29 12 0.0915 0.0379 1 0 12 -5.0000 0.4138 -0.4167 1 0 0 0 0 0 2 0 0 1 0 0 2 2 4 5 4 4 3 6 8 10 12 
1 62 5 28 17 317 314 3 5 1 0 0 1 0 11 20 0 0 2 2 14 0.5000 29 20 0.0915 0.0631 1 1 15 6 0.5172 0.3000 1 0 0 0 0 0 1 0 0 2 0 0 2 0 4 2 8 6 3 5 9 9 11 
0 62 4 28 17 317 314 3 5 1 0 0 0 1 13 4 0 0 1 1 3 0.1071 19 27 0.0599 0.0852 1 1 16 24 0.8421 0.8889 1 0 0 0 0 0 1 0 0 0 0 0 2 0 4 0 8 0 4 6 9 10 11 

1 63 6 28 18 318 314 4 6 1 0 1 0 0 18 20 18 18 1 1 11 0.3929 12 20 0.0377 0.0629 1 1 1 9 0.0833 0.4500 1 0 0 0 0 0 1 0 0 0 0 0 2 1 4 1 8 10 3 6 8 10 12 
1 63 6 28 18 318 314 4 6 1 0 1 0 0 10 7 9 9 1 2 11 0.3929 26 20 0.0818 0.0629 1 1 15 9 0.5769 0.4500 1 1 0 0 0 0 2 0 0 0 1 0 2 2 7 5 5 3 3 4 5 4 5 
0 63 4 28 18 318 314 4 6 1 0 1 0 0 12 7 2 2 3 1 25 0.8929 29 22 0.0912 0.0692 1 0 4 -3.0000 0.1379 -0.1364 1 0 0 0 0 0 1 0 0 0 0 0 2 2 4 3 5 3 3 5 8 12 16 
1 63 6 28 18 318 314 4 6 0 1 0 1 0 12 7 1 9 3 2 12 0.4286 29 20 0.0912 0.0629 1 1 17 8 0.5862 0.4000 1 0 0 0 0 0 1 0 0 0 0 0 1 0 4 0 2 0 2 1 2 2 3 
0 63 5 28 18 318 314 4 6 1 0 0 1 0 12 7 0 0 3 1 16 0.5714 29 20 0.0912 0.0629 1 1 13 4 0.4483 0.2000 1 0 0 0 0 0 1 0 1 0 2 0 2 2 4 3 12 6 3 4 7 9 11 
0 63 5 28 18 318 314 4 6 1 0 0 0 1 13 4 0 0 1 1 3 0.1071 19 27 0.0597 0.0849 1 1 16 24 0.8421 0.8889 1 0 0 0 0 0 1 0 1 0 0 0 2 0 4 0 8 0 4 6 9 10 11 

1 64 6 28 14 318 315 3 6 1 0 1 0 0 10 7 9 9 1 2 11 0.3929 26 20 0.0818 0.0629 1 1 15 9 0.5769 0.4500 2 1 0 0 0 0 3 0 0 0 0 1 2 2 7 4 5 3 3 4 5 4 5 
0 64 5 28 14 318 315 3 6 1 0 1 0 0 20 18 18 18 2 1 12 0.4286 21 12 0.0660 0.0377 1 0 9 0 0.4286 0 1 0 0 0 0 0 1 0 0 0 0 0 2 2 3 2 7 7 3 6 8 10 12 
0 64 5 28 14 318 315 3 6 0 1 0 1 0 12 7 9 4 2 2 11 0.3929 29 20 0.0912 0.0629 1 1 18 9 0.6207 0.4500 2 1 0 0 0 0 3 0 0 0 0 0 2 0 5 2 2 1 2 3 4 3 3 
0 64 5 28 14 318 315 3 6 0 1 0 1 0 12 13 1 9 2 2 10 0.3571 29 19 0.0912 0.0597 1 1 19 9 0.6552 0.4737 1 0 0 0 0 0 1 0 0 0 0 0 1 0 1 0 1 0 2 1 2 2 3 
0 64 5 28 14 318 315 3 6 0 1 0 1 0 20 7 0 2 2 1 3 0.1071 21 20 0.0660 0.0629 1 1 18 17 0.8571 0.8500 1 0 0 0 0 0 1 0 0 0 0 0 1 0 1 4 1 7 3 6 8 10 11 
0 64 5 28 14 318 315 3 6 1 0 0 0 1 4 13 2 2 1 2 4 0.1429 27 19 0.0849 0.0597 1 1 23 15 0.8519 0.7895 1 0 0 0 0 0 1 0 0 0 1 2 2 0 4 0 9 0 3 6 7 9 12 

1 65 14 28 13 319 314 5 14 1 0 1 0 0 18 20 18 18 1 2 11 0.3929 12 20 0.0376 0.0627 1 1 1 9 0.0833 0.4500 1 0 0 0 0 0 1 0 0 0 0 0 2 1 4 1 8 10 3 6 8 10 12 
0 65 6 28 13 319 314 5 14 1 0 1 0 0 7 10 4 4 2 9 11 0.3929 21 25 0.0658 0.0784 1 1 10 14 0.4762 0.5600 3 0 3 0 1 0 3 3 1 1 2 0 3 1 5 5 6 3 2 3 4 6 6 
0 65 13 28 13 319 314 5 14 1 0 0 1 0 7 20 2 2 1 2 2 0.0714 20 20 0.0627 0.0627 1 1 18 18 0.9000 0.9000 1 0 0 0 0 0 1 0 0 0 0 0 2 0 4 2 4 5 4 6 7 10 12 
0 65 6 28 13 319 314 5 14 0 1 0 1 0 12 13 1 9 10 2 10 0.3571 29 19 0.0909 0.0596 1 1 19 9 0.6552 0.4737 1 0 0 0 0 0 1 0 0 0 0 0 1 0 1 0 1 0 2 1 2 2 3 
0 65 6 28 13 319 314 5 14 1 0 0 1 0 10 12 9 9 9 10 10 0.3571 25 29 0.0784 0.0909 1 1 15 19 0.6000 0.6552 2 0 3 0 1 0 2 3 1 1 1 2 2 3 7 3 5 3 3 4 5 4 5 
0 65 6 28 13 319 314 5 14 1 0 0 1 0 10 12 4 4 9 10 11 0.3929 25 29 0.0784 0.0909 1 1 14 18 0.5600 0.6207 3 0 3 0 1 0 3 3 1 1 2 0 3 1 5 5 6 3 2 3 4 6 6 
0 65 6 28 13 319 314 5 14 1 0 0 1 0 10 12 0 0 9 10 12 0.4286 25 29 0.0784 0.0909 1 1 13 17 0.5200 0.5862 1 0 4 0 3 0 1 4 3 2 0 1 2 0 6 2 5 8 2 2 4 6 10 
0 65 6 28 13 319 314 5 14 1 0 0 1 0 10 12 0 0 9 10 13 0.4643 25 29 0.0784 0.0909 1 1 12 16 0.4800 0.5517 1 0 2 0 4 0 1 2 5 2 1 1 2 0 4 0 13 6 2 3 4 8 11 
0 65 6 28 13 319 314 5 14 1 0 0 1 0 10 12 0 0 9 10 14 0.5000 25 29 0.0784 0.0909 1 1 11 15 0.4400 0.5172 1 0 2 0 1 0 1 3 1 4 3 0 2 0 7 1 9 4 3 4 7 9 11 
0 65 6 28 13 319 314 5 14 1 0 0 1 0 7 12 4 4 2 10 11 0.3929 21 29 0.0658 0.0909 1 1 10 18 0.4762 0.6207 3 0 3 0 1 0 3 3 1 1 2 0 3 1 5 5 6 3 2 3 4 6 6 
0 65 13 28 13 319 314 5 14 1 0 0 0 1 4 13 2 2 1 2 4 0.1429 27 19 0.0846 0.0596 1 1 23 15 0.8519 0.7895 1 0 0 0 0 0 1 1 3 2 3 2 2 0 4 0 9 0 3 6 7 9 12 
0 65 6 28 13 319 314 5 14 1 0 0 0 1 10 12 0 0 9 10 15 0.5357 25 29 0.0784 0.0909 1 1 10 14 0.4000 0.4828 1 0 1 0 2 0 1 1 3 2 3 2 2 0 8 3 10 4 3 6 8 10 9 
0 65 6 28 13 319 314 5 14 1 0 0 0 1 10 12 0 0 9 10 17 0.6071 25 29 0.0784 0.0909 1 1 8 12 0.3200 0.4138 1 0 1 0 1 0 1 1 2 1 1 1 2 0 5 3 16 4 4 8 9 11 10 
0 65 6 28 13 319 314 5 14 1 0 0 0 1 10 12 0 0 9 10 18 0.6429 25 29 0.0784 0.0909 1 1 7 11 0.2800 0.3793 1 0 1 0 0 0 1 1 0 2 1 1 2 1 7 4 10 4 4 7 10 10 14 

