0 1 3 32 0 213 206 7 5 1 0 1 0 0 0 0 0 0 2 2 19 0.5938 23 6 0.1080 0.0282 1 0 4 -13.0000 0.1739 -2.1667 1 0 0 0 0 0 1 0 0 1 0 0 2 2 4 3 6 4 3 5 8 12 16 
0 1 4 32 0 213 206 7 5 1 0 1 0 0 0 0 0 0 1 1 7 0.2188 9 6 0.0423 0.0282 1 0 2 -1.0000 0.2222 -0.1667 1 0 0 0 0 0 1 0 0 0 0 1 2 3 4 4 8 10 4 6 7 12 11 
1 1 5 32 0 213 206 7 5 1 0 1 0 0 0 0 0 0 2 2 8 0.2500 23 12 0.1080 0.0563 1 1 15 4 0.6522 0.3333 1 0 0 1 0 0 1 1 0 0 0 1 2 0 4 5 5 5 2 2 4 6 10 
1 1 5 32 0 213 206 7 5 1 0 1 0 0 0 0 0 0 2 1 2 0.0625 6 8 0.0282 0.0376 1 1 4 6 0.6667 0.7500 1 0 0 0 0 0 1 0 0 1 0 0 2 0 4 0 4 0 4 7 8 9 11 
1 1 5 32 0 213 206 7 5 0 1 1 0 0 0 0 0 0 2 1 10 0.3125 12 11 0.0563 0.0516 1 1 2 1 0.1667 0.0909 1 0 0 1 0 0 1 1 0 0 0 0 1 1 1 5 3 2 1 1 1 2 3 

0 2 4 32 1 213 207 6 5 1 0 1 0 0 0 0 0 0 1 1 7 0.2188 9 6 0.0423 0.0282 1 0 2 -1.0000 0.2222 -0.1667 1 0 0 0 0 0 1 0 0 0 0 1 2 3 4 4 8 10 4 6 7 12 11 
1 2 5 32 1 213 207 6 5 1 0 1 0 0 1 0 0 0 2 1 2 0.0625 6 8 0.0282 0.0376 1 1 4 6 0.6667 0.7500 1 0 0 0 0 0 1 0 0 1 0 0 2 0 4 0 4 0 4 7 8 9 11 
1 2 5 32 1 213 207 6 5 0 1 1 0 0 0 0 0 0 2 1 10 0.3125 12 11 0.0563 0.0516 1 1 2 1 0.1667 0.0909 1 0 0 1 0 0 1 1 0 0 0 0 1 1 1 5 3 2 1 1 1 2 3 
0 2 3 32 1 213 207 6 5 1 0 1 0 0 1 1 1 1 2 2 20 0.6250 24 6 0.1127 0.0282 1 0 4 -14.0000 0.1667 -2.3333 1 0 0 0 0 0 1 0 0 1 0 0 2 2 4 4 5 5 3 5 8 12 16 
1 2 5 32 1 213 207 6 5 1 0 0 1 0 1 0 0 0 2 2 8 0.2500 24 12 0.1127 0.0563 1 1 16 4 0.6667 0.3333 1 0 0 1 0 0 1 1 0 0 0 1 2 0 4 5 5 5 2 2 4 6 10 

0 3 3 32 2 213 208 5 4 1 0 1 0 0 0 0 0 0 1 1 7 0.2188 9 6 0.0423 0.0282 1 0 2 -1.0000 0.2222 -0.1667 1 0 0 0 0 0 1 0 0 0 0 1 2 3 4 4 8 10 4 6 7 12 11 
1 3 4 32 2 213 208 5 4 1 0 1 0 0 2 0 0 0 1 1 2 0.0625 6 8 0.0282 0.0376 1 1 4 6 0.6667 0.7500 1 0 0 0 0 0 1 0 0 0 0 0 2 0 4 0 4 0 4 7 8 9 11 
1 3 4 32 2 213 208 5 4 0 1 1 0 0 0 0 0 0 2 1 10 0.3125 12 11 0.0563 0.0516 1 1 2 1 0.1667 0.0909 1 0 0 1 0 0 1 1 0 0 0 0 1 1 1 5 3 2 1 1 1 2 3 
1 3 4 32 2 213 208 5 4 1 0 0 1 0 2 0 0 0 1 2 8 0.2500 25 12 0.1174 0.0563 1 1 17 4 0.6800 0.3333 1 0 0 1 0 0 1 1 0 0 0 1 2 0 4 5 5 5 2 2 4 6 10 

1 4 5 32 3 213 209 4 5 1 0 1 0 0 2 0 0 0 1 1 2 0.0625 6 8 0.0282 0.0376 1 1 4 6 0.6667 0.7500 1 0 0 0 0 0 1 0 0 0 0 0 2 0 4 0 4 0 4 7 8 9 11 
1 4 5 32 3 213 209 4 5 0 1 1 0 0 0 0 0 0 2 1 10 0.3125 12 11 0.0563 0.0516 1 1 2 1 0.1667 0.0909 1 0 0 1 0 0 1 1 0 0 0 1 1 1 1 5 3 2 1 1 1 2 3 
0 4 3 32 3 213 209 4 5 1 0 1 0 0 1 1 1 1 2 1 8 0.2500 10 6 0.0469 0.0282 1 0 2 -2.0000 0.2000 -0.3333 1 0 1 0 0 1 1 1 0 0 0 1 2 2 6 5 8 14 4 6 7 12 11 
1 4 5 32 3 213 209 4 5 1 0 0 1 0 2 0 0 0 1 2 8 0.2500 25 12 0.1174 0.0563 1 1 17 4 0.6800 0.3333 1 0 0 1 0 2 1 1 0 0 1 1 2 0 4 5 5 7 2 2 4 6 10 
0 4 3 32 3 213 209 4 5 1 0 0 1 0 1 0 0 0 2 1 7 0.2188 10 33 0.0469 0.1549 1 1 3 26 0.3000 0.7879 1 0 1 0 0 1 1 1 0 0 1 1 2 2 5 5 4 15 4 7 9 8 12 

1 5 3 32 5 214 211 3 3 0 1 1 0 0 0 0 0 0 2 1 10 0.3125 12 11 0.0561 0.0514 1 1 2 1 0.1667 0.0909 1 0 0 1 0 0 1 1 0 0 0 0 1 1 1 5 3 2 1 1 1 2 3 
0 5 2 32 5 214 211 3 3 0 1 1 0 0 1 3 0 1 1 1 3 0.0938 9 6 0.0421 0.0280 1 1 6 3 0.6667 0.5000 1 0 0 0 0 0 1 0 0 0 0 0 1 0 1 0 1 5 2 4 6 7 11 
1 5 3 32 5 214 211 3 3 1 0 0 1 0 2 0 0 0 1 2 8 0.2500 25 12 0.1168 0.0561 1 1 17 4 0.6800 0.3333 1 0 0 1 0 0 1 1 0 0 0 0 2 0 4 5 5 5 2 2 4 6 10 

1 6 3 32 5 213 211 2 3 0 1 1 0 0 0 0 0 0 2 1 10 0.3125 12 11 0.0563 0.0516 1 1 2 1 0.1667 0.0909 1 0 0 1 0 0 1 1 0 0 0 0 1 1 1 5 3 2 1 1 1 2 3 
1 6 3 32 5 213 211 2 3 1 0 0 1 0 2 0 0 0 1 2 8 0.2500 25 12 0.1174 0.0563 1 1 17 4 0.6800 0.3333 1 0 0 1 0 0 1 1 0 0 0 0 2 0 4 5 5 5 2 2 4 6 10 
0 6 2 32 5 213 211 2 3 0 1 0 1 0 3 1 0 1 1 1 3 0.0938 7 8 0.0329 0.0376 1 1 4 5 0.5714 0.6250 1 0 0 0 0 0 1 0 0 0 0 0 1 0 1 0 1 0 2 4 4 5 9 

0 7 1 32 7 214 212 2 2 1 0 1 0 0 1 1 0.5000 0.5000 1 2 10 0.3125 12 12 0.0561 0.0561 1 1 2 2 0.1667 0.1667 1 0 0 0 1 0 1 0 1 0 0 0 2 1 3 3 8 5 3 4 5 4 5 
1 7 2 32 7 214 212 2 2 1 0 0 1 0 2 1 0 0 1 2 8 0.2500 25 12 0.1168 0.0561 1 1 17 4 0.6800 0.3333 1 0 0 0 1 0 1 0 1 0 0 0 2 0 4 4 6 5 2 2 4 6 10 

0 8 1 32 7 215 213 2 2 1 0 1 0 0 2 2 1 1 1 2 10 0.3125 12 12 0.0558 0.0558 1 1 2 2 0.1667 0.1667 1 0 0 0 1 0 1 0 1 0 0 0 2 1 3 3 8 5 3 4 5 4 5 
1 8 2 32 7 215 213 2 2 1 0 0 1 0 2 2 0 0 1 2 8 0.2500 25 12 0.1163 0.0558 1 1 17 4 0.6800 0.3333 1 0 0 0 1 0 1 0 1 0 0 0 2 0 4 4 6 5 2 2 4 6 10 

1 9 3 32 4 215 212 3 3 0 1 1 0 0 3 3 1 2 2 1 10 0.3125 12 11 0.0558 0.0512 1 1 2 1 0.1667 0.0909 1 0 0 1 0 0 1 1 0 0 0 0 1 1 1 5 3 2 1 1 1 2 3 
0 9 2 32 4 215 212 3 3 0 1 1 0 0 3 5 0 2.5000 1 1 3 0.0938 9 6 0.0419 0.0279 1 1 6 3 0.6667 0.5000 1 0 0 0 0 0 1 0 0 0 0 0 1 0 1 0 1 7 2 4 6 7 11 
1 9 3 32 4 215 212 3 3 1 0 0 1 0 2 3 0 0 1 2 8 0.2500 25 12 0.1163 0.0558 1 1 17 4 0.6800 0.3333 1 0 0 1 0 0 1 1 0 0 0 0 2 0 4 5 5 5 2 2 4 6 10 

1 10 3 32 4 214 212 2 3 0 1 1 0 0 3 3 1 2 2 1 10 0.3125 12 11 0.0561 0.0514 1 1 2 1 0.1667 0.0909 1 0 0 1 0 0 1 1 0 0 0 0 1 1 1 5 3 2 1 1 1 2 3 
1 10 3 32 4 214 212 2 3 1 0 0 1 0 2 3 0 0 1 2 8 0.2500 25 12 0.1168 0.0561 1 1 17 4 0.6800 0.3333 1 0 0 1 0 0 1 1 0 0 0 0 2 0 4 5 5 5 2 2 4 6 10 
0 10 2 32 4 214 212 2 3 0 1 0 1 0 5 3 0.5000 2.5000 1 1 3 0.0938 7 8 0.0327 0.0374 1 1 4 5 0.5714 0.6250 1 0 0 0 0 0 1 0 0 0 0 0 1 0 1 0 1 0 2 4 4 5 9 

0 11 1 32 6 215 213 2 2 1 0 1 0 0 4 4 2.5000 2.5000 1 2 10 0.3125 12 12 0.0558 0.0558 1 1 2 2 0.1667 0.1667 1 0 0 0 1 0 1 0 1 0 0 0 2 1 3 3 8 5 3 4 5 4 5 
1 11 2 32 6 215 213 2 2 1 0 0 1 0 2 4 0 0 1 2 8 0.2500 25 12 0.1163 0.0558 1 1 17 4 0.6800 0.3333 1 0 0 0 1 0 1 0 1 0 0 0 2 0 4 4 6 5 2 2 4 6 10 

0 12 1 32 7 215 213 2 2 1 0 1 0 0 5 5 3 3 1 2 10 0.3125 12 12 0.0558 0.0558 1 1 2 2 0.1667 0.1667 1 0 0 0 1 0 1 0 1 0 0 0 2 1 3 3 8 5 3 4 5 4 5 
1 12 2 32 7 215 213 2 2 1 0 0 1 0 2 5 0 0 1 2 8 0.2500 25 12 0.1163 0.0558 1 1 17 4 0.6800 0.3333 1 0 0 0 1 0 1 0 1 0 0 0 2 0 4 4 6 5 2 2 4 6 10 

1 13 3 32 6 215 212 3 3 0 1 1 0 0 5 5 2 3 2 1 10 0.3125 12 11 0.0558 0.0512 1 1 2 1 0.1667 0.0909 1 0 0 1 0 0 1 1 0 0 0 0 1 1 1 5 3 2 1 1 1 2 3 
0 13 2 32 6 215 212 3 3 1 0 1 0 0 7 5 3.5000 3.5000 1 1 3 0.0938 7 9 0.0326 0.0419 1 1 4 6 0.5714 0.6667 1 0 0 0 0 0 1 0 0 0 0 0 2 1 3 2 2 2 4 7 8 9 11 
1 13 3 32 6 215 212 3 3 1 0 0 1 0 2 5 0 0 1 2 8 0.2500 25 12 0.1163 0.0558 1 1 17 4 0.6800 0.3333 1 0 0 1 0 0 1 1 0 0 0 0 2 0 4 5 5 5 2 2 4 6 10 

0 14 1 32 9 216 214 2 2 1 0 1 0 0 6 5 3 3 2 1 11 0.3438 13 13 0.0602 0.0602 1 1 2 2 0.1538 0.1538 1 0 0 0 1 0 1 0 1 0 0 0 2 0 5 2 4 8 3 4 5 4 5 
1 14 2 32 9 216 214 2 2 0 1 0 1 0 6 3 0 1 2 1 9 0.2812 13 25 0.0602 0.1157 1 1 4 16 0.3077 0.6400 1 0 0 0 0 0 1 0 0 0 0 0 1 1 1 2 2 4 1 2 3 6 8 

0 15 1 32 9 215 213 2 2 1 0 1 0 0 3 7 2 2 2 1 21 0.6562 25 7 0.1163 0.0326 1 0 4 -14.0000 0.1600 -2.0000 1 0 0 0 0 0 1 0 0 0 0 0 2 2 4 3 6 4 3 5 8 12 16 
1 15 2 32 9 215 213 2 2 1 0 0 1 0 3 6 2 2 2 1 9 0.2812 25 12 0.1163 0.0558 1 1 16 3 0.6400 0.2500 1 0 0 0 0 0 1 0 0 0 0 0 2 1 4 5 5 5 2 3 4 6 6 

0 16 1 32 11 216 215 1 2 1 0 1 0 0 7 5 3 3 2 1 11 0.3438 13 13 0.0602 0.0602 1 1 2 2 0.1538 0.1538 1 0 0 0 1 0 1 0 1 0 0 0 2 0 5 2 9 3 3 4 5 4 5 
1 16 2 32 11 216 215 1 2 1 0 0 1 0 7 5 1.5000 1.5000 2 1 9 0.2812 13 26 0.0602 0.1204 1 1 4 17 0.3077 0.6538 1 0 0 0 1 0 1 0 1 0 0 0 2 1 5 1 9 3 2 2 4 6 10 

0 17 1 32 11 215 214 1 2 1 0 1 0 0 5 8 3 3 2 1 22 0.6875 26 7 0.1209 0.0326 1 0 4 -15.0000 0.1538 -2.1429 1 0 0 0 0 0 1 0 0 0 0 0 2 2 4 3 6 4 3 5 8 12 16 
1 17 3 32 11 215 214 1 2 1 0 0 1 0 5 7 2.5000 2.5000 2 1 9 0.2812 26 12 0.1209 0.0558 1 1 17 3 0.6538 0.2500 1 0 0 0 0 0 1 0 0 0 0 0 2 1 4 6 4 6 2 3 4 6 6 

0 18 1 32 14 216 215 1 2 1 0 1 0 0 8 9 4 4 2 1 23 0.7188 27 7 0.1250 0.0324 1 0 4 -16.0000 0.1481 -2.2857 1 0 0 0 0 0 1 0 0 0 0 0 2 2 4 3 6 4 3 5 8 12 16 
1 18 3 32 14 216 215 1 2 1 0 0 1 0 8 8 3 3 2 1 10 0.3125 27 12 0.1250 0.0556 1 1 17 2 0.6296 0.1667 1 0 0 0 0 0 1 0 0 0 0 0 2 3 4 3 5 5 3 4 5 4 5 

0 19 1 32 9 216 214 2 2 1 0 1 0 0 7 10 4.5000 4.5000 1 2 11 0.3438 13 13 0.0602 0.0602 1 1 2 2 0.1538 0.1538 1 0 0 0 0 1 1 0 1 0 0 0 2 1 3 4 2 10 3 4 5 4 5 
1 19 2 32 9 216 214 2 2 1 0 0 0 1 10 8 1.5000 1.5000 2 1 8 0.2500 13 25 0.0602 0.1157 1 1 5 17 0.3846 0.6800 1 0 0 0 0 1 1 0 1 0 0 0 2 0 4 3 6 6 2 2 4 6 10 

0 20 1 32 9 216 214 2 2 1 0 1 0 0 9 12 5 5 1 2 11 0.3438 13 13 0.0602 0.0602 1 1 2 2 0.1538 0.1538 1 0 0 0 0 1 1 0 1 0 0 0 2 1 3 4 2 10 3 4 5 4 5 
1 20 2 32 9 216 214 2 2 1 0 0 0 1 12 8 1.5000 1.5000 2 1 8 0.2500 13 25 0.0602 0.1157 1 1 5 17 0.3846 0.6800 1 0 0 0 0 1 1 0 1 0 0 0 2 0 4 3 6 6 2 2 4 6 10 

0 21 1 32 6 216 214 2 2 1 0 1 0 0 10 13 5.5000 5.5000 1 2 10 0.3125 12 12 0.0556 0.0556 1 1 2 2 0.1667 0.1667 1 0 0 0 1 0 1 0 1 0 0 0 2 1 3 3 8 5 3 4 5 4 5 
1 21 2 32 6 216 214 2 2 1 0 0 1 0 8 13 1.5000 1.5000 1 2 8 0.2500 25 12 0.1157 0.0556 1 1 17 4 0.6800 0.3333 1 0 0 0 1 0 1 0 1 0 0 0 2 0 4 4 6 5 2 2 4 6 10 

0 22 1 32 6 216 214 2 2 1 0 1 0 0 13 16 8 8 1 2 10 0.3125 12 12 0.0556 0.0556 1 1 2 2 0.1667 0.1667 1 0 0 0 1 0 1 0 1 0 0 0 2 1 3 3 8 5 3 4 5 4 5 
1 22 2 32 6 216 214 2 2 1 0 0 1 0 8 16 1.5000 1.5000 1 2 8 0.2500 25 12 0.1157 0.0556 1 1 17 4 0.6800 0.3333 1 0 0 0 1 0 1 0 1 0 0 0 2 0 4 4 6 5 2 2 4 6 10 

1 23 3 32 5 216 213 3 3 0 1 1 0 0 16 13 6.5000 8 2 1 10 0.3125 12 11 0.0556 0.0509 1 1 2 1 0.1667 0.0909 1 0 0 1 0 0 1 1 0 0 0 0 1 1 1 5 3 2 1 1 1 2 3 
0 23 2 32 5 216 213 3 3 1 0 1 0 0 10 6 4 4 1 1 3 0.0938 7 9 0.0324 0.0417 1 1 4 6 0.5714 0.6667 1 0 0 0 0 0 1 0 0 0 0 0 2 1 3 2 2 2 4 7 8 9 11 
1 23 3 32 5 216 213 3 3 1 0 0 1 0 8 16 1.5000 1.5000 1 2 8 0.2500 25 12 0.1157 0.0556 1 1 17 4 0.6800 0.3333 1 0 0 1 0 0 1 1 0 0 0 0 2 0 4 5 5 5 2 2 4 6 10 

0 24 1 32 8 216 214 2 2 1 0 1 0 0 14 17 8.5000 8.5000 1 2 10 0.3125 12 12 0.0556 0.0556 1 1 2 2 0.1667 0.1667 1 0 0 0 1 0 1 0 1 0 0 0 2 1 3 3 8 5 3 4 5 4 5 
1 24 2 32 8 216 214 2 2 1 0 0 1 0 8 17 1.5000 1.5000 1 2 8 0.2500 25 12 0.1157 0.0556 1 1 17 4 0.6800 0.3333 1 0 0 0 1 0 1 0 1 0 0 0 2 0 4 4 6 5 2 2 4 6 10 

0 25 1 32 8 216 214 2 2 1 0 1 0 0 15 18 9 9 1 2 10 0.3125 12 12 0.0556 0.0556 1 1 2 2 0.1667 0.1667 1 0 0 0 1 0 1 0 1 0 0 0 2 1 3 3 8 5 3 4 5 4 5 
1 25 2 32 8 216 214 2 2 1 0 0 1 0 8 18 1.5000 1.5000 1 2 8 0.2500 25 12 0.1157 0.0556 1 1 17 4 0.6800 0.3333 1 0 0 0 1 0 1 0 1 0 0 0 2 0 4 4 6 5 2 2 4 6 10 

0 26 1 32 9 217 215 2 2 1 0 1 0 0 21 15 9 9 2 1 11 0.3438 13 13 0.0599 0.0599 1 1 2 2 0.1538 0.1538 1 0 0 0 1 0 1 0 1 0 0 0 2 0 5 2 4 8 3 4 5 4 5 
1 26 2 32 9 217 215 2 2 0 1 0 1 0 21 11 0 4.5000 2 1 9 0.2812 13 25 0.0599 0.1152 1 1 4 16 0.3077 0.6400 1 0 0 0 0 0 1 0 0 0 0 0 1 1 1 2 2 4 1 2 3 6 8 

0 27 1 32 9 216 214 2 2 1 0 1 0 0 11 11 4 4 2 1 21 0.6562 25 8 0.1157 0.0370 1 0 4 -13.0000 0.1600 -1.6250 1 0 0 0 0 0 1 0 0 0 0 0 2 2 4 3 6 4 3 5 8 12 16 
1 27 2 32 9 216 214 2 2 1 0 0 1 0 11 21 7.5000 7.5000 2 1 9 0.2812 25 12 0.1157 0.0556 1 1 16 3 0.6400 0.2500 1 0 0 0 0 0 1 0 0 0 0 0 2 1 4 5 5 5 2 3 4 6 6 

0 28 1 32 11 217 216 1 2 1 0 1 0 0 22 15 9 9 2 1 11 0.3438 13 13 0.0599 0.0599 1 1 2 2 0.1538 0.1538 1 0 0 0 1 0 1 0 1 0 0 0 2 0 5 2 9 3 3 4 5 4 5 
1 28 2 32 11 217 216 1 2 1 0 0 1 0 22 13 5 5 2 1 9 0.2812 13 26 0.0599 0.1198 1 1 4 17 0.3077 0.6538 1 0 0 0 1 0 1 0 1 0 0 0 2 1 5 1 9 3 2 2 4 6 10 

0 29 1 32 11 216 215 1 2 1 0 1 0 0 13 12 5 5 2 1 22 0.6875 26 8 0.1204 0.0370 1 0 4 -14.0000 0.1538 -1.7500 1 0 0 0 0 0 1 0 0 0 0 0 2 2 4 3 6 4 3 5 8 12 16 
1 29 3 32 11 216 215 1 2 1 0 0 1 0 13 22 8 8 2 1 9 0.2812 26 12 0.1204 0.0556 1 1 17 3 0.6538 0.2500 1 0 0 0 0 0 1 0 0 0 0 0 2 1 4 6 4 6 2 3 4 6 6 

0 30 1 32 14 217 216 1 2 1 0 1 0 0 16 13 6 6 2 1 23 0.7188 27 8 0.1244 0.0369 1 0 4 -15.0000 0.1481 -1.8750 1 0 0 0 0 0 1 0 0 0 0 0 2 2 4 3 6 4 3 5 8 12 16 
1 30 3 32 14 217 216 1 2 1 0 0 1 0 16 23 9 9 2 1 10 0.3125 27 12 0.1244 0.0553 1 1 17 2 0.6296 0.1667 1 0 0 0 0 0 1 0 0 0 0 0 2 3 4 3 5 5 3 4 5 4 5 

0 31 1 32 9 217 215 2 2 1 0 1 0 0 16 24 9.5000 9.5000 1 2 11 0.3438 13 13 0.0599 0.0599 1 1 2 2 0.1538 0.1538 1 0 0 0 0 1 1 0 1 0 0 0 2 1 3 4 2 10 3 4 5 4 5 
1 31 2 32 9 217 215 2 2 1 0 0 0 1 24 16 5 5 2 1 8 0.2500 13 25 0.0599 0.1152 1 1 5 17 0.3846 0.6800 1 0 0 0 0 1 1 0 1 0 0 0 2 0 4 3 6 6 2 2 4 6 10 

0 32 1 32 16 216 216 0 2 1 0 0 1 0 18 14 7 7 2 1 24 0.7500 28 7 0.1296 0.0324 1 0 4 -17.0000 0.1429 -2.4286 1 0 0 0 0 0 1 0 0 0 0 0 2 2 4 3 6 4 3 5 8 12 16 
1 32 2 32 16 216 216 0 2 1 0 0 1 0 18 24 9.5000 9.5000 2 1 10 0.3125 28 12 0.1296 0.0556 1 1 18 2 0.6429 0.1667 1 0 0 0 0 0 1 0 0 0 0 0 2 3 4 3 5 5 3 4 5 4 5 

0 33 1 32 9 217 215 2 2 1 0 1 0 0 24 16 9.5000 9.5000 2 1 11 0.3438 13 13 0.0599 0.0599 1 1 2 2 0.1538 0.1538 1 0 0 0 1 0 1 0 1 0 0 0 2 0 5 2 4 8 3 4 5 4 5 
1 33 2 32 9 217 215 2 2 0 1 0 1 0 24 19 0 5 2 1 9 0.2812 13 25 0.0599 0.1152 1 1 4 16 0.3077 0.6400 1 0 0 0 0 0 1 0 0 0 0 0 1 1 1 2 2 4 1 2 3 6 8 

0 34 1 32 8 217 215 2 2 1 0 1 0 0 24 16 9.5000 9.5000 2 1 11 0.3438 13 13 0.0599 0.0599 1 1 2 2 0.1538 0.1538 1 0 0 0 1 0 1 0 1 0 0 0 2 0 5 2 4 8 3 4 5 4 5 
1 34 2 32 8 217 215 2 2 0 1 0 1 0 24 19 0 5 2 1 9 0.2812 13 25 0.0599 0.1152 1 1 4 16 0.3077 0.6400 1 0 0 0 0 0 1 0 0 0 0 0 1 1 1 2 2 5 1 2 3 6 8 

0 35 1 32 9 216 214 2 2 1 0 1 0 0 19 15 8 8 2 1 21 0.6562 25 6 0.1157 0.0278 1 0 4 -15.0000 0.1600 -2.5000 1 0 0 0 0 0 1 0 0 0 0 0 2 2 4 3 6 4 3 5 8 12 16 
1 35 2 32 9 216 214 2 2 1 0 0 1 0 19 24 9.5000 9.5000 2 1 9 0.2812 25 12 0.1157 0.0556 1 1 16 3 0.6400 0.2500 1 0 0 0 0 0 1 0 0 0 0 0 2 1 4 5 5 5 2 3 4 6 6 

0 36 1 32 11 217 216 1 2 1 0 1 0 0 25 16 9.5000 9.5000 2 1 11 0.3438 13 13 0.0599 0.0599 1 1 2 2 0.1538 0.1538 1 0 0 0 1 0 1 0 1 0 0 0 2 0 5 2 9 3 3 4 5 4 5 
1 36 2 32 11 217 216 1 2 1 0 0 1 0 25 21 5.5000 5.5000 2 1 9 0.2812 13 26 0.0599 0.1198 1 1 4 17 0.3077 0.6538 1 0 0 0 1 0 1 0 1 0 0 0 2 1 5 1 9 3 2 2 4 6 10 

0 37 1 32 11 216 215 1 2 1 0 1 0 0 21 16 9 9 2 1 22 0.6875 26 6 0.1204 0.0278 1 0 4 -16.0000 0.1538 -2.6667 1 0 0 0 0 0 1 0 0 0 0 0 2 2 4 3 6 4 3 5 8 12 16 
1 37 3 32 11 216 215 1 2 1 0 0 1 0 21 25 10 10 2 1 9 0.2812 26 12 0.1204 0.0556 1 1 17 3 0.6538 0.2500 1 0 0 0 0 0 1 0 0 0 0 0 2 1 4 6 4 6 2 3 4 6 6 

0 38 1 32 14 217 216 1 2 1 0 1 0 0 24 17 10 10 2 1 23 0.7188 27 6 0.1244 0.0276 1 0 4 -17.0000 0.1481 -2.8333 1 0 0 0 0 0 1 0 0 0 0 0 2 2 4 3 6 4 3 5 8 12 16 
1 38 3 32 14 217 216 1 2 1 0 0 1 0 24 26 9.5000 9.5000 2 1 10 0.3125 27 12 0.1244 0.0553 1 1 17 2 0.6296 0.1667 1 0 0 0 0 0 1 0 0 0 0 0 2 3 4 3 5 5 3 4 5 4 5 

0 39 1 32 9 217 215 2 2 1 0 1 0 0 18 28 10 10 1 2 11 0.3438 13 13 0.0599 0.0599 1 1 2 2 0.1538 0.1538 1 0 0 0 0 1 1 0 1 0 0 0 2 1 3 4 2 10 3 4 5 4 5 
1 39 2 32 9 217 215 2 2 1 0 0 0 1 28 24 5.5000 5.5000 2 1 8 0.2500 13 25 0.0599 0.1152 1 1 5 17 0.3846 0.6800 1 0 0 0 0 1 1 0 1 0 0 0 2 0 4 3 6 6 2 2 4 6 10 

0 40 1 32 8 216 214 2 2 1 0 1 0 0 24 17 10 10 2 1 21 0.6562 25 7 0.1157 0.0324 1 0 4 -14.0000 0.1600 -2.0000 1 0 0 0 0 0 1 0 0 0 0 0 2 2 4 3 6 4 3 5 8 12 16 
1 40 2 32 8 216 214 2 2 1 0 0 1 0 24 29 12.5000 12.5000 2 1 9 0.2812 25 12 0.1157 0.0556 1 1 16 3 0.6400 0.2500 1 0 0 0 0 0 1 0 0 0 0 0 2 1 4 5 5 5 2 3 4 6 6 

0 41 1 32 10 217 216 1 2 1 0 1 0 0 30 19 11 11 2 1 11 0.3438 13 13 0.0599 0.0599 1 1 2 2 0.1538 0.1538 1 0 0 0 1 0 1 0 1 0 0 0 2 0 5 2 9 3 3 4 5 4 5 
1 41 2 32 10 217 216 1 2 1 0 0 1 0 30 26 6 6 2 1 9 0.2812 13 26 0.0599 0.1198 1 1 4 17 0.3077 0.6538 1 0 0 0 1 0 1 0 1 0 0 0 2 1 5 1 9 3 2 2 4 6 10 

0 42 1 32 10 216 215 1 2 1 0 1 0 0 26 18 11 11 2 1 22 0.6875 26 7 0.1204 0.0324 1 0 4 -15.0000 0.1538 -2.1429 1 0 0 0 0 0 1 0 0 0 0 0 2 2 4 3 6 4 3 5 8 12 16 
1 42 3 32 10 216 215 1 2 1 0 0 1 0 26 30 13 13 2 1 9 0.2812 26 12 0.1204 0.0556 1 1 17 3 0.6538 0.2500 1 0 0 0 0 0 1 0 0 0 0 0 2 1 4 6 4 6 2 3 4 6 6 

0 43 1 32 13 217 216 1 2 1 0 1 0 0 29 19 12 12 2 1 23 0.7188 27 7 0.1244 0.0323 1 0 4 -16.0000 0.1481 -2.2857 1 0 0 0 0 0 1 0 0 0 0 0 2 2 4 3 6 4 3 5 8 12 16 
1 43 3 32 13 217 216 1 2 1 0 0 1 0 29 31 11 11 2 1 10 0.3125 27 12 0.1244 0.0553 1 1 17 2 0.6296 0.1667 1 0 0 0 0 0 1 0 0 0 0 0 2 3 4 3 5 5 3 4 5 4 5 

0 44 1 32 8 217 215 2 2 1 0 1 0 0 21 33 11.5000 11.5000 1 2 11 0.3438 13 13 0.0599 0.0599 1 1 2 2 0.1538 0.1538 1 0 0 0 0 1 1 0 1 0 0 0 2 1 3 4 2 10 3 4 5 4 5 
1 44 2 32 8 217 215 2 2 1 0 0 0 1 33 29 6 6 2 1 8 0.2500 13 25 0.0599 0.1152 1 1 5 17 0.3846 0.6800 1 0 0 0 0 1 1 0 1 0 0 0 2 0 4 3 6 6 2 2 4 6 10 

0 45 1 32 13 217 216 1 2 1 0 1 0 0 35 23 13.5000 13.5000 2 1 11 0.3438 13 13 0.0599 0.0599 1 1 2 2 0.1538 0.1538 1 0 1 0 0 0 1 1 0 0 0 0 2 0 5 6 4 5 3 4 5 4 5 
1 45 2 32 13 217 216 1 2 0 1 0 1 0 35 29 6 15.5000 2 1 10 0.3125 13 27 0.0599 0.1244 1 1 3 17 0.2308 0.6296 1 0 0 0 0 0 1 0 0 0 0 0 1 0 1 2 1 3 1 1 2 3 6 

0 46 1 32 8 217 215 2 2 1 0 1 0 0 24 36 14 14 1 2 11 0.3438 13 13 0.0599 0.0599 1 1 2 2 0.1538 0.1538 1 0 0 0 0 1 1 0 1 0 0 0 2 1 3 4 2 10 3 4 5 4 5 
1 46 2 32 8 217 215 2 2 1 0 0 0 1 36 29 6 6 2 1 8 0.2500 13 25 0.0599 0.1152 1 1 5 17 0.3846 0.6800 1 0 0 0 0 1 1 0 1 0 0 0 2 0 4 3 6 6 2 2 4 6 10 

0 47 1 32 9 217 215 2 2 1 0 1 0 0 29 41 18.5000 18.5000 1 2 11 0.3438 13 13 0.0599 0.0599 1 1 2 2 0.1538 0.1538 1 0 0 0 0 1 1 0 1 0 0 0 2 1 3 4 2 10 3 4 5 4 5 
1 47 2 32 9 217 215 2 2 1 0 0 0 1 41 29 6 6 2 1 8 0.2500 13 25 0.0599 0.1152 1 1 5 17 0.3846 0.6800 1 0 0 0 0 1 1 0 1 0 0 0 2 0 4 3 6 6 2 2 4 6 10 

0 48 1 32 9 217 215 2 2 1 0 1 0 0 31 43 19 19 1 2 11 0.3438 13 13 0.0599 0.0599 1 1 2 2 0.1538 0.1538 1 0 0 0 0 1 1 0 1 0 0 0 2 1 3 4 2 10 3 4 5 4 5 
1 48 2 32 9 217 215 2 2 1 0 0 0 1 43 29 6 6 2 1 8 0.2500 13 25 0.0599 0.1152 1 1 5 17 0.3846 0.6800 1 0 0 0 0 1 1 0 1 0 0 0 2 0 4 3 6 6 2 2 4 6 10 

0 49 1 32 7 217 215 2 2 1 0 1 0 0 33 45 20.5000 20.5000 1 2 10 0.3125 12 12 0.0553 0.0553 1 1 2 2 0.1667 0.1667 1 0 0 0 1 0 1 0 1 0 0 0 2 1 3 3 8 5 3 4 5 4 5 
1 49 2 32 7 217 215 2 2 1 0 0 1 0 29 45 6 6 1 2 8 0.2500 25 12 0.1152 0.0553 1 1 17 4 0.6800 0.3333 1 0 0 0 1 0 1 0 1 0 0 0 2 0 4 4 6 5 2 2 4 6 10 

0 50 1 32 7 217 215 2 2 1 0 1 0 0 34 46 21 21 1 2 10 0.3125 12 12 0.0553 0.0553 1 1 2 2 0.1667 0.1667 1 0 0 0 1 0 1 0 1 0 0 0 2 1 3 3 8 5 3 4 5 4 5 
1 50 2 32 7 217 215 2 2 1 0 0 1 0 29 46 6 6 1 2 8 0.2500 25 12 0.1152 0.0553 1 1 17 4 0.6800 0.3333 1 0 0 0 1 0 1 0 1 0 0 0 2 0 4 4 6 5 2 2 4 6 10 

1 51 4 32 4 216 213 3 4 1 0 1 0 0 20 8 6 6 1 1 2 0.0625 6 8 0.0278 0.0370 1 1 4 6 0.6667 0.7500 1 0 0 0 0 0 1 0 0 0 0 0 2 0 4 0 4 0 4 7 8 9 11 
1 51 4 32 4 216 213 3 4 0 1 1 0 0 46 34 19 21 2 1 10 0.3125 12 11 0.0556 0.0509 1 1 2 1 0.1667 0.0909 1 0 0 1 0 0 1 1 0 0 0 1 1 1 1 5 3 2 1 1 1 2 3 
1 51 4 32 4 216 213 3 4 1 0 0 1 0 29 46 6 6 1 2 8 0.2500 25 12 0.1157 0.0556 1 1 17 4 0.6800 0.3333 1 0 0 1 0 1 1 1 0 0 1 0 2 0 4 5 5 6 2 2 4 6 10 
0 51 3 32 4 216 213 3 4 1 0 0 1 0 2 0 0 0 1 1 7 0.2188 10 33 0.0463 0.1528 1 1 3 26 0.3000 0.7879 1 0 0 0 0 1 1 0 0 0 1 1 2 1 3 6 4 15 4 7 9 8 12 

1 52 3 32 6 217 214 3 3 0 1 1 0 0 46 34 19 21 2 1 10 0.3125 12 11 0.0553 0.0507 1 1 2 1 0.1667 0.0909 1 0 0 1 0 0 1 1 0 0 0 0 1 1 1 5 2 2 1 1 1 2 3 
0 52 2 32 6 217 214 3 3 0 1 1 0 0 9 21 1 7 1 1 3 0.0938 9 6 0.0415 0.0276 1 1 6 3 0.6667 0.5000 1 0 0 0 0 0 1 0 0 0 0 0 1 0 1 0 1 6 2 4 6 7 11 
1 52 3 32 6 217 214 3 3 1 0 0 1 0 29 46 6 6 1 2 8 0.2500 25 12 0.1152 0.0553 1 1 17 4 0.6800 0.3333 1 0 0 1 0 0 1 1 0 0 0 0 2 0 4 3 5 7 2 2 4 6 10 

1 53 3 32 6 216 214 2 3 0 1 1 0 0 46 34 19 21 2 1 10 0.3125 12 11 0.0556 0.0509 1 1 2 1 0.1667 0.0909 1 0 0 1 0 0 1 1 0 0 0 0 1 1 1 5 2 2 1 1 1 2 3 
1 53 3 32 6 216 214 2 3 1 0 0 1 0 29 46 6 6 1 2 8 0.2500 25 12 0.1157 0.0556 1 1 17 4 0.6800 0.3333 1 0 0 1 0 0 1 1 0 0 0 0 2 0 4 3 5 7 2 2 4 6 10 
0 53 2 32 6 216 214 2 3 0 1 0 1 0 21 9 1 7 1 1 3 0.0938 7 8 0.0324 0.0370 1 1 4 5 0.5714 0.6250 1 0 0 0 0 0 1 0 0 0 0 0 1 0 1 0 1 0 2 4 4 5 9 

0 54 1 32 8 217 215 2 2 1 0 1 0 0 35 47 21.5000 21.5000 1 2 10 0.3125 12 12 0.0553 0.0553 1 1 2 2 0.1667 0.1667 1 0 0 0 1 0 1 0 1 0 0 0 2 1 3 3 8 4 3 4 5 4 5 
1 54 2 32 8 217 215 2 2 1 0 0 1 0 29 47 6 6 1 2 8 0.2500 25 12 0.1152 0.0553 1 1 17 4 0.6800 0.3333 1 0 0 0 1 0 1 0 1 0 0 0 2 0 4 2 6 7 2 2 4 6 10 

0 55 1 32 10 218 216 2 2 1 0 1 0 0 57 35 21.5000 21.5000 2 1 11 0.3438 13 13 0.0596 0.0596 1 1 2 2 0.1538 0.1538 1 0 0 0 1 0 1 0 1 0 0 0 2 0 5 2 4 8 3 4 5 4 5 
1 55 2 32 10 218 216 2 2 0 1 0 1 0 57 39 1.5000 14.5000 2 1 9 0.2812 13 25 0.0596 0.1147 1 1 4 16 0.3077 0.6400 1 0 0 0 0 0 1 0 0 0 0 0 1 1 1 2 2 4 1 2 3 6 8 

0 56 1 32 10 217 215 2 2 1 0 1 0 0 39 22 12 12 2 1 21 0.6562 25 7 0.1152 0.0323 1 0 4 -14.0000 0.1600 -2.0000 1 0 0 0 0 0 1 0 0 0 0 0 2 2 4 3 6 4 3 5 8 12 16 
1 56 2 32 10 217 215 2 2 1 0 0 1 0 39 57 19.5000 19.5000 2 1 9 0.2812 25 12 0.1152 0.0553 1 1 16 3 0.6400 0.2500 1 0 0 0 0 0 1 0 0 0 0 0 2 1 4 5 5 5 2 3 4 6 6 

0 57 1 32 12 218 217 1 2 1 0 1 0 0 58 35 21.5000 21.5000 2 1 11 0.3438 13 13 0.0596 0.0596 1 1 2 2 0.1538 0.1538 1 0 0 0 1 0 1 0 1 0 0 0 2 0 5 2 9 3 3 4 5 4 5 
1 57 2 32 12 218 217 1 2 1 0 0 1 0 58 41 15 15 2 1 9 0.2812 13 26 0.0596 0.1193 1 1 4 17 0.3077 0.6538 1 0 0 0 1 0 1 0 1 0 0 0 2 1 5 1 9 3 2 2 4 6 10 

0 58 1 32 12 217 216 1 2 1 0 1 0 0 41 23 13 13 2 1 22 0.6875 26 7 0.1198 0.0323 1 0 4 -15.0000 0.1538 -2.1429 1 0 0 0 0 0 1 0 0 0 0 0 2 2 4 3 6 4 3 5 8 12 16 
1 58 3 32 12 217 216 1 2 1 0 0 1 0 41 58 20 20 2 1 9 0.2812 26 12 0.1198 0.0553 1 1 17 3 0.6538 0.2500 1 0 0 0 0 0 1 0 0 0 0 0 2 1 4 6 4 6 2 3 4 6 6 

0 59 1 32 15 218 217 1 2 1 0 1 0 0 44 24 14 14 2 1 23 0.7188 27 7 0.1239 0.0321 1 0 4 -16.0000 0.1481 -2.2857 1 0 0 0 0 0 1 0 0 0 0 0 2 2 4 3 6 4 3 5 8 12 16 
1 59 3 32 15 218 217 1 2 1 0 0 1 0 44 59 21.5000 21.5000 2 1 10 0.3125 27 12 0.1239 0.0550 1 1 17 2 0.6296 0.1667 1 0 0 0 0 0 1 0 0 0 0 0 2 3 4 3 5 5 3 4 5 4 5 

0 60 1 32 13 217 216 1 2 1 0 1 0 0 44 24 14 14 2 1 22 0.6875 26 7 0.1198 0.0323 1 0 4 -15.0000 0.1538 -2.1429 1 0 0 0 0 0 1 0 0 0 0 0 2 2 4 3 6 4 3 5 8 12 16 
1 60 2 32 13 217 216 1 2 1 0 0 1 0 44 59 21 21 2 1 10 0.3125 26 13 0.1198 0.0599 1 1 16 3 0.6154 0.2308 1 0 0 0 0 0 1 0 0 0 0 0 2 1 5 5 6 4 2 3 4 6 6 

0 61 1 32 16 218 217 1 2 1 0 1 0 0 47 25 15 15 2 1 23 0.7188 27 7 0.1239 0.0321 1 0 4 -16.0000 0.1481 -2.2857 1 0 0 0 0 0 1 0 0 0 0 0 2 2 4 3 6 4 3 5 8 12 16 
1 61 2 32 16 218 217 1 2 0 1 0 1 0 47 60 21.5000 21.5000 2 1 11 0.3438 27 13 0.1239 0.0596 1 1 16 2 0.5926 0.1538 1 0 0 0 0 0 1 0 0 0 0 0 1 2 3 1 2 1 2 3 4 3 3 

0 62 1 32 10 218 216 2 2 1 0 1 0 0 60 35 21.5000 21.5000 2 1 11 0.3438 13 13 0.0596 0.0596 1 1 2 2 0.1538 0.1538 1 0 0 0 1 0 1 0 1 0 0 0 2 0 5 2 4 8 3 4 5 4 5 
1 62 2 32 10 218 216 2 2 0 1 0 1 0 60 47 1.5000 15.5000 2 1 9 0.2812 13 25 0.0596 0.1147 1 1 4 16 0.3077 0.6400 1 0 0 0 0 0 1 0 0 0 0 0 1 1 1 2 2 4 1 2 3 6 8 

0 63 1 32 12 217 215 2 2 1 0 1 0 0 47 25 15 15 2 1 21 0.6562 25 7 0.1152 0.0323 1 0 4 -14.0000 0.1600 -2.0000 1 0 0 0 0 0 1 0 0 0 0 0 2 2 4 3 6 4 3 5 8 12 16 
1 63 2 32 12 217 215 2 2 0 1 0 1 0 47 60 21.5000 15.5000 2 1 10 0.3125 25 13 0.1152 0.0599 1 1 15 3 0.6000 0.2308 1 0 0 0 0 0 1 0 0 0 0 0 1 1 1 4 2 3 1 2 3 4 3 

0 64 1 32 14 218 217 1 2 1 0 1 0 0 61 35 21.5000 21.5000 2 1 12 0.3750 14 14 0.0642 0.0642 1 1 2 2 0.1429 0.1429 1 0 0 0 1 0 1 0 1 0 0 0 2 0 5 2 4 8 3 4 5 4 5 
1 64 2 32 14 218 217 1 2 0 1 0 1 0 61 49 1.5000 16.5000 2 1 10 0.3125 14 26 0.0642 0.1193 1 1 4 16 0.2857 0.6154 1 0 0 0 0 0 1 0 0 0 0 0 1 0 3 0 4 3 1 2 3 6 8 

0 65 1 32 14 217 216 1 2 1 0 1 0 0 49 26 16 16 2 1 22 0.6875 26 7 0.1198 0.0323 1 0 4 -15.0000 0.1538 -2.1429 1 0 0 0 0 0 1 0 0 0 0 0 2 2 4 3 6 4 3 5 8 12 16 
1 65 2 32 14 217 216 1 2 0 1 0 1 0 49 61 21.5000 16.5000 2 1 10 0.3125 26 13 0.1198 0.0599 1 1 16 3 0.6154 0.2308 1 0 0 0 0 0 1 0 0 0 0 0 1 1 1 4 2 3 1 2 3 4 3 

0 66 1 32 17 218 217 1 2 1 0 1 0 0 52 27 17 17 2 1 23 0.7188 27 7 0.1239 0.0321 1 0 4 -16.0000 0.1481 -2.2857 1 0 0 0 0 0 1 0 0 0 0 0 2 2 4 3 6 4 3 5 8 12 16 
1 66 3 32 17 218 217 1 2 1 0 0 1 0 52 62 22 22 2 1 10 0.3125 27 13 0.1239 0.0596 1 1 17 3 0.6296 0.2308 1 0 0 0 0 0 1 0 0 0 0 0 2 1 4 5 6 4 2 3 4 6 6 

0 67 1 32 12 217 215 2 2 1 0 1 0 0 52 27 17 17 2 1 21 0.6562 25 7 0.1152 0.0323 1 0 4 -14.0000 0.1600 -2.0000 1 0 0 0 0 0 1 0 0 0 0 0 2 2 4 3 6 4 3 5 8 12 16 
1 67 2 32 12 217 215 2 2 0 1 0 1 0 52 62 22 17 2 1 10 0.3125 25 13 0.1152 0.0599 1 1 15 3 0.6000 0.2308 1 0 0 0 0 0 1 0 0 0 0 0 1 1 1 4 2 3 1 2 3 4 3 

0 68 1 32 14 218 217 1 2 1 0 1 0 0 63 35 21.5000 21.5000 2 1 12 0.3750 14 14 0.0642 0.0642 1 1 2 2 0.1429 0.1429 1 0 0 0 1 0 1 0 1 0 0 0 2 0 5 2 4 8 3 4 5 4 5 
1 68 2 32 14 218 217 1 2 0 1 0 1 0 63 54 1.5000 18 2 1 10 0.3125 14 26 0.0642 0.1193 1 1 4 16 0.2857 0.6154 1 0 0 0 0 0 1 0 0 0 0 0 1 0 3 0 4 3 1 2 3 6 8 

0 69 1 32 14 217 216 1 2 1 0 1 0 0 54 28 18 18 2 1 22 0.6875 26 7 0.1198 0.0323 1 0 4 -15.0000 0.1538 -2.1429 1 0 0 0 0 0 1 0 0 0 0 0 2 2 4 3 6 4 3 5 8 12 16 
1 69 2 32 14 217 216 1 2 0 1 0 1 0 54 63 22 18 2 1 10 0.3125 26 13 0.1198 0.0599 1 1 16 3 0.6154 0.2308 1 0 0 0 0 0 1 0 0 0 0 0 1 1 1 4 2 3 1 2 3 4 3 

0 70 1 32 17 218 217 1 2 1 0 1 0 0 57 29 19 19 2 1 23 0.7188 27 7 0.1239 0.0321 1 0 4 -16.0000 0.1481 -2.2857 1 0 0 0 0 0 1 0 0 0 0 0 2 2 4 3 6 4 3 5 8 12 16 
1 70 3 32 17 218 217 1 2 1 0 0 1 0 57 64 22.5000 22.5000 2 1 10 0.3125 27 13 0.1239 0.0596 1 1 17 3 0.6296 0.2308 1 0 0 0 0 0 1 0 0 0 0 0 2 1 4 5 6 4 2 3 4 6 6 

0 71 1 32 8 218 216 2 2 1 0 1 0 0 36 65 22 22 1 2 11 0.3438 13 13 0.0596 0.0596 1 1 2 2 0.1538 0.1538 1 0 0 0 0 1 1 0 1 0 0 0 2 1 3 4 2 10 3 4 5 4 5 
1 71 2 32 8 218 216 2 2 1 0 0 0 1 65 57 18.5000 18.5000 2 1 8 0.2500 13 25 0.0596 0.1147 1 1 5 17 0.3846 0.6800 1 0 0 0 0 1 1 0 1 0 0 0 2 0 4 3 6 6 2 2 4 6 10 

0 72 1 32 8 218 216 2 2 1 0 1 0 0 65 36 22 22 2 1 11 0.3438 13 13 0.0596 0.0596 1 1 2 2 0.1538 0.1538 1 0 0 0 1 0 1 0 1 0 0 0 2 0 5 2 4 8 3 4 5 4 5 
1 72 2 32 8 218 216 2 2 0 1 0 1 0 65 57 1.5000 18.5000 2 1 9 0.2812 13 25 0.0596 0.1147 1 1 4 16 0.3077 0.6400 1 0 0 0 0 0 1 0 0 0 0 0 1 1 1 2 2 5 1 2 3 6 8 

0 73 1 32 11 217 215 2 2 1 0 1 0 0 57 29 19 19 2 1 21 0.6562 25 7 0.1152 0.0323 1 0 4 -14.0000 0.1600 -2.0000 1 0 0 0 0 0 1 0 0 0 0 0 2 2 4 3 6 4 3 5 8 12 16 
1 73 2 32 11 217 215 2 2 1 0 0 0 1 57 66 23 23 2 1 9 0.2812 25 13 0.1152 0.0599 1 1 16 4 0.6400 0.3077 1 0 0 0 0 0 1 0 0 0 0 0 2 1 5 2 7 4 2 3 4 6 6 

0 74 1 32 14 217 216 1 2 1 0 1 0 0 60 30 20 20 2 1 22 0.6875 26 7 0.1198 0.0323 1 0 4 -15.0000 0.1538 -2.1429 1 0 0 0 0 0 1 0 0 0 0 0 2 2 4 3 6 4 3 5 8 12 16 
1 74 2 32 14 217 216 1 2 0 1 0 1 0 60 68 23.5000 20 2 1 10 0.3125 26 13 0.1198 0.0599 1 1 16 3 0.6154 0.2308 1 0 0 0 0 0 1 0 0 0 0 0 1 1 1 4 2 3 1 2 3 4 3 

0 75 1 32 17 218 217 1 2 1 0 1 0 0 63 31 21 21 2 1 23 0.7188 27 7 0.1239 0.0321 1 0 4 -16.0000 0.1481 -2.2857 1 0 0 0 0 0 1 0 0 0 0 0 2 2 4 3 6 4 3 5 8 12 16 
1 75 3 32 17 218 217 1 2 1 0 0 1 0 63 69 24 24 2 1 10 0.3125 27 13 0.1239 0.0596 1 1 17 3 0.6296 0.2308 1 0 0 0 0 0 1 0 0 0 0 0 2 1 4 5 6 4 2 3 4 6 6 

0 76 1 32 14 218 217 1 2 1 0 1 0 0 69 37 23 23 2 1 12 0.3750 14 14 0.0642 0.0642 1 1 2 2 0.1429 0.1429 1 0 0 0 1 0 1 0 1 0 0 0 2 0 5 2 4 8 3 4 5 4 5 
1 76 2 32 14 218 217 1 2 0 1 0 1 0 69 63 1.5000 20.5000 2 1 10 0.3125 14 26 0.0642 0.1193 1 1 4 16 0.2857 0.6154 1 0 0 0 0 0 1 0 0 0 0 0 1 0 3 0 4 3 1 2 3 6 8 

0 77 1 32 10 218 216 2 2 1 0 1 0 0 39 71 23.5000 23.5000 1 2 11 0.3438 13 13 0.0596 0.0596 1 1 2 2 0.1538 0.1538 1 0 0 0 0 1 1 0 1 0 0 0 2 1 3 4 2 10 3 4 5 4 5 
1 77 2 32 10 218 216 2 2 1 0 0 0 1 71 63 20.5000 20.5000 2 1 8 0.2500 13 25 0.0596 0.1147 1 1 5 17 0.3846 0.6800 1 0 0 0 0 1 1 0 1 0 0 0 2 0 4 3 6 6 2 2 4 6 10 

0 78 1 32 8 218 216 2 2 1 0 1 0 0 40 72 24 24 1 2 11 0.3438 13 13 0.0596 0.0596 1 1 2 2 0.1538 0.1538 1 0 0 0 0 1 1 0 1 0 0 0 2 1 3 4 2 10 3 4 5 4 5 
1 78 2 32 8 218 216 2 2 1 0 0 0 1 72 63 20.5000 20.5000 2 1 8 0.2500 13 25 0.0596 0.1147 1 1 5 17 0.3846 0.6800 1 0 0 0 0 1 1 0 1 0 0 0 2 0 4 3 6 6 2 2 4 6 10 

