0 1 10085 0 1 1 0 0 0 0 0 0 0 0 1 1 2 46 0.1498 97 93 190 4 1.0430 0 0 1 1 0.0096 0.0092 1 1 51 47 0.5258 0.5054 1 0 0 0 0 0 1 1 0 0 0 0 1 0 1 0 1 0 2 4 6 9 13 
0 1 10085 1 0 1 0 0 0 1 1 0 0 0 1 2 3 63 0.2052 103 85 188 18 1.2118 0 0 1 1 0.0102 0.0084 1 1 40 22 0.3883 0.2588 1 0 0 0 0 0 1 1 0 0 0 0 2 0 4 0 4 0 3 5 8 11 13 
0 1 10085 1 0 1 0 0 0 0 0 0 0 0 3 1 4 131 0.4267 294 204 498 90 1.4412 0 0 1 1 0.0292 0.0202 1 1 163 73 0.5544 0.3578 1 0 0 0 0 0 1 0 0 0 0 0 2 0 4 0 4 0 3 6 8 11 14 
0 1 10085 0 1 1 0 0 0 0 0 0 0 0 1 2 3 69 0.2248 200 188 388 12 1.0638 0 0 1 1 0.0198 0.0186 1 1 131 119 0.6550 0.6330 1 0 0 0 0 0 1 0 0 0 1 0 1 0 1 0 1 1 3 5 7 11 14 
0 1 10085 0 1 1 0 0 0 0 0 0 0 0 1 2 3 31 0.1010 65 56 121 9 1.1607 0 0 1 1 0.0064 0.0056 1 1 34 25 0.5231 0.4464 1 0 0 0 0 0 1 0 0 0 0 0 1 0 1 4 1 2 3 5 8 11 14 
0 1 10085 0 1 1 0 0 0 0 0 0 0 0 2 1 3 67 0.2182 188 194 382 6 1.0319 0 0 1 1 0.0186 0.0192 1 1 121 127 0.6436 0.6546 1 0 0 0 0 0 1 0 0 0 1 0 1 0 4 0 2 1 3 6 9 13 15 
0 1 10085 0 1 1 0 0 0 0 0 0 0 0 2 1 3 25 0.0814 56 43 99 13 1.3023 0 0 1 1 0.0056 0.0043 1 1 31 18 0.5536 0.4186 1 0 0 0 0 0 1 0 0 0 0 0 1 0 2 0 5 1 3 5 7 11 14 
0 1 10085 1 0 1 0 0 0 0 0 0 0 0 1 2 3 39 0.1270 120 68 188 52 1.7647 0 0 1 1 0.0119 0.0067 1 1 81 29 0.6750 0.4265 1 0 0 0 0 0 1 0 0 0 0 0 2 0 4 0 4 3 4 6 9 12 13 
0 1 10085 1 0 1 0 0 0 0 0 0 0 0 2 2 4 33 0.1075 68 111 179 43 1.6324 0 0 1 1 0.0067 0.0110 1 1 35 78 0.5147 0.7027 1 0 0 0 0 0 1 0 0 0 0 0 2 0 4 0 4 0 3 6 8 12 14 
1 1 10086 1 0 1 0 0 1 1 2 1 1 2 1 2 3 128 0.4169 139 85 224 54 1.6353 1 0 1.0072 1 0.0138 0.0084 1 0 11 -43.0000 0.0791 -0.5059 1 0 0 0 0 0 1 0 0 0 0 0 2 2 4 2 4 2 3 6 9 12 15 
0 1 10085 1 0 0 1 0 0 0 0 0 0 0 1 8 9 51 0.1661 113 33 146 80 3.4242 0 0 1 1 0.0112 0.0033 1 0 62 -18.0000 0.5487 -0.5455 1 0 0 0 0 0 7 0 0 0 0 0 2 2 4 2 4 2 4 5 8 9 12 
0 1 10085 1 0 0 1 0 0 0 0 0 0 0 1 8 9 146 0.4756 230 33 263 197 6.9697 0 0 1 1 0.0228 0.0033 1 0 84 -113.0000 0.3652 -3.4242 1 0 0 0 0 0 7 0 0 0 0 0 2 2 4 2 4 2 4 5 8 9 12 
0 1 10085 1 0 0 1 0 0 0 0 0 0 0 1 8 9 128 0.4169 192 33 225 159 5.8182 0 0 1 1 0.0190 0.0033 1 0 64 -95.0000 0.3333 -2.8788 1 0 0 0 0 0 7 0 0 0 0 0 2 2 4 2 4 2 4 5 8 9 12 
0 1 10085 1 0 0 1 0 0 0 0 0 0 0 1 8 9 112 0.3648 216 33 249 183 6.5455 0 0 1 1 0.0214 0.0033 1 0 104 -79.0000 0.4815 -2.3939 1 0 1 0 0 0 7 0 0 0 0 0 2 2 7 2 6 2 4 5 8 9 12 
0 1 10085 1 0 0 1 0 0 0 0 0 0 0 1 8 9 110 0.3583 225 33 258 192 6.8182 0 0 1 1 0.0223 0.0033 1 0 115 -77.0000 0.5111 -2.3333 1 0 1 0 0 0 7 0 0 0 0 0 2 2 7 2 6 2 4 5 8 9 12 
0 1 10085 1 0 0 1 0 0 0 0 0 0 0 1 2 3 53 0.1726 129 13 142 116 9.9231 0 0 1 1 0.0128 0.0013 1 0 76 -40.0000 0.5891 -3.0769 1 0 0 0 0 0 2 0 0 0 0 0 2 2 4 2 8 2 4 5 7 9 10 
0 1 10085 1 0 0 1 0 0 0 0 0 0 0 1 2 3 59 0.1922 110 13 123 97 8.4615 0 0 1 1 0.0109 0.0013 1 0 51 -46.0000 0.4636 -3.5385 1 0 0 0 0 0 2 0 0 0 0 0 2 2 6 2 7 2 4 5 7 9 10 
0 1 10085 1 0 0 1 0 0 0 0 0 0 0 1 1 2 131 0.4267 184 45 229 139 4.0889 0 0 1 1 0.0182 0.0045 1 0 53 -86.0000 0.2880 -1.9111 1 0 0 0 0 0 1 0 0 0 0 0 2 2 4 2 4 2 4 8 12 12 12 
0 1 10085 1 0 0 1 0 0 0 0 0 0 0 3 8 11 89 0.2899 294 33 327 261 8.9091 0 0 1 1 0.0292 0.0033 1 0 205 -56.0000 0.6973 -1.6970 1 0 0 0 0 0 7 0 0 0 0 0 2 2 4 2 4 2 4 5 8 9 12 
0 1 10085 1 0 0 1 0 0 0 0 0 0 0 1 1 2 119 0.3876 227 145 372 82 1.5655 0 0 1 1 0.0225 0.0144 1 1 108 26 0.4758 0.1793 1 0 0 0 0 0 1 0 0 0 0 0 2 0 4 0 4 0 4 6 9 12 15 
0 1 10085 1 0 0 1 0 0 0 0 0 0 0 3 8 11 32 0.1042 121 33 154 88 3.6667 0 0 1 1 0.0120 0.0033 1 1 89 1 0.7355 0.0303 1 0 0 0 0 0 7 0 0 0 0 0 2 1 4 1 4 1 4 5 8 9 12 
0 1 10085 0 1 0 1 0 0 0 0 0 0 0 3 1 4 15 0.0489 294 52 346 242 5.6538 0 0 1 1 0.0292 0.0052 1 1 279 37 0.9490 0.7115 1 0 0 0 0 0 1 0 0 0 0 0 1 0 1 0 1 1 2 5 7 10 12 
0 1 10085 1 0 0 0 1 0 0 0 0 0 0 3 2 5 96 0.3127 121 111 232 10 1.0901 0 0 1 1 0.0120 0.0110 1 1 25 15 0.2066 0.1351 1 0 0 0 0 0 1 0 0 0 0 0 2 0 4 0 4 0 4 8 12 16 20 
0 1 10085 1 0 0 0 1 0 0 0 0 0 0 3 8 11 9 0.0293 121 33 154 88 3.6667 0 0 1 1 0.0120 0.0033 1 1 112 24 0.9256 0.7273 1 0 0 0 0 0 1 0 0 0 0 0 2 0 4 0 4 0 4 7 9 11 14 

0 2 10086 0 1 1 0 0 0 0 0 0 0 0 1 1 2 46 0.1498 97 93 190 4 1.0430 0 0 1 1 0.0096 0.0092 1 1 51 47 0.5258 0.5054 1 0 0 0 0 0 1 1 0 0 0 0 1 0 1 0 1 0 2 4 6 9 13 
0 2 10086 1 0 1 0 0 0 2 2 0 0 0 1 2 3 63 0.2052 103 85 188 18 1.2118 0 0 1 1 0.0102 0.0084 1 1 40 22 0.3883 0.2588 1 0 0 0 0 0 1 1 0 0 0 0 2 0 4 0 4 0 3 5 8 11 13 
0 2 10086 1 0 1 0 0 0 0 0 0 0 0 3 1 4 131 0.4267 294 204 498 90 1.4412 0 0 1 1 0.0291 0.0202 1 1 163 73 0.5544 0.3578 1 0 0 0 0 0 1 0 0 0 0 0 2 0 4 0 4 0 3 6 8 11 14 
0 2 10086 0 1 1 0 0 0 0 0 0 0 0 1 2 3 69 0.2248 200 188 388 12 1.0638 0 0 1 1 0.0198 0.0186 1 1 131 119 0.6550 0.6330 1 0 0 0 0 0 1 0 0 0 1 0 1 0 1 0 1 1 3 5 7 11 14 
0 2 10086 0 1 1 0 0 0 0 0 0 0 0 1 2 3 31 0.1010 65 56 121 9 1.1607 0 0 1 1 0.0064 0.0056 1 1 34 25 0.5231 0.4464 1 0 0 0 0 0 1 0 0 0 0 0 1 0 1 4 1 2 3 5 8 11 14 
0 2 10086 0 1 1 0 0 0 0 0 0 0 0 2 1 3 67 0.2182 188 194 382 6 1.0319 0 0 1 1 0.0186 0.0192 1 1 121 127 0.6436 0.6546 1 0 0 0 0 0 1 0 0 0 1 0 1 1 3 1 1 2 3 6 9 13 15 
0 2 10086 0 1 1 0 0 0 0 0 0 0 0 2 1 3 25 0.0814 56 43 99 13 1.3023 0 0 1 1 0.0056 0.0043 1 1 31 18 0.5536 0.4186 1 0 0 0 0 0 1 0 0 0 0 0 1 0 2 0 5 1 3 5 7 11 14 
0 2 10086 1 0 1 0 0 0 0 0 0 0 0 1 2 3 39 0.1270 120 68 188 52 1.7647 0 0 1 1 0.0119 0.0067 1 1 81 29 0.6750 0.4265 1 0 0 0 0 0 1 0 0 0 0 0 2 0 4 0 4 3 4 6 9 12 13 
0 2 10086 1 0 1 0 0 0 0 0 0 0 0 2 2 4 33 0.1075 68 111 179 43 1.6324 0 0 1 1 0.0067 0.0110 1 1 35 78 0.5147 0.7027 1 0 0 0 0 0 1 0 0 0 0 0 2 0 4 0 4 0 3 6 8 12 14 
0 2 10086 1 0 0 1 0 0 0 0 0 0 0 1 8 9 51 0.1661 113 33 146 80 3.4242 0 0 1 1 0.0112 0.0033 1 0 62 -18.0000 0.5487 -0.5455 1 0 0 0 0 0 7 0 0 0 0 0 2 2 4 2 4 2 4 5 8 9 12 
0 2 10086 1 0 0 1 0 0 0 0 0 0 0 1 8 9 146 0.4756 230 33 263 197 6.9697 0 0 1 1 0.0228 0.0033 1 0 84 -113.0000 0.3652 -3.4242 1 0 0 0 0 0 7 0 0 0 0 0 2 2 4 2 4 2 4 5 8 9 12 
0 2 10086 1 0 0 1 0 0 0 0 0 0 0 1 8 9 128 0.4169 192 33 225 159 5.8182 0 0 1 1 0.0190 0.0033 1 0 64 -95.0000 0.3333 -2.8788 1 0 0 0 0 0 7 0 0 0 0 0 2 2 4 2 4 2 4 5 8 9 12 
0 2 10086 1 0 0 1 0 0 0 0 0 0 0 1 8 9 112 0.3648 216 33 249 183 6.5455 0 0 1 1 0.0214 0.0033 1 0 104 -79.0000 0.4815 -2.3939 1 0 1 0 0 0 7 0 0 0 0 0 2 2 7 2 6 2 4 5 8 9 12 
0 2 10086 1 0 0 1 0 0 0 0 0 0 0 1 8 9 110 0.3583 225 33 258 192 6.8182 0 0 1 1 0.0223 0.0033 1 0 115 -77.0000 0.5111 -2.3333 1 0 1 0 0 0 7 0 0 0 0 0 2 2 7 2 6 2 4 5 8 9 12 
0 2 10086 1 0 0 1 0 0 0 0 0 0 0 1 2 3 53 0.1726 129 13 142 116 9.9231 0 0 1 1 0.0128 0.0013 1 0 76 -40.0000 0.5891 -3.0769 1 0 0 0 0 0 2 0 0 0 0 0 2 2 4 2 8 2 4 5 7 9 10 
0 2 10086 1 0 0 1 0 0 0 0 0 0 0 1 2 3 59 0.1922 110 13 123 97 8.4615 0 0 1 1 0.0109 0.0013 1 0 51 -46.0000 0.4636 -3.5385 1 0 0 0 0 0 2 0 0 0 0 0 2 2 6 2 7 2 4 5 7 9 10 
0 2 10086 1 0 0 1 0 0 0 0 0 0 0 1 1 2 131 0.4267 184 45 229 139 4.0889 0 0 1 1 0.0182 0.0045 1 0 53 -86.0000 0.2880 -1.9111 1 0 0 0 0 0 1 0 0 0 0 0 2 2 4 2 4 2 4 8 12 12 12 
0 2 10086 1 0 0 1 0 0 0 0 0 0 0 3 8 11 89 0.2899 294 33 327 261 8.9091 0 0 1 1 0.0291 0.0033 1 0 205 -56.0000 0.6973 -1.6970 1 0 0 0 0 0 7 0 0 0 0 0 2 2 4 2 4 2 4 5 8 9 12 
0 2 10086 1 0 0 1 0 0 0 0 0 0 0 1 1 2 119 0.3876 227 145 372 82 1.5655 0 0 1 1 0.0225 0.0144 1 1 108 26 0.4758 0.1793 1 0 0 0 0 0 1 0 0 0 0 0 2 0 4 0 4 0 4 6 9 12 15 
0 2 10086 1 0 0 1 0 0 0 0 0 0 0 3 8 11 32 0.1042 121 33 154 88 3.6667 0 0 1 1 0.0120 0.0033 1 1 89 1 0.7355 0.0303 1 0 0 0 0 0 7 0 0 0 0 0 2 1 4 1 4 1 4 5 8 9 12 
0 2 10086 0 1 0 1 0 0 0 0 0 0 0 3 1 4 15 0.0489 294 52 346 242 5.6538 0 0 1 1 0.0291 0.0052 1 1 279 37 0.9490 0.7115 1 0 0 0 0 0 1 0 0 0 0 0 1 0 1 0 1 1 2 5 7 10 12 
1 2 10087 1 0 0 1 0 2 2 4 2 2 4 1 2 3 129 0.4202 140 85 225 55 1.6471 2 0 1.0145 1 0.0139 0.0084 1 0 11 -44.0000 0.0786 -0.5176 1 0 0 0 0 0 1 0 0 0 0 0 2 2 4 3 3 3 3 6 9 12 15 
0 2 10086 1 0 0 0 1 0 0 0 0 0 0 3 2 5 96 0.3127 121 111 232 10 1.0901 0 0 1 1 0.0120 0.0110 1 1 25 15 0.2066 0.1351 1 0 0 0 0 0 1 0 0 0 0 0 2 0 4 0 4 0 4 8 12 16 20 
0 2 10086 1 0 0 0 1 0 0 0 0 0 0 3 8 11 9 0.0293 121 33 154 88 3.6667 0 0 1 1 0.0120 0.0033 1 1 112 24 0.9256 0.7273 1 0 0 0 0 0 1 0 0 0 0 0 2 0 4 0 4 0 4 7 9 11 14 

