0 1 11073 1 0 1 0 0 0 0 0 0 0 0 2 2 4 43 0.1365 151 175 326 24 1.1589 0 0 1 1 0.0136 0.0158 1 1 108 132 0.7152 0.7543 2 0 0 0 0 0 2 1 0 0 0 0 2 2 4 2 4 2 3 6 9 12 15 
0 1 11073 1 0 1 0 0 0 0 0 0 0 0 1 2 3 33 0.1048 92 53 145 39 1.7358 0 0 1 1 0.0083 0.0048 1 1 59 20 0.6413 0.3774 1 0 0 0 0 0 1 0 0 0 0 0 2 0 4 0 4 6 4 7 9 11 11 
0 1 11073 0 1 1 0 0 0 0 0 0 0 0 2 2 4 43 0.1365 103 175 278 72 1.6990 0 0 1 1 0.0093 0.0158 1 1 60 132 0.5825 0.7543 2 0 0 0 0 0 2 1 0 0 0 0 2 0 2 0 2 1 2 5 8 11 14 
0 1 11073 1 0 1 0 0 0 0 0 0 0 0 1 2 3 82 0.2603 129 175 304 46 1.3566 0 0 1 1 0.0116 0.0158 1 1 47 93 0.3643 0.5314 1 0 0 0 0 0 1 0 0 0 0 0 2 0 4 0 4 0 3 7 9 13 12 
0 1 11073 0 1 1 0 0 0 0 0 0 0 0 1 2 3 53 0.1683 101 252 353 151 2.4950 0 0 1 1 0.0091 0.0228 1 1 48 199 0.4752 0.7897 1 0 0 0 0 1 1 0 0 0 2 0 1 0 1 0 1 3 3 5 8 11 13 
0 1 11073 1 0 1 0 0 0 0 0 0 0 0 1 1 2 92 0.2921 198 261 459 63 1.3182 0 0 1 1 0.0179 0.0236 1 1 106 169 0.5354 0.6475 1 0 0 0 0 0 1 2 0 0 0 0 2 0 4 0 4 0 4 7 9 12 16 
1 1 11074 0 1 1 0 0 0 0 0 0 0 0 2 1 3 74 0.2349 175 136 311 39 1.2868 0 0 1 1 0.0158 0.0123 1 1 101 62 0.5771 0.4559 1 0 0 0 0 0 1 0 0 0 0 0 1 0 1 0 1 1 3 5 8 11 14 
0 1 11073 1 0 1 0 0 0 0 0 0 0 0 1 2 3 148 0.4698 243 250 493 7 1.0288 0 0 1 1 0.0219 0.0226 1 1 95 102 0.3909 0.4080 1 0 0 0 0 0 1 0 0 0 0 0 2 0 4 0 9 0 3 6 10 13 16 
0 1 11073 0 1 1 0 0 0 0 0 0 0 0 1 2 3 52 0.1651 162 252 414 90 1.5556 0 0 1 1 0.0146 0.0228 1 1 110 200 0.6790 0.7937 1 1 0 0 0 0 2 0 0 0 0 0 1 2 1 1 1 2 2 5 7 11 14 
0 1 11073 1 0 1 0 0 0 0 0 0 0 0 1 1 2 56 0.1778 109 155 264 46 1.4220 0 0 1 1 0.0098 0.0140 1 1 53 99 0.4862 0.6387 1 0 0 0 0 0 1 0 0 0 0 0 2 0 4 0 4 0 3 6 9 13 16 
0 1 11073 0 1 1 0 0 0 0 0 0 0 0 1 1 2 41 0.1302 95 316 411 221 3.3263 0 0 1 1 0.0086 0.0285 1 1 54 275 0.5684 0.8703 1 0 0 0 0 0 1 0 0 0 0 0 1 0 1 0 1 1 2 4 6 10 12 
0 1 11073 1 0 0 1 0 0 0 0 0 0 0 2 2 4 126 0.4000 134 53 187 81 2.5283 0 0 1 1 0.0121 0.0048 1 0 8 -73.0000 0.0597 -1.3774 1 0 0 0 0 0 1 0 0 0 0 0 2 2 4 2 4 3 4 8 12 16 20 
0 1 11073 1 0 0 1 0 0 0 0 0 0 0 2 6 8 102 0.3238 190 56 246 134 3.3929 0 0 1 1 0.0172 0.0051 1 0 88 -46.0000 0.4632 -0.8214 1 0 0 0 0 1 6 0 0 0 0 0 2 2 4 2 4 8 4 5 8 9 11 
0 1 11073 1 0 0 1 0 0 0 0 0 0 0 1 6 7 110 0.3492 305 56 361 249 5.4464 0 0 1 1 0.0275 0.0051 1 0 195 -54.0000 0.6393 -0.9643 1 0 0 0 0 0 6 0 0 0 0 0 2 2 4 2 4 2 4 5 8 9 11 
0 1 11073 1 0 0 1 0 0 0 0 0 0 0 1 6 7 97 0.3079 203 56 259 147 3.6250 0 0 1 1 0.0183 0.0051 1 0 106 -41.0000 0.5222 -0.7321 1 0 0 0 0 1 6 0 0 0 0 0 2 2 4 2 4 8 4 5 8 9 11 
0 1 11073 1 0 0 1 0 0 0 0 0 0 0 1 2 3 108 0.3429 158 35 193 123 4.5143 0 0 1 1 0.0143 0.0032 1 0 50 -73.0000 0.3165 -2.0857 1 0 0 0 0 0 2 0 0 0 0 0 2 2 4 2 4 2 4 8 12 16 20 
0 1 11073 1 0 0 1 0 0 0 0 0 0 0 1 1 2 68 0.2159 104 22 126 82 4.7273 0 0 1 1 0.0094 0.0020 1 0 36 -46.0000 0.3462 -2.0909 1 0 0 0 0 0 1 0 0 0 0 0 2 2 4 3 6 4 4 8 12 14 16 
0 1 11073 1 0 0 1 0 0 0 0 0 0 0 2 1 3 134 0.4254 149 63 212 86 2.3651 0 0 1 1 0.0135 0.0057 1 0 15 -71.0000 0.1007 -1.1270 1 0 0 0 0 0 1 0 0 0 0 0 2 2 4 2 4 2 4 8 10 13 16 
0 1 11073 1 0 0 1 0 0 0 0 0 0 0 2 2 4 74 0.2349 149 31 180 118 4.8065 0 0 1 1 0.0135 0.0028 1 0 75 -43.0000 0.5034 -1.3871 1 0 0 0 0 0 2 0 0 0 0 0 2 2 4 2 4 2 4 6 8 10 13 
0 1 11073 1 0 0 1 0 0 0 0 0 0 0 1 2 3 37 0.1175 60 31 91 29 1.9355 0 0 1 1 0.0054 0.0028 1 0 23 -6.0000 0.3833 -0.1935 1 0 0 0 0 0 2 0 0 0 0 0 2 2 4 8 4 7 4 6 8 10 13 
0 1 11073 1 0 0 1 0 0 0 0 0 0 0 1 6 7 83 0.2635 202 56 258 146 3.6071 0 0 1 1 0.0182 0.0051 1 0 119 -27.0000 0.5891 -0.4821 1 0 1 1 0 0 6 0 0 0 0 0 2 2 7 6 6 4 4 5 8 9 11 
0 1 11073 1 0 0 1 0 0 0 0 0 0 0 2 6 8 85 0.2698 103 56 159 47 1.8393 0 0 1 1 0.0093 0.0051 1 0 18 -29.0000 0.1748 -0.5179 1 1 1 0 0 0 6 0 0 0 0 0 2 4 7 4 6 4 4 5 8 9 11 
0 1 11073 1 0 0 1 0 0 0 0 0 0 0 2 6 8 86 0.2730 151 56 207 95 2.6964 0 0 1 1 0.0136 0.0051 1 0 65 -30.0000 0.4305 -0.5357 1 1 0 1 0 0 6 0 0 0 0 0 2 4 4 8 4 6 4 5 8 9 11 
0 1 11073 1 0 0 1 0 0 0 0 0 0 0 2 2 4 155 0.4921 211 35 246 176 6.0286 0 0 1 1 0.0191 0.0032 1 0 56 -120.0000 0.2654 -3.4286 1 0 0 0 0 0 2 0 0 0 0 0 2 2 4 2 4 2 4 8 12 16 20 
0 1 11073 1 0 0 1 0 0 0 0 0 0 0 2 1 3 139 0.4413 211 32 243 179 6.5938 0 0 1 1 0.0191 0.0029 1 0 72 -107.0000 0.3412 -3.3438 1 0 0 0 0 0 1 0 0 0 0 0 2 2 4 2 4 2 4 7 10 12 14 
0 1 11073 0 1 0 1 0 0 0 0 0 0 0 2 1 3 20 0.0635 65 105 170 40 1.6154 0 0 1 1 0.0059 0.0095 1 1 45 85 0.6923 0.8095 1 0 0 0 0 0 1 0 0 0 1 0 1 0 1 0 1 1 3 7 10 13 15 
0 1 11073 0 1 0 1 0 0 0 0 0 0 0 2 1 3 22 0.0698 65 80 145 15 1.2308 0 0 1 1 0.0059 0.0072 1 1 43 58 0.6615 0.7250 1 0 0 1 0 0 1 1 0 0 0 0 1 0 1 0 6 1 3 7 10 13 15 
0 1 11073 1 0 0 1 0 0 0 0 0 0 0 1 2 3 19 0.0603 48 190 238 142 3.9583 0 0 1 1 0.0043 0.0172 1 1 29 171 0.6042 0.9000 1 0 0 0 0 0 1 0 0 0 0 0 2 0 4 0 4 4 3 6 9 13 16 
0 1 11073 1 0 0 1 0 0 0 0 0 0 0 1 1 2 92 0.2921 103 177 280 74 1.7184 0 0 1 1 0.0093 0.0160 1 1 11 85 0.1068 0.4802 1 0 0 0 0 0 1 0 0 0 0 0 2 0 4 0 4 0 3 6 8 11 13 
0 1 11073 1 0 0 1 0 0 0 0 0 0 0 2 1 3 36 0.1143 134 253 387 119 1.8881 0 0 1 1 0.0121 0.0228 1 1 98 217 0.7313 0.8577 1 0 0 0 0 0 2 1 0 0 0 0 2 0 4 0 4 6 3 6 9 12 14 
0 1 11073 0 1 0 1 0 0 0 0 0 0 0 1 2 3 54 0.1714 72 250 322 178 3.4722 0 0 1 1 0.0065 0.0226 1 1 18 196 0.2500 0.7840 1 0 0 0 0 0 1 0 0 0 0 0 1 0 1 0 1 1 3 5 8 11 14 

0 2 11074 0 1 1 0 0 0 0 0 0 0 0 1 2 3 53 0.1683 101 252 353 151 2.4950 0 0 1 1 0.0091 0.0228 1 1 48 199 0.4752 0.7897 1 0 0 0 0 1 1 0 0 0 2 0 1 0 1 0 1 3 3 5 8 11 13 
0 2 11074 1 0 1 0 0 0 0 0 0 0 0 1 1 2 92 0.2921 198 261 459 63 1.3182 0 0 1 1 0.0179 0.0236 1 1 106 169 0.5354 0.6475 1 0 0 0 0 0 1 1 1 0 0 0 2 0 4 0 4 0 4 7 9 12 16 
0 2 11074 1 0 1 0 0 0 0 0 0 0 0 1 2 3 148 0.4698 243 250 493 7 1.0288 0 0 1 1 0.0219 0.0226 1 1 95 102 0.3909 0.4080 1 0 0 0 0 0 1 0 0 0 0 0 2 0 4 0 9 0 3 6 10 13 16 
0 2 11074 0 1 1 0 0 0 0 0 0 0 0 1 2 3 52 0.1651 162 252 414 90 1.5556 0 0 1 1 0.0146 0.0228 1 1 110 200 0.6790 0.7937 1 1 0 0 0 0 2 0 0 0 0 0 1 2 1 1 1 2 2 5 7 11 14 
0 2 11074 1 0 1 0 0 0 0 0 0 0 0 1 1 2 56 0.1778 109 155 264 46 1.4220 0 0 1 1 0.0098 0.0140 1 1 53 99 0.4862 0.6387 1 0 0 0 0 0 1 0 0 0 0 0 2 0 4 0 4 0 3 6 9 13 16 
0 2 11074 0 1 1 0 0 0 0 0 0 0 0 1 1 2 41 0.1302 95 316 411 221 3.3263 0 0 1 1 0.0086 0.0285 1 1 54 275 0.5684 0.8703 1 0 0 0 0 0 1 0 0 0 0 0 1 0 1 0 1 1 2 4 6 10 12 
0 2 11074 0 1 1 0 0 1 1 2 0 1 1 2 2 4 44 0.1397 176 151 327 25 1.1656 1 0 1.0057 1 0.0159 0.0136 1 1 132 107 0.7500 0.7086 1 1 0 0 0 0 2 0 0 0 1 0 1 2 1 1 1 8 2 4 7 10 14 
0 2 11074 1 0 1 0 0 1 0 1 0 0 0 2 2 4 43 0.1365 176 103 279 73 1.7087 1 0 1.0057 1 0.0159 0.0093 1 1 133 60 0.7557 0.5825 1 1 0 0 0 0 2 0 1 0 0 0 2 3 3 3 3 3 3 5 9 12 15 
0 2 11074 0 1 1 0 0 2 1 3 0 1 1 2 1 3 83 0.2635 176 129 305 47 1.3643 1 0 1.0057 1 0.0159 0.0116 1 1 93 46 0.5284 0.3566 1 0 0 0 0 0 1 0 0 0 0 0 1 0 1 0 1 1 3 5 8 8 12 
0 2 11074 1 0 0 1 0 0 1 1 0 0 0 2 1 3 126 0.4000 134 53 187 81 2.5283 0 0 1 1 0.0121 0.0048 1 0 8 -73.0000 0.0597 -1.3774 1 0 0 0 0 0 1 0 0 0 0 0 2 2 4 2 4 3 4 8 12 16 20 
0 2 11074 1 0 0 1 0 0 0 0 0 0 0 2 6 8 102 0.3238 190 56 246 134 3.3929 0 0 1 1 0.0172 0.0051 1 0 88 -46.0000 0.4632 -0.8214 1 0 0 0 0 1 6 0 0 0 0 0 2 2 4 2 4 8 4 5 8 9 11 
0 2 11074 1 0 0 1 0 0 0 0 0 0 0 1 6 7 110 0.3492 305 56 361 249 5.4464 0 0 1 1 0.0275 0.0051 1 0 195 -54.0000 0.6393 -0.9643 1 0 0 0 0 0 6 0 0 0 0 0 2 2 4 2 4 2 4 5 8 9 11 
0 2 11074 1 0 0 1 0 0 0 0 0 0 0 1 6 7 97 0.3079 203 56 259 147 3.6250 0 0 1 1 0.0183 0.0051 1 0 106 -41.0000 0.5222 -0.7321 1 0 0 0 0 1 6 0 0 0 0 0 2 2 4 2 4 8 4 5 8 9 11 
0 2 11074 1 0 0 1 0 0 0 0 0 0 0 1 2 3 108 0.3429 158 35 193 123 4.5143 0 0 1 1 0.0143 0.0032 1 0 50 -73.0000 0.3165 -2.0857 1 0 0 0 0 0 2 0 0 0 0 0 2 2 4 2 4 2 4 8 12 16 20 
0 2 11074 1 0 0 1 0 0 0 0 0 0 0 1 1 2 68 0.2159 104 22 126 82 4.7273 0 0 1 1 0.0094 0.0020 1 0 36 -46.0000 0.3462 -2.0909 1 0 0 0 0 0 1 0 0 0 0 0 2 2 4 3 6 4 4 8 12 14 16 
0 2 11074 1 0 0 1 0 0 0 0 0 0 0 2 1 3 134 0.4254 149 63 212 86 2.3651 0 0 1 1 0.0135 0.0057 1 0 15 -71.0000 0.1007 -1.1270 1 0 0 0 0 0 1 0 0 0 0 0 2 2 4 2 4 2 4 8 10 13 16 
0 2 11074 1 0 0 1 0 0 0 0 0 0 0 2 2 4 74 0.2349 149 31 180 118 4.8065 0 0 1 1 0.0135 0.0028 1 0 75 -43.0000 0.5034 -1.3871 1 0 0 0 0 0 2 0 0 0 0 0 2 2 4 2 4 2 4 6 8 10 13 
0 2 11074 1 0 0 1 0 0 0 0 0 0 0 1 2 3 37 0.1175 60 31 91 29 1.9355 0 0 1 1 0.0054 0.0028 1 0 23 -6.0000 0.3833 -0.1935 1 0 0 0 0 0 2 0 0 0 0 0 2 2 4 8 4 7 4 6 8 10 13 
0 2 11074 1 0 0 1 0 0 0 0 0 0 0 1 6 7 83 0.2635 202 56 258 146 3.6071 0 0 1 1 0.0182 0.0051 1 0 119 -27.0000 0.5891 -0.4821 1 0 1 1 0 0 6 0 0 0 0 0 2 2 7 6 6 4 4 5 8 9 11 
0 2 11074 1 0 0 1 0 0 0 0 0 0 0 2 6 8 85 0.2698 103 56 159 47 1.8393 0 0 1 1 0.0093 0.0051 1 0 18 -29.0000 0.1748 -0.5179 1 1 1 0 0 0 6 0 0 0 0 0 2 4 7 4 6 4 4 5 8 9 11 
0 2 11074 1 0 0 1 0 1 0 1 0 0 0 2 6 8 86 0.2730 151 56 207 95 2.6964 0 0 1 1 0.0136 0.0051 1 0 65 -30.0000 0.4305 -0.5357 1 1 0 1 0 0 6 0 0 0 0 0 2 4 4 8 4 6 4 5 8 9 11 
0 2 11074 1 0 0 1 0 0 0 0 0 0 0 2 2 4 155 0.4921 211 35 246 176 6.0286 0 0 1 1 0.0191 0.0032 1 0 56 -120.0000 0.2654 -3.4286 1 0 0 0 0 0 2 0 0 0 0 0 2 2 4 2 4 2 4 8 12 16 20 
0 2 11074 1 0 0 1 0 0 0 0 0 0 0 2 1 3 139 0.4413 211 32 243 179 6.5938 0 0 1 1 0.0191 0.0029 1 0 72 -107.0000 0.3412 -3.3438 1 0 0 0 0 0 1 0 0 0 0 0 2 2 4 2 4 2 4 7 10 12 14 
0 2 11074 0 1 0 1 0 0 0 0 0 0 0 2 1 3 20 0.0635 65 105 170 40 1.6154 0 0 1 1 0.0059 0.0095 1 1 45 85 0.6923 0.8095 1 0 0 0 0 0 1 0 0 0 1 0 1 0 1 0 1 1 3 7 10 13 15 
0 2 11074 0 1 0 1 0 0 0 0 0 0 0 2 1 3 22 0.0698 65 80 145 15 1.2308 0 0 1 1 0.0059 0.0072 1 1 43 58 0.6615 0.7250 1 0 0 1 0 0 1 1 0 0 0 0 1 0 1 0 6 1 3 7 10 13 15 
0 2 11074 1 0 0 1 0 0 0 0 0 0 0 1 2 3 19 0.0603 48 190 238 142 3.9583 0 0 1 1 0.0043 0.0172 1 1 29 171 0.6042 0.9000 1 0 0 0 0 0 1 0 0 0 0 0 2 0 4 0 4 4 3 6 9 13 16 
0 2 11074 1 0 0 1 0 0 0 0 0 0 0 1 1 2 92 0.2921 103 177 280 74 1.7184 0 0 1 1 0.0093 0.0160 1 1 11 85 0.1068 0.4802 1 0 0 0 0 0 1 0 0 0 0 0 2 0 4 0 4 0 3 6 8 11 13 
0 2 11074 1 0 0 1 0 0 0 0 0 0 0 2 1 3 36 0.1143 134 253 387 119 1.8881 0 0 1 1 0.0121 0.0228 1 1 98 217 0.7313 0.8577 1 0 0 0 0 0 2 1 0 0 0 0 2 0 4 0 4 6 3 6 9 12 14 
0 2 11074 0 1 0 1 0 0 0 0 0 0 0 1 2 3 54 0.1714 72 250 322 178 3.4722 0 0 1 1 0.0065 0.0226 1 1 18 196 0.2500 0.7840 1 0 0 0 0 0 1 0 0 0 0 0 1 0 1 0 1 1 3 5 8 11 14 
1 2 11075 1 0 0 1 0 2 1 3 0.5000 0.5000 1 2 1 3 74 0.2349 176 137 313 39 1.2847 1 1 1.0057 1.0074 0.0159 0.0124 1 1 102 63 0.5795 0.4599 1 0 0 0 0 0 1 0 0 0 0 0 2 1 3 1 3 1 3 6 8 12 14 

0 3 11075 0 1 1 0 0 1 1 2 0 1 1 2 2 4 44 0.1392 176 151 327 25 1.1656 1 0 1.0057 1 0.0159 0.0136 1 1 132 107 0.7500 0.7086 1 1 0 0 0 0 2 0 0 0 0 0 1 2 1 1 1 8 2 4 7 10 14 
0 3 11075 1 0 1 0 0 1 0 1 0 0 0 2 2 4 43 0.1361 176 103 279 73 1.7087 1 0 1.0057 1 0.0159 0.0093 1 1 133 60 0.7557 0.5825 1 1 0 0 0 0 2 0 0 0 0 0 2 3 3 3 3 3 3 5 9 12 15 
0 3 11075 1 0 1 0 0 1 1 2 0.5000 0.5000 1 2 1 3 53 0.1677 253 101 354 152 2.5050 1 0 1.0040 1 0.0228 0.0091 1 1 200 48 0.7905 0.4752 1 1 0 0 0 0 2 1 0 0 0 0 2 1 6 1 5 1 3 6 9 12 15 
0 3 11075 0 1 1 0 0 1 1 2 0 1 1 2 1 3 149 0.4715 251 243 494 8 1.0329 1 0 1.0040 1 0.0227 0.0219 1 1 102 94 0.4064 0.3868 1 0 0 0 0 0 1 0 0 0 0 0 1 0 1 0 1 1 2 5 7 10 14 
0 3 11075 0 1 1 0 0 1 1 2 0 1 1 1 1 2 57 0.1804 156 109 265 47 1.4312 1 0 1.0065 1 0.0141 0.0098 1 1 99 52 0.6346 0.4771 1 0 0 0 0 0 1 0 0 0 0 0 1 0 1 0 1 1 2 4 7 10 13 
0 3 11075 1 0 1 0 0 1 1 2 0.5000 0.5000 1 1 1 2 41 0.1297 317 95 412 222 3.3368 1 0 1.0032 1 0.0286 0.0086 1 1 276 54 0.8707 0.5684 1 0 0 0 0 0 1 0 0 0 0 0 2 1 3 1 3 1 3 5 7 10 13 
1 3 11076 1 0 1 0 0 4 1 5 1 1 2 2 1 3 83 0.2627 176 130 306 46 1.3538 1 1 1.0057 1.0078 0.0159 0.0117 1 1 93 47 0.5284 0.3615 1 0 0 0 0 0 1 0 0 0 0 0 2 0 4 1 3 1 3 7 9 13 12 
1 3 11076 0 1 1 0 0 4 3 7 0.5000 2.5000 3 2 1 3 75 0.2373 176 137 313 39 1.2847 1 1 1.0057 1.0074 0.0159 0.0124 1 1 101 62 0.5739 0.4526 1 0 0 0 0 0 1 0 0 0 0 0 1 0 1 0 1 1 3 5 8 11 14 
0 3 11075 1 0 0 1 0 0 1 1 0 0 0 2 1 3 126 0.3987 134 53 187 81 2.5283 0 0 1 1 0.0121 0.0048 1 0 8 -73.0000 0.0597 -1.3774 1 0 0 0 0 0 1 0 0 0 0 0 2 2 4 2 4 3 4 8 12 16 20 
0 3 11075 1 0 0 1 0 0 0 0 0 0 0 2 6 8 102 0.3228 190 56 246 134 3.3929 0 0 1 1 0.0172 0.0051 1 0 88 -46.0000 0.4632 -0.8214 1 0 0 0 0 1 6 0 0 0 0 0 2 2 4 2 4 8 4 5 8 9 11 
0 3 11075 1 0 0 1 0 0 0 0 0 0 0 1 6 7 110 0.3481 305 56 361 249 5.4464 0 0 1 1 0.0275 0.0051 1 0 195 -54.0000 0.6393 -0.9643 1 0 0 0 0 0 6 0 0 0 0 0 2 2 4 2 4 2 4 5 8 9 11 
0 3 11075 1 0 0 1 0 0 0 0 0 0 0 1 6 7 97 0.3070 203 56 259 147 3.6250 0 0 1 1 0.0183 0.0051 1 0 106 -41.0000 0.5222 -0.7321 1 0 0 0 0 1 6 0 0 0 0 0 2 2 4 2 4 8 4 5 8 9 11 
0 3 11075 1 0 0 1 0 0 0 0 0 0 0 1 2 3 108 0.3418 158 35 193 123 4.5143 0 0 1 1 0.0143 0.0032 1 0 50 -73.0000 0.3165 -2.0857 1 0 0 0 0 0 2 0 0 0 0 0 2 2 4 2 4 2 4 8 12 16 20 
0 3 11075 1 0 0 1 0 0 0 0 0 0 0 1 1 2 68 0.2152 104 22 126 82 4.7273 0 0 1 1 0.0094 0.0020 1 0 36 -46.0000 0.3462 -2.0909 1 0 0 0 0 0 1 0 0 0 0 0 2 2 4 3 6 4 4 8 12 14 16 
0 3 11075 1 0 0 1 0 0 0 0 0 0 0 2 1 3 134 0.4241 149 63 212 86 2.3651 0 0 1 1 0.0135 0.0057 1 0 15 -71.0000 0.1007 -1.1270 1 0 0 0 0 0 1 0 0 0 0 0 2 2 4 2 4 2 4 8 10 13 16 
0 3 11075 1 0 0 1 0 0 0 0 0 0 0 2 2 4 74 0.2342 149 31 180 118 4.8065 0 0 1 1 0.0135 0.0028 1 0 75 -43.0000 0.5034 -1.3871 1 0 0 0 0 0 2 0 0 0 0 0 2 2 4 2 4 2 4 6 8 10 13 
0 3 11075 1 0 0 1 0 0 0 0 0 0 0 1 2 3 37 0.1171 60 31 91 29 1.9355 0 0 1 1 0.0054 0.0028 1 0 23 -6.0000 0.3833 -0.1935 1 0 0 0 0 0 2 0 0 0 0 0 2 2 4 8 4 7 4 6 8 10 13 
0 3 11075 1 0 0 1 0 0 0 0 0 0 0 1 6 7 83 0.2627 202 56 258 146 3.6071 0 0 1 1 0.0182 0.0051 1 0 119 -27.0000 0.5891 -0.4821 1 0 1 1 0 0 6 0 0 0 0 0 2 2 7 6 6 4 4 5 8 9 11 
0 3 11075 1 0 0 1 0 0 0 0 0 0 0 2 6 8 85 0.2690 103 56 159 47 1.8393 0 0 1 1 0.0093 0.0051 1 0 18 -29.0000 0.1748 -0.5179 1 1 1 0 0 0 6 0 0 0 0 0 2 4 7 4 6 4 4 5 8 9 11 
0 3 11075 1 0 0 1 0 1 0 1 0 0 0 2 6 8 86 0.2722 151 56 207 95 2.6964 0 0 1 1 0.0136 0.0051 1 0 65 -30.0000 0.4305 -0.5357 1 1 0 1 0 0 6 0 0 0 0 0 2 4 4 8 4 6 4 5 8 9 11 
0 3 11075 1 0 0 1 0 0 0 0 0 0 0 2 2 4 155 0.4905 211 35 246 176 6.0286 0 0 1 1 0.0191 0.0032 1 0 56 -120.0000 0.2654 -3.4286 1 0 0 0 0 0 2 0 0 0 0 0 2 2 4 2 4 2 4 8 12 16 20 
0 3 11075 1 0 0 1 0 0 0 0 0 0 0 2 1 3 139 0.4399 211 32 243 179 6.5938 0 0 1 1 0.0191 0.0029 1 0 72 -107.0000 0.3412 -3.3438 1 0 0 0 0 0 1 0 0 0 0 0 2 2 4 2 4 2 4 7 10 12 14 
0 3 11075 0 1 0 1 0 0 0 0 0 0 0 2 1 3 20 0.0633 65 105 170 40 1.6154 0 0 1 1 0.0059 0.0095 1 1 45 85 0.6923 0.8095 1 0 0 0 0 0 1 0 0 0 1 0 1 0 1 0 1 1 3 7 10 13 15 
0 3 11075 0 1 0 1 0 0 0 0 0 0 0 2 1 3 22 0.0696 65 80 145 15 1.2308 0 0 1 1 0.0059 0.0072 1 1 43 58 0.6615 0.7250 1 0 0 1 0 0 1 1 0 0 0 0 1 0 1 0 6 1 3 7 10 13 15 
0 3 11075 1 0 0 1 0 0 0 0 0 0 0 1 2 3 19 0.0601 48 190 238 142 3.9583 0 0 1 1 0.0043 0.0172 1 1 29 171 0.6042 0.9000 1 0 0 0 0 0 1 0 0 0 0 0 2 0 4 0 4 4 3 6 9 13 16 
0 3 11075 1 0 0 1 0 0 0 0 0 0 0 1 1 2 92 0.2911 103 177 280 74 1.7184 0 0 1 1 0.0093 0.0160 1 1 11 85 0.1068 0.4802 1 0 0 0 0 0 1 0 0 0 0 0 2 0 4 0 4 0 3 6 8 11 13 
0 3 11075 1 0 0 1 0 0 0 0 0 0 0 2 1 3 36 0.1139 134 253 387 119 1.8881 0 0 1 1 0.0121 0.0228 1 1 98 217 0.7313 0.8577 1 0 0 0 0 0 2 1 0 0 0 0 2 0 4 0 4 6 3 6 9 12 14 
0 3 11075 0 1 0 1 0 1 0 1 0 0.5000 0.5000 2 1 3 52 0.1646 253 162 415 91 1.5617 1 0 1.0040 1 0.0228 0.0146 1 1 201 110 0.7945 0.6790 1 0 0 0 0 0 2 0 0 0 0 0 1 0 1 0 2 0 2 5 7 11 13 
0 3 11075 0 1 0 0 1 1 0 1 0 0 0 2 1 3 54 0.1709 251 72 323 179 3.4861 1 0 1.0040 1 0.0227 0.0065 1 1 197 18 0.7849 0.2500 1 0 0 0 0 0 1 0 0 0 0 0 1 0 1 0 1 1 2 4 6 10 13 

0 4 11075 0 1 1 0 0 1 1 2 0 1 1 2 2 4 44 0.1397 176 151 327 25 1.1656 1 0 1.0057 1 0.0159 0.0136 1 1 132 107 0.7500 0.7086 1 1 0 0 0 0 2 0 0 0 0 0 1 2 1 1 1 8 2 4 7 10 14 
0 4 11075 1 0 1 0 0 1 0 1 0 0 0 2 2 4 43 0.1365 176 103 279 73 1.7087 1 0 1.0057 1 0.0159 0.0093 1 1 133 60 0.7557 0.5825 1 1 0 0 0 0 2 0 0 0 0 0 2 3 3 3 3 3 3 5 9 12 15 
0 4 11075 1 0 1 0 0 1 1 2 0.5000 0.5000 1 2 1 3 53 0.1683 253 101 354 152 2.5050 1 0 1.0040 1 0.0228 0.0091 1 1 200 48 0.7905 0.4752 1 1 0 0 0 0 2 1 0 0 0 0 2 1 6 1 5 1 3 6 9 12 15 
0 4 11075 0 1 1 0 0 1 1 2 0 1 1 2 1 3 149 0.4730 251 243 494 8 1.0329 1 0 1.0040 1 0.0227 0.0219 1 1 102 94 0.4064 0.3868 1 0 0 0 0 0 1 0 0 0 0 0 1 0 1 0 1 1 2 5 7 10 14 
0 4 11075 0 1 1 0 0 1 1 2 0 1 1 1 1 2 57 0.1810 156 109 265 47 1.4312 1 0 1.0065 1 0.0141 0.0098 1 1 99 52 0.6346 0.4771 1 0 0 0 0 0 1 0 0 0 0 0 1 0 1 0 1 1 2 4 7 10 13 
0 4 11075 1 0 1 0 0 1 1 2 0.5000 0.5000 1 1 1 2 41 0.1302 96 316 412 220 3.2917 1 0 1.0105 1 0.0087 0.0285 1 1 55 275 0.5729 0.8703 1 0 0 0 0 0 1 0 0 0 0 0 2 1 3 1 3 1 3 5 7 10 13 
1 4 11076 1 0 1 0 0 5 1 6 1 1 2 2 1 3 83 0.2635 176 130 306 46 1.3538 1 1 1.0057 1.0078 0.0159 0.0117 1 1 93 47 0.5284 0.3615 1 0 0 0 0 0 1 0 0 0 0 0 2 0 4 1 3 1 3 7 9 13 12 
1 4 11076 0 1 1 0 0 5 4 9 0.5000 3.5000 4 2 1 3 75 0.2381 176 137 313 39 1.2847 1 1 1.0057 1.0074 0.0159 0.0124 1 1 101 62 0.5739 0.4526 1 0 0 0 0 0 1 0 0 0 0 0 1 0 1 0 1 1 3 5 8 11 14 
0 4 11075 1 0 0 1 0 0 1 1 0 0 0 2 1 3 126 0.4000 134 53 187 81 2.5283 0 0 1 1 0.0121 0.0048 1 0 8 -73.0000 0.0597 -1.3774 1 0 0 0 0 0 1 0 0 0 0 0 2 2 4 2 4 3 4 8 12 16 20 
0 4 11075 1 0 0 1 0 0 0 0 0 0 0 2 6 8 102 0.3238 190 56 246 134 3.3929 0 0 1 1 0.0172 0.0051 1 0 88 -46.0000 0.4632 -0.8214 1 0 0 0 0 1 6 0 0 0 0 0 2 2 4 2 4 8 4 5 8 9 11 
0 4 11075 1 0 0 1 0 0 0 0 0 0 0 1 6 7 110 0.3492 305 56 361 249 5.4464 0 0 1 1 0.0275 0.0051 1 0 195 -54.0000 0.6393 -0.9643 1 0 0 0 0 0 6 0 0 0 0 0 2 2 4 2 4 2 4 5 8 9 11 
0 4 11075 1 0 0 1 0 0 0 0 0 0 0 1 6 7 97 0.3079 203 56 259 147 3.6250 0 0 1 1 0.0183 0.0051 1 0 106 -41.0000 0.5222 -0.7321 1 0 0 0 0 1 6 0 0 0 0 0 2 2 4 2 4 8 4 5 8 9 11 
0 4 11075 1 0 0 1 0 0 0 0 0 0 0 1 2 3 108 0.3429 158 35 193 123 4.5143 0 0 1 1 0.0143 0.0032 1 0 50 -73.0000 0.3165 -2.0857 1 0 0 0 0 0 2 0 0 0 0 0 2 2 4 2 4 2 4 8 12 16 20 
0 4 11075 1 0 0 1 0 0 0 0 0 0 0 1 1 2 68 0.2159 104 22 126 82 4.7273 0 0 1 1 0.0094 0.0020 1 0 36 -46.0000 0.3462 -2.0909 1 0 0 0 0 0 1 0 0 0 0 0 2 2 4 3 6 4 4 8 12 14 16 
0 4 11075 1 0 0 1 0 0 0 0 0 0 0 2 1 3 134 0.4254 149 63 212 86 2.3651 0 0 1 1 0.0135 0.0057 1 0 15 -71.0000 0.1007 -1.1270 1 0 0 0 0 0 1 0 0 0 0 0 2 2 4 2 4 2 4 8 10 13 16 
0 4 11075 1 0 0 1 0 0 0 0 0 0 0 2 2 4 74 0.2349 149 31 180 118 4.8065 0 0 1 1 0.0135 0.0028 1 0 75 -43.0000 0.5034 -1.3871 1 0 0 0 0 0 2 0 0 0 0 0 2 2 4 2 4 2 4 6 8 10 13 
0 4 11075 1 0 0 1 0 0 0 0 0 0 0 1 2 3 37 0.1175 60 31 91 29 1.9355 0 0 1 1 0.0054 0.0028 1 0 23 -6.0000 0.3833 -0.1935 1 0 0 0 0 0 2 0 0 0 0 0 2 2 4 8 4 7 4 6 8 10 13 
0 4 11075 1 0 0 1 0 0 0 0 0 0 0 1 6 7 83 0.2635 202 56 258 146 3.6071 0 0 1 1 0.0182 0.0051 1 0 119 -27.0000 0.5891 -0.4821 1 0 1 1 0 0 6 0 0 0 0 0 2 2 7 6 6 4 4 5 8 9 11 
0 4 11075 1 0 0 1 0 0 0 0 0 0 0 2 6 8 85 0.2698 103 56 159 47 1.8393 0 0 1 1 0.0093 0.0051 1 0 18 -29.0000 0.1748 -0.5179 1 1 1 0 0 0 6 0 0 0 0 0 2 4 7 4 6 4 4 5 8 9 11 
0 4 11075 1 0 0 1 0 1 0 1 0 0 0 2 6 8 86 0.2730 151 56 207 95 2.6964 0 0 1 1 0.0136 0.0051 1 0 65 -30.0000 0.4305 -0.5357 1 1 0 1 0 0 6 0 0 0 0 0 2 4 4 8 4 6 4 5 8 9 11 
0 4 11075 1 0 0 1 0 0 0 0 0 0 0 2 2 4 155 0.4921 211 35 246 176 6.0286 0 0 1 1 0.0191 0.0032 1 0 56 -120.0000 0.2654 -3.4286 1 0 0 0 0 0 2 0 0 0 0 0 2 2 4 2 4 2 4 8 12 16 20 
0 4 11075 1 0 0 1 0 0 0 0 0 0 0 2 1 3 139 0.4413 211 32 243 179 6.5938 0 0 1 1 0.0191 0.0029 1 0 72 -107.0000 0.3412 -3.3438 1 0 0 0 0 0 1 0 0 0 0 0 2 2 4 2 4 2 4 7 10 12 14 
0 4 11075 0 1 0 1 0 0 0 0 0 0 0 2 1 3 20 0.0635 65 105 170 40 1.6154 0 0 1 1 0.0059 0.0095 1 1 45 85 0.6923 0.8095 1 0 0 0 0 0 1 0 0 0 1 0 1 0 1 0 1 1 3 7 10 13 15 
0 4 11075 0 1 0 1 0 0 0 0 0 0 0 2 1 3 22 0.0698 65 80 145 15 1.2308 0 0 1 1 0.0059 0.0072 1 1 43 58 0.6615 0.7250 1 0 0 1 0 0 1 1 0 0 0 0 1 0 1 0 6 1 3 7 10 13 15 
0 4 11075 1 0 0 1 0 0 0 0 0 0 0 1 2 3 19 0.0603 48 190 238 142 3.9583 0 0 1 1 0.0043 0.0172 1 1 29 171 0.6042 0.9000 1 0 0 0 0 0 1 0 0 0 0 0 2 0 4 0 4 4 3 6 9 13 16 
0 4 11075 1 0 0 1 0 0 0 0 0 0 0 1 1 2 92 0.2921 103 177 280 74 1.7184 0 0 1 1 0.0093 0.0160 1 1 11 85 0.1068 0.4802 1 0 0 0 0 0 1 0 0 0 0 0 2 0 4 0 4 0 3 6 8 11 13 
0 4 11075 1 0 0 1 0 0 0 0 0 0 0 2 1 3 36 0.1143 134 253 387 119 1.8881 0 0 1 1 0.0121 0.0228 1 1 98 217 0.7313 0.8577 1 0 0 0 0 0 2 1 0 0 0 0 2 0 4 0 4 6 3 6 9 12 14 
0 4 11075 0 1 0 1 0 1 0 1 0 0.5000 0.5000 2 1 3 52 0.1651 253 162 415 91 1.5617 1 0 1.0040 1 0.0228 0.0146 1 1 201 110 0.7945 0.6790 1 0 0 0 0 0 2 0 0 0 0 0 1 0 1 0 2 0 2 5 7 11 13 
0 4 11075 0 1 0 0 1 1 0 1 0 0 0 2 1 3 54 0.1714 251 72 323 179 3.4861 1 0 1.0040 1 0.0227 0.0065 1 1 197 18 0.7849 0.2500 1 0 0 0 0 0 1 0 0 0 0 0 1 0 1 0 1 1 2 4 6 10 13 

0 5 11075 0 1 1 0 0 1 1 2 0 1 1 2 2 4 44 0.1392 176 151 327 25 1.1656 1 0 1.0057 1 0.0159 0.0136 1 1 132 107 0.7500 0.7086 1 1 0 0 0 0 2 0 0 0 0 0 1 2 1 1 1 8 2 4 7 10 14 
0 5 11075 1 0 1 0 0 1 0 1 0 0 0 2 2 4 43 0.1361 176 103 279 73 1.7087 1 0 1.0057 1 0.0159 0.0093 1 1 133 60 0.7557 0.5825 1 1 0 0 0 0 2 0 0 0 0 0 2 3 3 3 3 3 3 5 9 12 15 
0 5 11075 1 0 1 0 0 1 1 2 0.5000 0.5000 1 2 1 3 53 0.1677 253 101 354 152 2.5050 1 0 1.0040 1 0.0228 0.0091 1 1 200 48 0.7905 0.4752 1 1 0 0 0 0 2 1 0 0 0 0 2 1 6 1 5 1 3 6 9 12 15 
0 5 11075 0 1 1 0 0 1 1 2 0 1 1 2 1 3 149 0.4715 251 243 494 8 1.0329 1 0 1.0040 1 0.0227 0.0219 1 1 102 94 0.4064 0.3868 1 0 0 0 0 0 1 0 0 0 0 0 1 0 1 0 1 1 2 5 7 10 14 
0 5 11075 0 1 1 0 0 1 1 2 0 1 1 1 1 2 57 0.1804 110 155 265 45 1.4091 1 0 1.0092 1 0.0099 0.0140 1 1 53 98 0.4818 0.6323 1 0 0 0 0 0 1 0 0 0 0 0 1 0 1 0 1 1 3 6 9 13 15 
0 5 11075 1 0 1 0 0 2 2 4 1 1 2 1 1 2 41 0.1297 317 95 412 222 3.3368 1 0 1.0032 1 0.0286 0.0086 1 1 276 54 0.8707 0.5684 1 0 0 0 0 0 1 0 0 0 0 0 2 1 3 1 3 1 3 5 7 10 13 
1 5 11076 1 0 1 0 0 6 1 7 1 1 2 2 1 3 83 0.2627 176 130 306 46 1.3538 1 1 1.0057 1.0078 0.0159 0.0117 1 1 93 47 0.5284 0.3615 1 0 0 0 0 0 1 0 0 0 0 0 2 0 4 1 3 1 3 7 9 13 12 
1 5 11076 0 1 1 0 0 6 5 11 0.5000 4.5000 5 2 1 3 75 0.2373 176 137 313 39 1.2847 1 1 1.0057 1.0074 0.0159 0.0124 1 1 101 62 0.5739 0.4526 1 0 0 0 0 0 1 0 0 0 0 0 1 0 1 0 1 1 3 5 8 11 14 
0 5 11075 1 0 0 1 0 0 1 1 0 0 0 2 1 3 126 0.3987 134 53 187 81 2.5283 0 0 1 1 0.0121 0.0048 1 0 8 -73.0000 0.0597 -1.3774 1 0 0 0 0 0 1 0 0 0 0 0 2 2 4 2 4 3 4 8 12 16 20 
0 5 11075 1 0 0 1 0 0 0 0 0 0 0 2 6 8 102 0.3228 190 56 246 134 3.3929 0 0 1 1 0.0172 0.0051 1 0 88 -46.0000 0.4632 -0.8214 1 0 0 0 0 1 6 0 0 0 0 0 2 2 4 2 4 8 4 5 8 9 11 
0 5 11075 1 0 0 1 0 0 0 0 0 0 0 1 6 7 110 0.3481 305 56 361 249 5.4464 0 0 1 1 0.0275 0.0051 1 0 195 -54.0000 0.6393 -0.9643 1 0 0 0 0 0 6 0 0 0 0 0 2 2 4 2 4 2 4 5 8 9 11 
0 5 11075 1 0 0 1 0 0 0 0 0 0 0 1 6 7 97 0.3070 203 56 259 147 3.6250 0 0 1 1 0.0183 0.0051 1 0 106 -41.0000 0.5222 -0.7321 1 0 0 0 0 1 6 0 0 0 0 0 2 2 4 2 4 8 4 5 8 9 11 
0 5 11075 1 0 0 1 0 0 0 0 0 0 0 1 2 3 108 0.3418 158 35 193 123 4.5143 0 0 1 1 0.0143 0.0032 1 0 50 -73.0000 0.3165 -2.0857 1 0 0 0 0 0 2 0 0 0 0 0 2 2 4 2 4 2 4 8 12 16 20 
0 5 11075 1 0 0 1 0 0 0 0 0 0 0 1 1 2 68 0.2152 104 22 126 82 4.7273 0 0 1 1 0.0094 0.0020 1 0 36 -46.0000 0.3462 -2.0909 1 0 0 0 0 0 1 0 0 0 0 0 2 2 4 3 6 4 4 8 12 14 16 
0 5 11075 1 0 0 1 0 0 0 0 0 0 0 2 1 3 134 0.4241 149 63 212 86 2.3651 0 0 1 1 0.0135 0.0057 1 0 15 -71.0000 0.1007 -1.1270 1 0 0 0 0 0 1 0 0 0 0 0 2 2 4 2 4 2 4 8 10 13 16 
0 5 11075 1 0 0 1 0 0 0 0 0 0 0 2 2 4 74 0.2342 149 31 180 118 4.8065 0 0 1 1 0.0135 0.0028 1 0 75 -43.0000 0.5034 -1.3871 1 0 0 0 0 0 2 0 0 0 0 0 2 2 4 2 4 2 4 6 8 10 13 
0 5 11075 1 0 0 1 0 0 0 0 0 0 0 1 2 3 37 0.1171 60 31 91 29 1.9355 0 0 1 1 0.0054 0.0028 1 0 23 -6.0000 0.3833 -0.1935 1 0 0 0 0 0 2 0 0 0 0 0 2 2 4 8 4 7 4 6 8 10 13 
0 5 11075 1 0 0 1 0 0 0 0 0 0 0 1 6 7 83 0.2627 202 56 258 146 3.6071 0 0 1 1 0.0182 0.0051 1 0 119 -27.0000 0.5891 -0.4821 1 0 1 1 0 0 6 0 0 0 0 0 2 2 7 6 6 4 4 5 8 9 11 
0 5 11075 1 0 0 1 0 0 0 0 0 0 0 2 6 8 85 0.2690 103 56 159 47 1.8393 0 0 1 1 0.0093 0.0051 1 0 18 -29.0000 0.1748 -0.5179 1 1 1 0 0 0 6 0 0 0 0 0 2 4 7 4 6 4 4 5 8 9 11 
0 5 11075 1 0 0 1 0 1 0 1 0 0 0 2 6 8 86 0.2722 151 56 207 95 2.6964 0 0 1 1 0.0136 0.0051 1 0 65 -30.0000 0.4305 -0.5357 1 1 0 1 0 0 6 0 0 0 0 0 2 4 4 8 4 6 4 5 8 9 11 
0 5 11075 1 0 0 1 0 0 0 0 0 0 0 2 2 4 155 0.4905 211 35 246 176 6.0286 0 0 1 1 0.0191 0.0032 1 0 56 -120.0000 0.2654 -3.4286 1 0 0 0 0 0 2 0 0 0 0 0 2 2 4 2 4 2 4 8 12 16 20 
0 5 11075 1 0 0 1 0 0 0 0 0 0 0 2 1 3 139 0.4399 211 32 243 179 6.5938 0 0 1 1 0.0191 0.0029 1 0 72 -107.0000 0.3412 -3.3438 1 0 0 0 0 0 1 0 0 0 0 0 2 2 4 2 4 2 4 7 10 12 14 
0 5 11075 0 1 0 1 0 0 0 0 0 0 0 2 1 3 20 0.0633 65 105 170 40 1.6154 0 0 1 1 0.0059 0.0095 1 1 45 85 0.6923 0.8095 1 0 0 0 0 0 1 0 0 0 1 0 1 0 1 0 1 1 3 7 10 13 15 
0 5 11075 0 1 0 1 0 0 0 0 0 0 0 2 1 3 22 0.0696 65 80 145 15 1.2308 0 0 1 1 0.0059 0.0072 1 1 43 58 0.6615 0.7250 1 0 0 1 0 0 1 1 0 0 0 0 1 0 1 0 6 1 3 7 10 13 15 
0 5 11075 1 0 0 1 0 0 0 0 0 0 0 1 2 3 19 0.0601 48 190 238 142 3.9583 0 0 1 1 0.0043 0.0172 1 1 29 171 0.6042 0.9000 1 0 0 0 0 0 1 0 0 0 0 0 2 0 4 0 4 4 3 6 9 13 16 
0 5 11075 1 0 0 1 0 0 0 0 0 0 0 1 1 2 92 0.2911 103 177 280 74 1.7184 0 0 1 1 0.0093 0.0160 1 1 11 85 0.1068 0.4802 1 0 0 0 0 0 1 0 0 0 0 0 2 0 4 0 4 0 3 6 8 11 13 
0 5 11075 1 0 0 1 0 0 0 0 0 0 0 2 1 3 36 0.1139 134 253 387 119 1.8881 0 0 1 1 0.0121 0.0228 1 1 98 217 0.7313 0.8577 1 0 0 0 0 0 2 1 0 0 0 0 2 0 4 0 4 6 3 6 9 12 14 
0 5 11075 0 1 0 1 0 1 0 1 0 0.5000 0.5000 2 1 3 52 0.1646 253 162 415 91 1.5617 1 0 1.0040 1 0.0228 0.0146 1 1 201 110 0.7945 0.6790 1 0 0 0 0 0 2 0 0 0 0 0 1 0 1 0 2 0 2 5 7 11 13 
0 5 11075 0 1 0 0 1 1 0 1 0 0 0 2 1 3 54 0.1709 251 72 323 179 3.4861 1 0 1.0040 1 0.0227 0.0065 1 1 197 18 0.7849 0.2500 1 0 0 0 0 0 1 0 0 0 0 0 1 0 1 0 1 1 2 4 6 10 13 

0 6 11075 0 1 1 0 0 1 1 2 0 1 1 2 2 4 44 0.1397 176 151 327 25 1.1656 1 0 1.0057 1 0.0159 0.0136 1 1 132 107 0.7500 0.7086 1 1 0 0 0 0 2 0 0 0 0 0 1 2 1 1 1 8 2 4 7 10 14 
0 6 11075 1 0 1 0 0 1 0 1 0 0 0 2 2 4 43 0.1365 176 103 279 73 1.7087 1 0 1.0057 1 0.0159 0.0093 1 1 133 60 0.7557 0.5825 1 1 0 0 0 0 2 0 0 0 0 0 2 3 3 3 3 3 3 5 9 12 15 
0 6 11075 1 0 1 0 0 1 1 2 0.5000 0.5000 1 2 1 3 53 0.1683 253 101 354 152 2.5050 1 0 1.0040 1 0.0228 0.0091 1 1 200 48 0.7905 0.4752 1 1 0 0 0 0 2 1 0 0 0 0 2 1 6 1 5 1 3 6 9 12 15 
0 6 11075 0 1 1 0 0 1 1 2 0 1 1 2 1 3 149 0.4730 251 243 494 8 1.0329 1 0 1.0040 1 0.0227 0.0219 1 1 102 94 0.4064 0.3868 1 0 0 0 0 0 1 0 0 0 0 0 1 0 1 0 1 1 2 5 7 10 14 
0 6 11075 0 1 1 0 0 1 1 2 0 1 1 1 1 2 57 0.1810 110 155 265 45 1.4091 1 0 1.0092 1 0.0099 0.0140 1 1 53 98 0.4818 0.6323 1 0 0 0 0 0 1 0 0 0 0 0 1 0 1 0 1 1 3 6 9 13 15 
0 6 11075 1 0 1 0 0 2 2 4 1 1 2 1 1 2 41 0.1302 96 316 412 220 3.2917 1 0 1.0105 1 0.0087 0.0285 1 1 55 275 0.5729 0.8703 1 0 0 0 0 0 1 0 0 0 0 0 2 1 3 1 3 1 3 5 7 10 13 
1 6 11076 1 0 1 0 0 7 1 8 1 1 2 2 1 3 83 0.2635 176 130 306 46 1.3538 1 1 1.0057 1.0078 0.0159 0.0117 1 1 93 47 0.5284 0.3615 1 0 0 0 0 0 1 0 0 0 0 0 2 0 4 1 3 1 3 7 9 13 12 
1 6 11076 0 1 1 0 0 7 6 13 0.5000 5.5000 6 2 1 3 75 0.2381 176 137 313 39 1.2847 1 1 1.0057 1.0074 0.0159 0.0124 1 1 101 62 0.5739 0.4526 1 0 0 0 0 0 1 0 0 0 0 0 1 0 1 0 1 1 3 5 8 11 14 
0 6 11075 1 0 0 1 0 0 1 1 0 0 0 2 1 3 126 0.4000 134 53 187 81 2.5283 0 0 1 1 0.0121 0.0048 1 0 8 -73.0000 0.0597 -1.3774 1 0 0 0 0 0 1 0 0 0 0 0 2 2 4 2 4 3 4 8 12 16 20 
0 6 11075 1 0 0 1 0 0 0 0 0 0 0 2 6 8 102 0.3238 190 56 246 134 3.3929 0 0 1 1 0.0172 0.0051 1 0 88 -46.0000 0.4632 -0.8214 1 0 0 0 0 1 6 0 0 0 0 0 2 2 4 2 4 8 4 5 8 9 11 
0 6 11075 1 0 0 1 0 0 0 0 0 0 0 1 6 7 110 0.3492 305 56 361 249 5.4464 0 0 1 1 0.0275 0.0051 1 0 195 -54.0000 0.6393 -0.9643 1 0 0 0 0 0 6 0 0 0 0 0 2 2 4 2 4 2 4 5 8 9 11 
0 6 11075 1 0 0 1 0 0 0 0 0 0 0 1 6 7 97 0.3079 203 56 259 147 3.6250 0 0 1 1 0.0183 0.0051 1 0 106 -41.0000 0.5222 -0.7321 1 0 0 0 0 1 6 0 0 0 0 0 2 2 4 2 4 8 4 5 8 9 11 
0 6 11075 1 0 0 1 0 0 0 0 0 0 0 1 2 3 108 0.3429 158 35 193 123 4.5143 0 0 1 1 0.0143 0.0032 1 0 50 -73.0000 0.3165 -2.0857 1 0 0 0 0 0 2 0 0 0 0 0 2 2 4 2 4 2 4 8 12 16 20 
0 6 11075 1 0 0 1 0 0 0 0 0 0 0 1 1 2 68 0.2159 104 22 126 82 4.7273 0 0 1 1 0.0094 0.0020 1 0 36 -46.0000 0.3462 -2.0909 1 0 0 0 0 0 1 0 0 0 0 0 2 2 4 3 6 4 4 8 12 14 16 
0 6 11075 1 0 0 1 0 0 0 0 0 0 0 2 1 3 134 0.4254 149 63 212 86 2.3651 0 0 1 1 0.0135 0.0057 1 0 15 -71.0000 0.1007 -1.1270 1 0 0 0 0 0 1 0 0 0 0 0 2 2 4 2 4 2 4 8 10 13 16 
0 6 11075 1 0 0 1 0 0 0 0 0 0 0 2 2 4 74 0.2349 149 31 180 118 4.8065 0 0 1 1 0.0135 0.0028 1 0 75 -43.0000 0.5034 -1.3871 1 0 0 0 0 0 2 0 0 0 0 0 2 2 4 2 4 2 4 6 8 10 13 
0 6 11075 1 0 0 1 0 0 0 0 0 0 0 1 2 3 37 0.1175 60 31 91 29 1.9355 0 0 1 1 0.0054 0.0028 1 0 23 -6.0000 0.3833 -0.1935 1 0 0 0 0 0 2 0 0 0 0 0 2 2 4 8 4 7 4 6 8 10 13 
0 6 11075 1 0 0 1 0 0 0 0 0 0 0 1 6 7 83 0.2635 202 56 258 146 3.6071 0 0 1 1 0.0182 0.0051 1 0 119 -27.0000 0.5891 -0.4821 1 0 1 1 0 0 6 0 0 0 0 0 2 2 7 6 6 4 4 5 8 9 11 
0 6 11075 1 0 0 1 0 0 0 0 0 0 0 2 6 8 85 0.2698 103 56 159 47 1.8393 0 0 1 1 0.0093 0.0051 1 0 18 -29.0000 0.1748 -0.5179 1 1 1 0 0 0 6 0 0 0 0 0 2 4 7 4 6 4 4 5 8 9 11 
0 6 11075 1 0 0 1 0 1 0 1 0 0 0 2 6 8 86 0.2730 151 56 207 95 2.6964 0 0 1 1 0.0136 0.0051 1 0 65 -30.0000 0.4305 -0.5357 1 1 0 1 0 0 6 0 0 0 0 0 2 4 4 8 4 6 4 5 8 9 11 
0 6 11075 1 0 0 1 0 0 0 0 0 0 0 2 2 4 155 0.4921 211 35 246 176 6.0286 0 0 1 1 0.0191 0.0032 1 0 56 -120.0000 0.2654 -3.4286 1 0 0 0 0 0 2 0 0 0 0 0 2 2 4 2 4 2 4 8 12 16 20 
0 6 11075 1 0 0 1 0 0 0 0 0 0 0 2 1 3 139 0.4413 211 32 243 179 6.5938 0 0 1 1 0.0191 0.0029 1 0 72 -107.0000 0.3412 -3.3438 1 0 0 0 0 0 1 0 0 0 0 0 2 2 4 2 4 2 4 7 10 12 14 
0 6 11075 0 1 0 1 0 0 0 0 0 0 0 2 1 3 20 0.0635 65 105 170 40 1.6154 0 0 1 1 0.0059 0.0095 1 1 45 85 0.6923 0.8095 1 0 0 0 0 0 1 0 0 0 1 0 1 0 1 0 1 1 3 7 10 13 15 
0 6 11075 0 1 0 1 0 0 0 0 0 0 0 2 1 3 22 0.0698 65 80 145 15 1.2308 0 0 1 1 0.0059 0.0072 1 1 43 58 0.6615 0.7250 1 0 0 1 0 0 1 1 0 0 0 0 1 0 1 0 6 1 3 7 10 13 15 
0 6 11075 1 0 0 1 0 0 0 0 0 0 0 1 2 3 19 0.0603 48 190 238 142 3.9583 0 0 1 1 0.0043 0.0172 1 1 29 171 0.6042 0.9000 1 0 0 0 0 0 1 0 0 0 0 0 2 0 4 0 4 4 3 6 9 13 16 
0 6 11075 1 0 0 1 0 0 0 0 0 0 0 1 1 2 92 0.2921 103 177 280 74 1.7184 0 0 1 1 0.0093 0.0160 1 1 11 85 0.1068 0.4802 1 0 0 0 0 0 1 0 0 0 0 0 2 0 4 0 4 0 3 6 8 11 13 
0 6 11075 1 0 0 1 0 0 0 0 0 0 0 2 1 3 36 0.1143 134 253 387 119 1.8881 0 0 1 1 0.0121 0.0228 1 1 98 217 0.7313 0.8577 1 0 0 0 0 0 2 1 0 0 0 0 2 0 4 0 4 6 3 6 9 12 14 
0 6 11075 0 1 0 1 0 1 0 1 0 0.5000 0.5000 2 1 3 52 0.1651 253 162 415 91 1.5617 1 0 1.0040 1 0.0228 0.0146 1 1 201 110 0.7945 0.6790 1 0 0 0 0 0 2 0 0 0 0 0 1 0 1 0 2 0 2 5 7 11 13 
0 6 11075 0 1 0 0 1 1 0 1 0 0 0 2 1 3 54 0.1714 251 72 323 179 3.4861 1 0 1.0040 1 0.0227 0.0065 1 1 197 18 0.7849 0.2500 1 0 0 0 0 0 1 0 0 0 0 0 1 0 1 0 1 1 2 4 6 10 13 

0 7 11075 0 1 1 0 0 1 1 2 0 1 1 2 2 4 44 0.1392 176 151 327 25 1.1656 1 0 1.0057 1 0.0159 0.0136 1 1 132 107 0.7500 0.7086 1 1 0 0 0 0 2 0 0 0 0 0 1 2 1 1 1 8 2 4 7 10 14 
0 7 11075 1 0 1 0 0 1 0 1 0 0 0 2 2 4 43 0.1361 176 103 279 73 1.7087 1 0 1.0057 1 0.0159 0.0093 1 1 133 60 0.7557 0.5825 1 1 0 0 0 0 2 0 0 0 0 0 2 3 3 3 3 3 3 5 9 12 15 
0 7 11075 1 0 1 0 0 1 1 2 0.5000 0.5000 1 2 1 3 53 0.1677 253 101 354 152 2.5050 1 0 1.0040 1 0.0228 0.0091 1 1 200 48 0.7905 0.4752 1 1 0 0 0 0 2 1 0 0 0 0 2 1 6 1 5 1 3 6 9 12 15 
0 7 11075 0 1 1 0 0 1 1 2 0 1 1 1 2 3 149 0.4715 244 250 494 6 1.0246 1 0 1.0041 1 0.0220 0.0226 1 1 95 101 0.3893 0.4040 1 0 0 0 0 0 1 0 0 0 0 0 1 0 4 0 2 1 3 6 9 13 15 
0 7 11075 0 1 1 0 0 2 2 4 0 2 2 1 1 2 57 0.1804 156 109 265 47 1.4312 1 0 1.0065 1 0.0141 0.0098 1 1 99 52 0.6346 0.4771 1 0 0 0 0 0 1 0 0 0 0 0 1 0 1 0 1 1 2 4 7 10 13 
0 7 11075 1 0 1 0 0 3 3 6 1.5000 1.5000 3 1 1 2 41 0.1297 317 95 412 222 3.3368 1 0 1.0032 1 0.0286 0.0086 1 1 276 54 0.8707 0.5684 1 0 0 0 0 0 1 0 0 0 0 0 2 1 3 1 3 1 3 5 7 10 13 
1 7 11076 1 0 1 0 0 8 1 9 1 1 2 2 1 3 83 0.2627 176 130 306 46 1.3538 1 1 1.0057 1.0078 0.0159 0.0117 1 1 93 47 0.5284 0.3615 1 0 0 0 0 0 1 0 0 0 0 0 2 0 4 1 3 1 3 7 9 13 12 
1 7 11076 0 1 1 0 0 8 7 15 0.5000 6.5000 7 2 1 3 75 0.2373 176 137 313 39 1.2847 1 1 1.0057 1.0074 0.0159 0.0124 1 1 101 62 0.5739 0.4526 1 0 0 0 0 0 1 0 0 0 0 0 1 0 1 0 1 1 3 5 8 11 14 
0 7 11075 1 0 0 1 0 0 1 1 0 0 0 2 1 3 126 0.3987 134 53 187 81 2.5283 0 0 1 1 0.0121 0.0048 1 0 8 -73.0000 0.0597 -1.3774 1 0 0 0 0 0 1 0 0 0 0 0 2 2 4 2 4 3 4 8 12 16 20 
0 7 11075 1 0 0 1 0 0 0 0 0 0 0 2 6 8 102 0.3228 190 56 246 134 3.3929 0 0 1 1 0.0172 0.0051 1 0 88 -46.0000 0.4632 -0.8214 1 0 0 0 0 1 6 0 0 0 0 0 2 2 4 2 4 8 4 5 8 9 11 
0 7 11075 1 0 0 1 0 0 0 0 0 0 0 1 6 7 110 0.3481 305 56 361 249 5.4464 0 0 1 1 0.0275 0.0051 1 0 195 -54.0000 0.6393 -0.9643 1 0 0 0 0 0 6 0 0 0 0 0 2 2 4 2 4 2 4 5 8 9 11 
0 7 11075 1 0 0 1 0 0 0 0 0 0 0 1 6 7 97 0.3070 203 56 259 147 3.6250 0 0 1 1 0.0183 0.0051 1 0 106 -41.0000 0.5222 -0.7321 1 0 0 0 0 1 6 0 0 0 0 0 2 2 4 2 4 8 4 5 8 9 11 
0 7 11075 1 0 0 1 0 0 0 0 0 0 0 1 2 3 108 0.3418 158 35 193 123 4.5143 0 0 1 1 0.0143 0.0032 1 0 50 -73.0000 0.3165 -2.0857 1 0 0 0 0 0 2 0 0 0 0 0 2 2 4 2 4 2 4 8 12 16 20 
0 7 11075 1 0 0 1 0 0 0 0 0 0 0 1 1 2 68 0.2152 104 22 126 82 4.7273 0 0 1 1 0.0094 0.0020 1 0 36 -46.0000 0.3462 -2.0909 1 0 0 0 0 0 1 0 0 0 0 0 2 2 4 3 6 4 4 8 12 14 16 
0 7 11075 1 0 0 1 0 0 0 0 0 0 0 2 1 3 134 0.4241 149 63 212 86 2.3651 0 0 1 1 0.0135 0.0057 1 0 15 -71.0000 0.1007 -1.1270 1 0 0 0 0 0 1 0 0 0 0 0 2 2 4 2 4 2 4 8 10 13 16 
0 7 11075 1 0 0 1 0 0 0 0 0 0 0 2 2 4 74 0.2342 149 31 180 118 4.8065 0 0 1 1 0.0135 0.0028 1 0 75 -43.0000 0.5034 -1.3871 1 0 0 0 0 0 2 0 0 0 0 0 2 2 4 2 4 2 4 6 8 10 13 
0 7 11075 1 0 0 1 0 0 0 0 0 0 0 1 2 3 37 0.1171 60 31 91 29 1.9355 0 0 1 1 0.0054 0.0028 1 0 23 -6.0000 0.3833 -0.1935 1 0 0 0 0 0 2 0 0 0 0 0 2 2 4 8 4 7 4 6 8 10 13 
0 7 11075 1 0 0 1 0 0 0 0 0 0 0 1 6 7 83 0.2627 202 56 258 146 3.6071 0 0 1 1 0.0182 0.0051 1 0 119 -27.0000 0.5891 -0.4821 1 0 1 1 0 0 6 0 0 0 0 0 2 2 7 6 6 4 4 5 8 9 11 
0 7 11075 1 0 0 1 0 0 0 0 0 0 0 2 6 8 85 0.2690 103 56 159 47 1.8393 0 0 1 1 0.0093 0.0051 1 0 18 -29.0000 0.1748 -0.5179 1 1 1 0 0 0 6 0 0 0 0 0 2 4 7 4 6 4 4 5 8 9 11 
0 7 11075 1 0 0 1 0 1 0 1 0 0 0 2 6 8 86 0.2722 151 56 207 95 2.6964 0 0 1 1 0.0136 0.0051 1 0 65 -30.0000 0.4305 -0.5357 1 1 0 1 0 0 6 0 0 0 0 0 2 4 4 8 4 6 4 5 8 9 11 
0 7 11075 1 0 0 1 0 0 0 0 0 0 0 2 2 4 155 0.4905 211 35 246 176 6.0286 0 0 1 1 0.0191 0.0032 1 0 56 -120.0000 0.2654 -3.4286 1 0 0 0 0 0 2 0 0 0 0 0 2 2 4 2 4 2 4 8 12 16 20 
0 7 11075 1 0 0 1 0 0 0 0 0 0 0 2 1 3 139 0.4399 211 32 243 179 6.5938 0 0 1 1 0.0191 0.0029 1 0 72 -107.0000 0.3412 -3.3438 1 0 0 0 0 0 1 0 0 0 0 0 2 2 4 2 4 2 4 7 10 12 14 
0 7 11075 0 1 0 1 0 0 0 0 0 0 0 2 1 3 20 0.0633 65 105 170 40 1.6154 0 0 1 1 0.0059 0.0095 1 1 45 85 0.6923 0.8095 1 0 0 0 0 0 1 0 0 0 1 0 1 0 1 0 1 1 3 7 10 13 15 
0 7 11075 0 1 0 1 0 0 0 0 0 0 0 2 1 3 22 0.0696 65 80 145 15 1.2308 0 0 1 1 0.0059 0.0072 1 1 43 58 0.6615 0.7250 1 0 0 1 0 0 1 1 0 0 0 0 1 0 1 0 6 1 3 7 10 13 15 
0 7 11075 1 0 0 1 0 0 0 0 0 0 0 1 2 3 19 0.0601 48 190 238 142 3.9583 0 0 1 1 0.0043 0.0172 1 1 29 171 0.6042 0.9000 1 0 0 0 0 0 1 0 0 0 0 0 2 0 4 0 4 4 3 6 9 13 16 
0 7 11075 1 0 0 1 0 0 0 0 0 0 0 1 1 2 92 0.2911 103 177 280 74 1.7184 0 0 1 1 0.0093 0.0160 1 1 11 85 0.1068 0.4802 1 0 0 0 0 0 1 0 0 0 0 0 2 0 4 0 4 0 3 6 8 11 13 
0 7 11075 1 0 0 1 0 0 0 0 0 0 0 2 1 3 36 0.1139 134 253 387 119 1.8881 0 0 1 1 0.0121 0.0228 1 1 98 217 0.7313 0.8577 1 0 0 0 0 0 2 1 0 0 0 0 2 0 4 0 4 6 3 6 9 12 14 
0 7 11075 0 1 0 1 0 0 1 1 0 0 0 1 2 3 54 0.1709 72 250 322 178 3.4722 0 0 1 1 0.0065 0.0226 1 1 18 196 0.2500 0.7840 1 0 0 0 0 0 1 0 0 0 0 0 1 0 1 0 1 1 3 5 8 11 14 
0 7 11075 0 1 0 1 0 1 0 1 0 0.5000 0.5000 2 1 3 52 0.1646 253 162 415 91 1.5617 1 0 1.0040 1 0.0228 0.0146 1 1 201 110 0.7945 0.6790 1 0 0 0 0 0 2 0 0 0 0 0 1 0 1 0 2 0 2 5 7 11 13 

0 8 11075 0 1 1 0 0 1 1 2 0 1 1 2 2 4 44 0.1397 176 151 327 25 1.1656 1 0 1.0057 1 0.0159 0.0136 1 1 132 107 0.7500 0.7086 1 1 0 0 0 0 2 0 0 0 0 0 1 2 1 1 1 8 2 4 7 10 14 
0 8 11075 1 0 1 0 0 1 0 1 0 0 0 2 2 4 43 0.1365 176 103 279 73 1.7087 1 0 1.0057 1 0.0159 0.0093 1 1 133 60 0.7557 0.5825 1 1 0 0 0 0 2 0 0 0 0 0 2 3 3 3 3 3 3 5 9 12 15 
0 8 11075 1 0 1 0 0 1 1 2 0.5000 0.5000 1 2 1 3 53 0.1683 253 101 354 152 2.5050 1 0 1.0040 1 0.0228 0.0091 1 1 200 48 0.7905 0.4752 1 1 0 0 0 0 2 1 0 0 0 0 2 1 6 1 5 1 3 6 9 12 15 
0 8 11075 0 1 1 0 0 1 1 2 0 1 1 1 2 3 149 0.4730 244 250 494 6 1.0246 1 0 1.0041 1 0.0220 0.0226 1 1 95 101 0.3893 0.4040 1 0 0 0 0 0 1 0 0 0 0 0 1 0 4 0 2 1 3 6 9 13 15 
0 8 11075 0 1 1 0 0 2 2 4 0 2 2 1 1 2 57 0.1810 156 109 265 47 1.4312 1 0 1.0065 1 0.0141 0.0098 1 1 99 52 0.6346 0.4771 1 0 0 0 0 0 1 0 0 0 0 0 1 0 1 0 1 1 2 4 7 10 13 
0 8 11075 1 0 1 0 0 3 3 6 1.5000 1.5000 3 1 1 2 41 0.1302 96 316 412 220 3.2917 1 0 1.0105 1 0.0087 0.0285 1 1 55 275 0.5729 0.8703 1 0 0 0 0 0 1 0 0 0 0 0 2 1 3 1 3 1 3 5 7 10 13 
1 8 11076 1 0 1 0 0 9 1 10 1 1 2 2 1 3 83 0.2635 176 130 306 46 1.3538 1 1 1.0057 1.0078 0.0159 0.0117 1 1 93 47 0.5284 0.3615 1 0 0 0 0 0 1 0 0 0 0 0 2 0 4 1 3 1 3 7 9 13 12 
1 8 11076 0 1 1 0 0 9 8 17 0.5000 7.5000 8 2 1 3 75 0.2381 176 137 313 39 1.2847 1 1 1.0057 1.0074 0.0159 0.0124 1 1 101 62 0.5739 0.4526 1 0 0 0 0 0 1 0 0 0 0 0 1 0 1 0 1 1 3 5 8 11 14 
0 8 11075 1 0 0 1 0 0 1 1 0 0 0 2 1 3 126 0.4000 134 53 187 81 2.5283 0 0 1 1 0.0121 0.0048 1 0 8 -73.0000 0.0597 -1.3774 1 0 0 0 0 0 1 0 0 0 0 0 2 2 4 2 4 3 4 8 12 16 20 
0 8 11075 1 0 0 1 0 0 0 0 0 0 0 2 6 8 102 0.3238 190 56 246 134 3.3929 0 0 1 1 0.0172 0.0051 1 0 88 -46.0000 0.4632 -0.8214 1 0 0 0 0 1 6 0 0 0 0 0 2 2 4 2 4 8 4 5 8 9 11 
0 8 11075 1 0 0 1 0 0 0 0 0 0 0 1 6 7 110 0.3492 305 56 361 249 5.4464 0 0 1 1 0.0275 0.0051 1 0 195 -54.0000 0.6393 -0.9643 1 0 0 0 0 0 6 0 0 0 0 0 2 2 4 2 4 2 4 5 8 9 11 
0 8 11075 1 0 0 1 0 0 0 0 0 0 0 1 6 7 97 0.3079 203 56 259 147 3.6250 0 0 1 1 0.0183 0.0051 1 0 106 -41.0000 0.5222 -0.7321 1 0 0 0 0 1 6 0 0 0 0 0 2 2 4 2 4 8 4 5 8 9 11 
0 8 11075 1 0 0 1 0 0 0 0 0 0 0 1 2 3 108 0.3429 158 35 193 123 4.5143 0 0 1 1 0.0143 0.0032 1 0 50 -73.0000 0.3165 -2.0857 1 0 0 0 0 0 2 0 0 0 0 0 2 2 4 2 4 2 4 8 12 16 20 
0 8 11075 1 0 0 1 0 0 0 0 0 0 0 1 1 2 68 0.2159 104 22 126 82 4.7273 0 0 1 1 0.0094 0.0020 1 0 36 -46.0000 0.3462 -2.0909 1 0 0 0 0 0 1 0 0 0 0 0 2 2 4 3 6 4 4 8 12 14 16 
0 8 11075 1 0 0 1 0 0 0 0 0 0 0 2 1 3 134 0.4254 149 63 212 86 2.3651 0 0 1 1 0.0135 0.0057 1 0 15 -71.0000 0.1007 -1.1270 1 0 0 0 0 0 1 0 0 0 0 0 2 2 4 2 4 2 4 8 10 13 16 
0 8 11075 1 0 0 1 0 0 0 0 0 0 0 2 2 4 74 0.2349 149 31 180 118 4.8065 0 0 1 1 0.0135 0.0028 1 0 75 -43.0000 0.5034 -1.3871 1 0 0 0 0 0 2 0 0 0 0 0 2 2 4 2 4 2 4 6 8 10 13 
0 8 11075 1 0 0 1 0 0 0 0 0 0 0 1 2 3 37 0.1175 60 31 91 29 1.9355 0 0 1 1 0.0054 0.0028 1 0 23 -6.0000 0.3833 -0.1935 1 0 0 0 0 0 2 0 0 0 0 0 2 2 4 8 4 7 4 6 8 10 13 
0 8 11075 1 0 0 1 0 0 0 0 0 0 0 1 6 7 83 0.2635 202 56 258 146 3.6071 0 0 1 1 0.0182 0.0051 1 0 119 -27.0000 0.5891 -0.4821 1 0 1 1 0 0 6 0 0 0 0 0 2 2 7 6 6 4 4 5 8 9 11 
0 8 11075 1 0 0 1 0 0 0 0 0 0 0 2 6 8 85 0.2698 103 56 159 47 1.8393 0 0 1 1 0.0093 0.0051 1 0 18 -29.0000 0.1748 -0.5179 1 1 1 0 0 0 6 0 0 0 0 0 2 4 7 4 6 4 4 5 8 9 11 
0 8 11075 1 0 0 1 0 1 0 1 0 0 0 2 6 8 86 0.2730 151 56 207 95 2.6964 0 0 1 1 0.0136 0.0051 1 0 65 -30.0000 0.4305 -0.5357 1 1 0 1 0 0 6 0 0 0 0 0 2 4 4 8 4 6 4 5 8 9 11 
0 8 11075 1 0 0 1 0 0 0 0 0 0 0 2 2 4 155 0.4921 211 35 246 176 6.0286 0 0 1 1 0.0191 0.0032 1 0 56 -120.0000 0.2654 -3.4286 1 0 0 0 0 0 2 0 0 0 0 0 2 2 4 2 4 2 4 8 12 16 20 
0 8 11075 1 0 0 1 0 0 0 0 0 0 0 2 1 3 139 0.4413 211 32 243 179 6.5938 0 0 1 1 0.0191 0.0029 1 0 72 -107.0000 0.3412 -3.3438 1 0 0 0 0 0 1 0 0 0 0 0 2 2 4 2 4 2 4 7 10 12 14 
0 8 11075 0 1 0 1 0 0 0 0 0 0 0 2 1 3 20 0.0635 65 105 170 40 1.6154 0 0 1 1 0.0059 0.0095 1 1 45 85 0.6923 0.8095 1 0 0 0 0 0 1 0 0 0 1 0 1 0 1 0 1 1 3 7 10 13 15 
0 8 11075 0 1 0 1 0 0 0 0 0 0 0 2 1 3 22 0.0698 65 80 145 15 1.2308 0 0 1 1 0.0059 0.0072 1 1 43 58 0.6615 0.7250 1 0 0 1 0 0 1 1 0 0 0 0 1 0 1 0 6 1 3 7 10 13 15 
0 8 11075 1 0 0 1 0 0 0 0 0 0 0 1 2 3 19 0.0603 48 190 238 142 3.9583 0 0 1 1 0.0043 0.0172 1 1 29 171 0.6042 0.9000 1 0 0 0 0 0 1 0 0 0 0 0 2 0 4 0 4 4 3 6 9 13 16 
0 8 11075 1 0 0 1 0 0 0 0 0 0 0 1 1 2 92 0.2921 103 177 280 74 1.7184 0 0 1 1 0.0093 0.0160 1 1 11 85 0.1068 0.4802 1 0 0 0 0 0 1 0 0 0 0 0 2 0 4 0 4 0 3 6 8 11 13 
0 8 11075 1 0 0 1 0 0 0 0 0 0 0 2 1 3 36 0.1143 134 253 387 119 1.8881 0 0 1 1 0.0121 0.0228 1 1 98 217 0.7313 0.8577 1 0 0 0 0 0 2 1 0 0 0 0 2 0 4 0 4 6 3 6 9 12 14 
0 8 11075 0 1 0 1 0 0 1 1 0 0 0 1 2 3 54 0.1714 72 250 322 178 3.4722 0 0 1 1 0.0065 0.0226 1 1 18 196 0.2500 0.7840 1 0 0 0 0 0 1 0 0 0 0 0 1 0 1 0 1 1 3 5 8 11 14 
0 8 11075 0 1 0 1 0 1 0 1 0 0.5000 0.5000 2 1 3 52 0.1651 253 162 415 91 1.5617 1 0 1.0040 1 0.0228 0.0146 1 1 201 110 0.7945 0.6790 1 0 0 0 0 0 2 0 0 0 0 0 1 0 1 0 2 0 2 5 7 11 13 

0 9 11075 0 1 1 0 0 1 1 2 0 1 1 2 2 4 44 0.1392 176 151 327 25 1.1656 1 0 1.0057 1 0.0159 0.0136 1 1 132 107 0.7500 0.7086 1 1 0 0 0 0 2 0 0 0 0 0 1 2 1 1 1 8 2 4 7 10 14 
0 9 11075 1 0 1 0 0 1 0 1 0 0 0 2 2 4 43 0.1361 176 103 279 73 1.7087 1 0 1.0057 1 0.0159 0.0093 1 1 133 60 0.7557 0.5825 1 1 0 0 0 0 2 0 0 0 0 0 2 3 3 3 3 3 3 5 9 12 15 
0 9 11075 1 0 1 0 0 1 1 2 0.5000 0.5000 1 2 1 3 53 0.1677 253 101 354 152 2.5050 1 0 1.0040 1 0.0228 0.0091 1 1 200 48 0.7905 0.4752 1 1 0 0 0 0 2 1 0 0 0 0 2 1 6 1 5 1 3 6 9 12 15 
0 9 11075 0 1 1 0 0 1 1 2 0 1 1 1 2 3 149 0.4715 244 250 494 6 1.0246 1 0 1.0041 1 0.0220 0.0226 1 1 95 101 0.3893 0.4040 1 0 0 0 0 0 1 0 0 0 0 0 1 0 4 0 2 1 3 6 9 13 15 
0 9 11075 0 1 1 0 0 2 2 4 0 2 2 1 1 2 57 0.1804 110 155 265 45 1.4091 1 0 1.0092 1 0.0099 0.0140 1 1 53 98 0.4818 0.6323 1 0 0 0 0 0 1 0 0 0 0 0 1 0 1 0 1 1 3 6 9 13 15 
0 9 11075 1 0 1 0 0 4 4 8 2 2 4 1 1 2 41 0.1297 317 95 412 222 3.3368 1 0 1.0032 1 0.0286 0.0086 1 1 276 54 0.8707 0.5684 1 0 0 0 0 0 1 0 0 0 0 0 2 1 3 1 3 1 3 5 7 10 13 
1 9 11076 1 0 1 0 0 10 1 11 1 1 2 2 1 3 83 0.2627 176 130 306 46 1.3538 1 1 1.0057 1.0078 0.0159 0.0117 1 1 93 47 0.5284 0.3615 1 0 0 0 0 0 1 0 0 0 0 0 2 0 4 1 3 1 3 7 9 13 12 
1 9 11076 0 1 1 0 0 10 9 19 0.5000 8.5000 9 2 1 3 75 0.2373 176 137 313 39 1.2847 1 1 1.0057 1.0074 0.0159 0.0124 1 1 101 62 0.5739 0.4526 1 0 0 0 0 0 1 0 0 0 0 0 1 0 1 0 1 1 3 5 8 11 14 
0 9 11075 1 0 0 1 0 0 1 1 0 0 0 2 1 3 126 0.3987 134 53 187 81 2.5283 0 0 1 1 0.0121 0.0048 1 0 8 -73.0000 0.0597 -1.3774 1 0 0 0 0 0 1 0 0 0 0 0 2 2 4 2 4 3 4 8 12 16 20 
0 9 11075 1 0 0 1 0 0 0 0 0 0 0 2 6 8 102 0.3228 190 56 246 134 3.3929 0 0 1 1 0.0172 0.0051 1 0 88 -46.0000 0.4632 -0.8214 1 0 0 0 0 1 6 0 0 0 0 0 2 2 4 2 4 8 4 5 8 9 11 
0 9 11075 1 0 0 1 0 0 0 0 0 0 0 1 6 7 110 0.3481 305 56 361 249 5.4464 0 0 1 1 0.0275 0.0051 1 0 195 -54.0000 0.6393 -0.9643 1 0 0 0 0 0 6 0 0 0 0 0 2 2 4 2 4 2 4 5 8 9 11 
0 9 11075 1 0 0 1 0 0 0 0 0 0 0 1 6 7 97 0.3070 203 56 259 147 3.6250 0 0 1 1 0.0183 0.0051 1 0 106 -41.0000 0.5222 -0.7321 1 0 0 0 0 1 6 0 0 0 0 0 2 2 4 2 4 8 4 5 8 9 11 
0 9 11075 1 0 0 1 0 0 0 0 0 0 0 1 2 3 108 0.3418 158 35 193 123 4.5143 0 0 1 1 0.0143 0.0032 1 0 50 -73.0000 0.3165 -2.0857 1 0 0 0 0 0 2 0 0 0 0 0 2 2 4 2 4 2 4 8 12 16 20 
0 9 11075 1 0 0 1 0 0 0 0 0 0 0 1 1 2 68 0.2152 104 22 126 82 4.7273 0 0 1 1 0.0094 0.0020 1 0 36 -46.0000 0.3462 -2.0909 1 0 0 0 0 0 1 0 0 0 0 0 2 2 4 3 6 4 4 8 12 14 16 
0 9 11075 1 0 0 1 0 0 0 0 0 0 0 2 1 3 134 0.4241 149 63 212 86 2.3651 0 0 1 1 0.0135 0.0057 1 0 15 -71.0000 0.1007 -1.1270 1 0 0 0 0 0 1 0 0 0 0 0 2 2 4 2 4 2 4 8 10 13 16 
0 9 11075 1 0 0 1 0 0 0 0 0 0 0 2 2 4 74 0.2342 149 31 180 118 4.8065 0 0 1 1 0.0135 0.0028 1 0 75 -43.0000 0.5034 -1.3871 1 0 0 0 0 0 2 0 0 0 0 0 2 2 4 2 4 2 4 6 8 10 13 
0 9 11075 1 0 0 1 0 0 0 0 0 0 0 1 2 3 37 0.1171 60 31 91 29 1.9355 0 0 1 1 0.0054 0.0028 1 0 23 -6.0000 0.3833 -0.1935 1 0 0 0 0 0 2 0 0 0 0 0 2 2 4 8 4 7 4 6 8 10 13 
0 9 11075 1 0 0 1 0 0 0 0 0 0 0 1 6 7 83 0.2627 202 56 258 146 3.6071 0 0 1 1 0.0182 0.0051 1 0 119 -27.0000 0.5891 -0.4821 1 0 1 1 0 0 6 0 0 0 0 0 2 2 7 6 6 4 4 5 8 9 11 
0 9 11075 1 0 0 1 0 0 0 0 0 0 0 2 6 8 85 0.2690 103 56 159 47 1.8393 0 0 1 1 0.0093 0.0051 1 0 18 -29.0000 0.1748 -0.5179 1 1 1 0 0 0 6 0 0 0 0 0 2 4 7 4 6 4 4 5 8 9 11 
0 9 11075 1 0 0 1 0 1 0 1 0 0 0 2 6 8 86 0.2722 151 56 207 95 2.6964 0 0 1 1 0.0136 0.0051 1 0 65 -30.0000 0.4305 -0.5357 1 1 0 1 0 0 6 0 0 0 0 0 2 4 4 8 4 6 4 5 8 9 11 
0 9 11075 1 0 0 1 0 0 0 0 0 0 0 2 2 4 155 0.4905 211 35 246 176 6.0286 0 0 1 1 0.0191 0.0032 1 0 56 -120.0000 0.2654 -3.4286 1 0 0 0 0 0 2 0 0 0 0 0 2 2 4 2 4 2 4 8 12 16 20 
0 9 11075 1 0 0 1 0 0 0 0 0 0 0 2 1 3 139 0.4399 211 32 243 179 6.5938 0 0 1 1 0.0191 0.0029 1 0 72 -107.0000 0.3412 -3.3438 1 0 0 0 0 0 1 0 0 0 0 0 2 2 4 2 4 2 4 7 10 12 14 
0 9 11075 0 1 0 1 0 0 0 0 0 0 0 2 1 3 20 0.0633 65 105 170 40 1.6154 0 0 1 1 0.0059 0.0095 1 1 45 85 0.6923 0.8095 1 0 0 0 0 0 1 0 0 0 1 0 1 0 1 0 1 1 3 7 10 13 15 
0 9 11075 0 1 0 1 0 0 0 0 0 0 0 2 1 3 22 0.0696 65 80 145 15 1.2308 0 0 1 1 0.0059 0.0072 1 1 43 58 0.6615 0.7250 1 0 0 1 0 0 1 1 0 0 0 0 1 0 1 0 6 1 3 7 10 13 15 
0 9 11075 1 0 0 1 0 0 0 0 0 0 0 1 2 3 19 0.0601 48 190 238 142 3.9583 0 0 1 1 0.0043 0.0172 1 1 29 171 0.6042 0.9000 1 0 0 0 0 0 1 0 0 0 0 0 2 0 4 0 4 4 3 6 9 13 16 
0 9 11075 1 0 0 1 0 0 0 0 0 0 0 1 1 2 92 0.2911 103 177 280 74 1.7184 0 0 1 1 0.0093 0.0160 1 1 11 85 0.1068 0.4802 1 0 0 0 0 0 1 0 0 0 0 0 2 0 4 0 4 0 3 6 8 11 13 
0 9 11075 1 0 0 1 0 0 0 0 0 0 0 2 1 3 36 0.1139 134 253 387 119 1.8881 0 0 1 1 0.0121 0.0228 1 1 98 217 0.7313 0.8577 1 0 0 0 0 0 2 1 0 0 0 0 2 0 4 0 4 6 3 6 9 12 14 
0 9 11075 0 1 0 1 0 0 1 1 0 0 0 1 2 3 54 0.1709 72 250 322 178 3.4722 0 0 1 1 0.0065 0.0226 1 1 18 196 0.2500 0.7840 1 0 0 0 0 0 1 0 0 0 0 0 1 0 1 0 1 1 3 5 8 11 14 
0 9 11075 0 1 0 1 0 1 0 1 0 0.5000 0.5000 2 1 3 52 0.1646 253 162 415 91 1.5617 1 0 1.0040 1 0.0228 0.0146 1 1 201 110 0.7945 0.6790 1 0 0 0 0 0 2 0 0 0 0 0 1 0 1 0 2 0 2 5 7 11 13 

0 10 11075 0 1 1 0 0 1 1 2 0 1 1 2 2 4 44 0.1397 176 151 327 25 1.1656 1 0 1.0057 1 0.0159 0.0136 1 1 132 107 0.7500 0.7086 1 1 0 0 0 0 2 0 0 0 0 0 1 2 1 1 1 8 2 4 7 10 14 
0 10 11075 1 0 1 0 0 1 0 1 0 0 0 2 2 4 43 0.1365 176 103 279 73 1.7087 1 0 1.0057 1 0.0159 0.0093 1 1 133 60 0.7557 0.5825 1 1 0 0 0 0 2 0 0 0 0 0 2 3 3 3 3 3 3 5 9 12 15 
0 10 11075 1 0 1 0 0 1 1 2 0.5000 0.5000 1 2 1 3 53 0.1683 253 101 354 152 2.5050 1 0 1.0040 1 0.0228 0.0091 1 1 200 48 0.7905 0.4752 1 1 0 0 0 0 2 1 0 0 0 0 2 1 6 1 5 1 3 6 9 12 15 
0 10 11075 0 1 1 0 0 1 1 2 0 1 1 1 2 3 149 0.4730 244 250 494 6 1.0246 1 0 1.0041 1 0.0220 0.0226 1 1 95 101 0.3893 0.4040 1 0 0 0 0 0 1 0 0 0 0 0 1 0 4 0 2 1 3 6 9 13 15 
0 10 11075 0 1 1 0 0 2 2 4 0 2 2 1 1 2 57 0.1810 110 155 265 45 1.4091 1 0 1.0092 1 0.0099 0.0140 1 1 53 98 0.4818 0.6323 1 0 0 0 0 0 1 0 0 0 0 0 1 0 1 0 1 1 3 6 9 13 15 
0 10 11075 1 0 1 0 0 4 4 8 2 2 4 1 1 2 41 0.1302 96 316 412 220 3.2917 1 0 1.0105 1 0.0087 0.0285 1 1 55 275 0.5729 0.8703 1 0 0 0 0 0 1 0 0 0 0 0 2 1 3 1 3 1 3 5 7 10 13 
1 10 11076 1 0 1 0 0 11 1 12 1 1 2 2 1 3 83 0.2635 176 130 306 46 1.3538 1 1 1.0057 1.0078 0.0159 0.0117 1 1 93 47 0.5284 0.3615 1 0 0 0 0 0 1 0 0 0 0 0 2 0 4 1 3 1 3 7 9 13 12 
1 10 11076 0 1 1 0 0 11 10 21 0.5000 9.5000 10 2 1 3 75 0.2381 176 137 313 39 1.2847 1 1 1.0057 1.0074 0.0159 0.0124 1 1 101 62 0.5739 0.4526 1 0 0 0 0 0 1 0 0 0 0 0 1 0 1 0 1 1 3 5 8 11 14 
0 10 11075 1 0 0 1 0 0 1 1 0 0 0 2 1 3 126 0.4000 134 53 187 81 2.5283 0 0 1 1 0.0121 0.0048 1 0 8 -73.0000 0.0597 -1.3774 1 0 0 0 0 0 1 0 0 0 0 0 2 2 4 2 4 3 4 8 12 16 20 
0 10 11075 1 0 0 1 0 0 0 0 0 0 0 2 6 8 102 0.3238 190 56 246 134 3.3929 0 0 1 1 0.0172 0.0051 1 0 88 -46.0000 0.4632 -0.8214 1 0 0 0 0 1 6 0 0 0 0 0 2 2 4 2 4 8 4 5 8 9 11 
0 10 11075 1 0 0 1 0 0 0 0 0 0 0 1 6 7 110 0.3492 305 56 361 249 5.4464 0 0 1 1 0.0275 0.0051 1 0 195 -54.0000 0.6393 -0.9643 1 0 0 0 0 0 6 0 0 0 0 0 2 2 4 2 4 2 4 5 8 9 11 
0 10 11075 1 0 0 1 0 0 0 0 0 0 0 1 6 7 97 0.3079 203 56 259 147 3.6250 0 0 1 1 0.0183 0.0051 1 0 106 -41.0000 0.5222 -0.7321 1 0 0 0 0 1 6 0 0 0 0 0 2 2 4 2 4 8 4 5 8 9 11 
0 10 11075 1 0 0 1 0 0 0 0 0 0 0 1 2 3 108 0.3429 158 35 193 123 4.5143 0 0 1 1 0.0143 0.0032 1 0 50 -73.0000 0.3165 -2.0857 1 0 0 0 0 0 2 0 0 0 0 0 2 2 4 2 4 2 4 8 12 16 20 
0 10 11075 1 0 0 1 0 0 0 0 0 0 0 1 1 2 68 0.2159 104 22 126 82 4.7273 0 0 1 1 0.0094 0.0020 1 0 36 -46.0000 0.3462 -2.0909 1 0 0 0 0 0 1 0 0 0 0 0 2 2 4 3 6 4 4 8 12 14 16 
0 10 11075 1 0 0 1 0 0 0 0 0 0 0 2 1 3 134 0.4254 149 63 212 86 2.3651 0 0 1 1 0.0135 0.0057 1 0 15 -71.0000 0.1007 -1.1270 1 0 0 0 0 0 1 0 0 0 0 0 2 2 4 2 4 2 4 8 10 13 16 
0 10 11075 1 0 0 1 0 0 0 0 0 0 0 2 2 4 74 0.2349 149 31 180 118 4.8065 0 0 1 1 0.0135 0.0028 1 0 75 -43.0000 0.5034 -1.3871 1 0 0 0 0 0 2 0 0 0 0 0 2 2 4 2 4 2 4 6 8 10 13 
0 10 11075 1 0 0 1 0 0 0 0 0 0 0 1 2 3 37 0.1175 60 31 91 29 1.9355 0 0 1 1 0.0054 0.0028 1 0 23 -6.0000 0.3833 -0.1935 1 0 0 0 0 0 2 0 0 0 0 0 2 2 4 8 4 7 4 6 8 10 13 
0 10 11075 1 0 0 1 0 0 0 0 0 0 0 1 6 7 83 0.2635 202 56 258 146 3.6071 0 0 1 1 0.0182 0.0051 1 0 119 -27.0000 0.5891 -0.4821 1 0 1 1 0 0 6 0 0 0 0 0 2 2 7 6 6 4 4 5 8 9 11 
0 10 11075 1 0 0 1 0 0 0 0 0 0 0 2 6 8 85 0.2698 103 56 159 47 1.8393 0 0 1 1 0.0093 0.0051 1 0 18 -29.0000 0.1748 -0.5179 1 1 1 0 0 0 6 0 0 0 0 0 2 4 7 4 6 4 4 5 8 9 11 
0 10 11075 1 0 0 1 0 1 0 1 0 0 0 2 6 8 86 0.2730 151 56 207 95 2.6964 0 0 1 1 0.0136 0.0051 1 0 65 -30.0000 0.4305 -0.5357 1 1 0 1 0 0 6 0 0 0 0 0 2 4 4 8 4 6 4 5 8 9 11 
0 10 11075 1 0 0 1 0 0 0 0 0 0 0 2 2 4 155 0.4921 211 35 246 176 6.0286 0 0 1 1 0.0191 0.0032 1 0 56 -120.0000 0.2654 -3.4286 1 0 0 0 0 0 2 0 0 0 0 0 2 2 4 2 4 2 4 8 12 16 20 
0 10 11075 1 0 0 1 0 0 0 0 0 0 0 2 1 3 139 0.4413 211 32 243 179 6.5938 0 0 1 1 0.0191 0.0029 1 0 72 -107.0000 0.3412 -3.3438 1 0 0 0 0 0 1 0 0 0 0 0 2 2 4 2 4 2 4 7 10 12 14 
0 10 11075 0 1 0 1 0 0 0 0 0 0 0 2 1 3 20 0.0635 65 105 170 40 1.6154 0 0 1 1 0.0059 0.0095 1 1 45 85 0.6923 0.8095 1 0 0 0 0 0 1 0 0 0 1 0 1 0 1 0 1 1 3 7 10 13 15 
0 10 11075 0 1 0 1 0 0 0 0 0 0 0 2 1 3 22 0.0698 65 80 145 15 1.2308 0 0 1 1 0.0059 0.0072 1 1 43 58 0.6615 0.7250 1 0 0 1 0 0 1 1 0 0 0 0 1 0 1 0 6 1 3 7 10 13 15 
0 10 11075 1 0 0 1 0 0 0 0 0 0 0 1 2 3 19 0.0603 48 190 238 142 3.9583 0 0 1 1 0.0043 0.0172 1 1 29 171 0.6042 0.9000 1 0 0 0 0 0 1 0 0 0 0 0 2 0 4 0 4 4 3 6 9 13 16 
0 10 11075 1 0 0 1 0 0 0 0 0 0 0 1 1 2 92 0.2921 103 177 280 74 1.7184 0 0 1 1 0.0093 0.0160 1 1 11 85 0.1068 0.4802 1 0 0 0 0 0 1 0 0 0 0 0 2 0 4 0 4 0 3 6 8 11 13 
0 10 11075 1 0 0 1 0 0 0 0 0 0 0 2 1 3 36 0.1143 134 253 387 119 1.8881 0 0 1 1 0.0121 0.0228 1 1 98 217 0.7313 0.8577 1 0 0 0 0 0 2 1 0 0 0 0 2 0 4 0 4 6 3 6 9 12 14 
0 10 11075 0 1 0 1 0 0 1 1 0 0 0 1 2 3 54 0.1714 72 250 322 178 3.4722 0 0 1 1 0.0065 0.0226 1 1 18 196 0.2500 0.7840 1 0 0 0 0 0 1 0 0 0 0 0 1 0 1 0 1 1 3 5 8 11 14 
0 10 11075 0 1 0 1 0 1 0 1 0 0.5000 0.5000 2 1 3 52 0.1651 253 162 415 91 1.5617 1 0 1.0040 1 0.0228 0.0146 1 1 201 110 0.7945 0.6790 1 0 0 0 0 0 2 0 0 0 0 0 1 0 1 0 2 0 2 5 7 11 13 

