0 1 11247 1 0 1 0 0 0 0 0 0 0 0 2 2 4 156 0.4671 194 143 337 51 1.3566 0 0 1 1 0.0172 0.0127 1 0 38 -13.0000 0.1959 -0.0909 1 0 0 0 0 0 1 2 1 1 0 0 2 2 4 2 4 2 4 7 8 10 11 
0 1 11247 1 0 1 0 0 0 0 0 0 0 0 3 1 4 112 0.3353 246 294 540 48 1.1951 0 0 1 1 0.0219 0.0261 1 1 134 182 0.5447 0.6190 1 0 0 0 0 0 2 0 0 0 0 0 2 0 4 0 9 6 3 6 9 12 15 
0 1 11247 1 0 1 0 0 0 0 0 0 0 0 2 4 6 102 0.3054 211 174 385 37 1.2126 0 0 1 1 0.0188 0.0155 1 1 109 72 0.5166 0.4138 1 0 1 0 1 0 2 1 1 1 0 0 2 0 4 4 9 2 3 5 7 11 14 
0 1 11247 0 1 1 0 0 0 0 0 0 0 0 2 3 5 74 0.2216 211 112 323 99 1.8839 0 0 1 1 0.0188 0.0100 1 1 137 38 0.6493 0.3393 1 0 0 0 0 0 1 0 0 0 2 0 1 0 1 0 1 1 3 5 7 11 14 
0 1 11247 0 1 1 0 0 0 0 0 0 0 0 3 4 7 101 0.3024 251 174 425 77 1.4425 0 0 1 1 0.0223 0.0155 1 1 150 73 0.5976 0.4195 1 0 1 0 0 0 2 1 0 0 1 0 1 0 4 0 3 1 2 4 6 9 13 
0 1 11247 1 0 1 0 0 0 0 0 0 0 0 3 3 6 72 0.2156 251 112 363 139 2.2411 0 0 1 1 0.0223 0.0100 1 1 179 40 0.7131 0.3571 2 0 0 1 0 0 2 1 0 0 0 0 2 2 4 6 4 4 3 6 10 13 16 
0 1 11247 1 0 1 0 0 0 0 0 0 0 0 2 1 3 65 0.1946 131 128 259 3 1.0234 0 0 1 1 0.0116 0.0114 1 1 66 63 0.5038 0.4922 1 0 0 0 0 0 1 0 0 1 0 0 2 0 4 0 4 0 4 8 11 13 15 
0 1 11247 1 0 1 0 0 0 0 0 0 0 0 2 1 3 62 0.1856 131 97 228 34 1.3505 0 0 1 1 0.0116 0.0086 1 1 69 35 0.5267 0.3608 1 0 0 0 0 0 1 0 0 1 0 0 2 0 4 0 4 0 4 8 11 12 14 
0 1 11247 1 0 1 0 0 0 0 0 0 0 0 1 2 3 27 0.0808 118 115 233 3 1.0261 0 0 1 1 0.0105 0.0102 1 1 91 88 0.7712 0.7652 1 0 0 0 0 0 1 0 0 1 0 0 2 0 5 0 8 0 4 6 8 11 15 
1 1 11248 0 1 1 0 0 0 0 0 0 0 0 2 1 3 29 0.0868 194 54 248 140 3.5926 0 0 1 1 0.0172 0.0048 1 1 165 25 0.8505 0.4630 1 0 0 0 0 0 1 0 0 1 0 1 1 0 1 0 1 1 3 5 8 12 12 
0 1 11247 1 0 1 0 0 0 0 0 0 0 0 3 4 7 100 0.2994 233 174 407 59 1.3391 0 0 1 1 0.0207 0.0155 1 1 133 74 0.5708 0.4253 1 1 0 0 1 0 2 2 1 0 0 0 2 2 4 2 9 2 3 6 9 10 12 
0 1 11247 0 1 1 0 0 0 0 0 0 0 0 3 3 6 72 0.2156 233 112 345 121 2.0804 0 0 1 1 0.0207 0.0100 1 1 161 40 0.6910 0.3571 2 0 0 1 0 0 2 1 0 0 0 0 2 0 2 4 2 2 2 4 7 10 13 
0 1 11247 0 1 1 0 0 0 0 0 0 0 0 1 3 4 55 0.1647 260 73 333 187 3.5616 0 0 1 1 0.0231 0.0065 1 1 205 18 0.7885 0.2466 1 0 0 0 0 0 2 1 1 0 0 0 1 0 1 0 1 1 2 4 7 11 12 
0 1 11247 1 0 0 1 0 0 0 0 0 0 0 4 3 7 84 0.2515 174 73 247 101 2.3836 0 0 1 1 0.0155 0.0065 1 0 90 -11.0000 0.5172 -0.1507 1 0 0 0 0 0 2 0 0 0 0 0 2 2 4 2 4 2 4 8 12 14 16 
0 1 11247 1 0 0 1 0 0 0 0 0 0 0 1 8 9 77 0.2305 130 46 176 84 2.8261 0 0 1 1 0.0116 0.0041 1 0 53 -31.0000 0.4077 -0.6739 1 0 0 0 0 0 8 0 0 0 0 0 2 3 4 4 4 4 4 8 12 14 16 
0 1 11247 1 0 0 1 0 0 0 0 0 0 0 1 1 2 153 0.4581 165 116 281 49 1.4224 0 0 1 1 0.0147 0.0103 1 0 12 -37.0000 0.0727 -0.3190 1 0 0 0 0 0 1 0 0 0 0 0 2 2 4 2 4 2 4 8 11 12 13 
0 1 11247 1 0 0 1 0 0 0 0 0 0 0 1 3 4 190 0.5689 335 61 396 274 5.4918 0 0 1 1 0.0298 0.0054 1 0 145 -129.0000 0.4328 -2.1148 1 0 0 0 0 0 3 0 0 0 0 0 2 2 4 2 4 2 4 8 12 16 18 
0 1 11247 1 0 0 1 0 0 0 0 0 0 0 1 8 9 111 0.3323 180 46 226 134 3.9130 0 0 1 1 0.0160 0.0041 1 0 69 -65.0000 0.3833 -1.4130 1 0 0 0 0 0 8 0 0 0 0 0 2 2 4 2 4 2 4 8 12 14 16 
0 1 11247 1 0 0 1 0 0 0 0 0 0 0 1 2 3 47 0.1407 92 9 101 83 10.2222 0 0 1 1 0.0082 0.0008 1 0 45 -38.0000 0.4891 -4.2222 1 0 0 0 0 0 2 0 0 0 0 0 2 3 6 7 6 17 4 8 11 12 11 
0 1 11247 1 0 0 1 0 0 0 0 0 0 0 1 8 9 150 0.4491 203 46 249 157 4.4130 0 0 1 1 0.0180 0.0041 1 0 53 -104.0000 0.2611 -2.2609 1 0 0 0 0 0 8 0 0 0 0 0 2 2 4 2 4 2 4 8 12 14 16 
0 1 11247 1 0 0 1 0 0 0 0 0 0 0 3 3 6 155 0.4641 233 61 294 172 3.8197 0 0 1 1 0.0207 0.0054 1 0 78 -94.0000 0.3348 -1.5410 1 1 0 0 0 0 3 0 0 0 0 0 2 4 4 4 4 4 4 8 12 16 18 
0 1 11247 1 0 0 1 0 0 0 0 0 0 0 2 8 10 157 0.4701 207 46 253 161 4.5000 0 0 1 1 0.0184 0.0041 1 0 50 -111.0000 0.2415 -2.4130 1 0 0 0 0 0 8 0 0 0 0 0 2 2 4 2 4 2 4 8 12 14 16 
0 1 11247 1 0 0 1 0 0 0 0 0 0 0 1 8 9 51 0.1527 127 46 173 81 2.7609 0 0 1 1 0.0113 0.0041 1 0 76 -5.0000 0.5984 -0.1087 1 0 0 0 0 0 8 0 0 0 0 0 2 2 4 2 4 2 4 8 12 14 16 
0 1 11247 1 0 0 1 0 0 0 0 0 0 0 1 2 3 106 0.3174 166 9 175 157 18.4444 0 0 1 1 0.0148 0.0008 1 0 60 -97.0000 0.3614 -10.7778 1 0 0 0 0 0 2 0 0 0 0 0 2 2 4 2 4 2 4 8 11 12 11 
0 1 11247 1 0 0 1 0 0 0 0 0 0 0 3 3 6 156 0.4671 251 61 312 190 4.1148 0 0 1 1 0.0223 0.0054 1 0 95 -95.0000 0.3785 -1.5574 1 1 0 0 0 0 3 0 0 0 0 0 2 4 4 4 4 4 4 8 12 16 18 
0 1 11247 1 0 0 1 0 0 0 0 0 0 0 1 1 2 56 0.1677 68 14 82 54 4.8571 0 0 1 1 0.0060 0.0012 1 0 12 -42.0000 0.1765 -3.0000 1 0 0 0 0 0 1 0 0 0 0 0 2 2 4 2 4 2 4 8 12 16 20 
0 1 11247 1 0 0 1 0 0 0 0 0 0 0 1 8 9 85 0.2545 309 46 355 263 6.7174 0 0 1 1 0.0275 0.0041 1 0 224 -39.0000 0.7249 -0.8478 1 0 0 0 0 0 8 0 0 0 0 0 2 2 6 2 6 2 4 8 12 14 16 
0 1 11247 1 0 0 1 0 0 0 0 0 0 0 2 3 5 101 0.3024 138 73 211 65 1.8904 0 0 1 1 0.0123 0.0065 1 0 37 -28.0000 0.2681 -0.3836 1 0 0 0 0 0 2 0 0 0 0 0 2 2 4 2 4 2 4 8 12 14 16 
0 1 11247 1 0 0 1 0 0 0 0 0 0 0 3 8 11 203 0.6078 246 46 292 200 5.3478 0 0 1 1 0.0219 0.0041 1 0 43 -157.0000 0.1748 -3.4130 1 0 0 0 0 0 8 0 0 0 0 0 2 2 4 2 4 2 4 8 12 14 16 
0 1 11247 1 0 0 1 0 0 0 0 0 0 0 3 2 5 230 0.6886 246 78 324 168 3.1538 0 0 1 1 0.0219 0.0069 1 0 16 -152.0000 0.0650 -1.9487 1 0 0 0 0 0 2 0 0 0 0 0 2 2 4 2 4 2 3 6 9 13 16 
0 1 11247 1 0 0 1 0 0 0 0 0 0 0 2 8 10 166 0.4970 207 46 253 161 4.5000 0 0 1 1 0.0184 0.0041 1 0 41 -120.0000 0.1981 -2.6087 1 0 0 0 0 0 8 0 0 0 0 0 2 2 4 2 4 2 4 8 12 14 16 
0 1 11247 1 0 0 1 0 0 0 0 0 0 0 2 2 4 193 0.5778 207 78 285 129 2.6538 0 0 1 1 0.0184 0.0069 1 0 14 -115.0000 0.0676 -1.4744 1 0 0 0 0 0 2 0 0 0 0 0 2 2 4 2 4 2 3 6 9 13 16 
0 1 11247 1 0 0 1 0 0 0 0 0 0 0 1 2 3 17 0.0509 57 143 200 86 2.5088 0 0 1 1 0.0051 0.0127 1 1 40 126 0.7018 0.8811 1 0 0 0 0 0 1 0 1 0 0 0 2 0 4 0 4 0 3 6 8 12 14 
0 1 11247 0 1 0 1 0 0 0 0 0 0 0 1 1 2 153 0.4581 219 170 389 49 1.2882 0 0 1 1 0.0195 0.0151 1 1 66 17 0.3014 0.1000 1 0 0 0 0 0 1 0 0 1 0 0 1 0 1 0 1 1 3 5 8 11 12 
0 1 11247 0 1 0 1 0 0 0 0 0 0 0 2 1 3 60 0.1796 138 97 235 41 1.4227 0 0 1 1 0.0123 0.0086 1 1 78 37 0.5652 0.3814 1 0 0 0 0 0 1 0 0 0 0 0 1 0 1 0 1 1 3 5 7 11 13 
0 1 11247 1 0 0 1 0 0 0 0 0 0 0 5 5 10 51 0.1527 109 103 212 6 1.0583 0 0 1 1 0.0097 0.0092 1 1 58 52 0.5321 0.5049 1 0 1 0 2 0 1 1 2 2 0 0 2 0 4 0 9 2 4 6 9 12 14 
0 1 11247 1 0 0 1 0 0 0 0 0 0 0 5 5 10 52 0.1557 109 103 212 6 1.0583 0 0 1 1 0.0097 0.0092 1 1 57 51 0.5229 0.4951 1 0 2 0 1 1 1 2 2 1 0 0 2 0 4 0 4 7 3 6 9 12 15 
0 1 11247 1 0 0 1 0 0 0 0 0 0 0 5 5 10 53 0.1587 109 103 212 6 1.0583 0 0 1 1 0.0097 0.0092 1 1 56 50 0.5138 0.4854 1 0 2 1 1 0 1 3 1 0 1 0 2 0 4 4 4 2 3 6 9 12 14 
0 1 11247 1 0 0 1 0 0 0 0 0 0 0 5 5 10 54 0.1617 109 103 212 6 1.0583 0 0 1 1 0.0097 0.0092 1 1 55 49 0.5046 0.4757 1 1 1 0 1 0 2 1 1 1 0 1 2 2 4 2 4 2 4 6 9 11 13 
0 1 11247 0 1 0 1 0 0 0 0 0 0 0 2 2 4 24 0.0719 127 115 242 12 1.1043 0 0 1 1 0.0113 0.0102 1 1 103 91 0.8110 0.7913 1 0 0 0 0 0 1 0 0 1 0 0 1 0 1 0 6 0 2 4 6 10 13 
0 1 11247 1 0 0 0 1 0 0 0 0 0 0 5 1 6 49 0.1467 109 130 239 21 1.1927 0 0 1 1 0.0097 0.0116 1 1 60 81 0.5505 0.6231 1 0 0 0 1 0 1 0 1 1 1 2 2 0 5 4 8 6 4 8 11 11 13 
0 1 11247 1 0 0 0 1 0 0 0 0 0 0 2 1 3 66 0.1976 207 187 394 20 1.1070 0 0 1 1 0.0184 0.0166 1 1 141 121 0.6812 0.6471 1 0 0 0 0 0 2 0 0 0 0 0 2 0 4 0 4 0 3 6 9 12 15 
0 1 11247 0 1 0 0 1 0 0 0 0 0 0 2 5 7 55 0.1647 127 103 230 24 1.2330 0 0 1 1 0.0113 0.0092 1 1 72 48 0.5669 0.4660 1 0 0 0 0 0 1 0 0 0 1 1 1 0 3 0 7 1 3 7 7 10 13 

0 2 11248 1 0 1 0 0 0 0 0 0 0 0 3 1 4 112 0.3353 246 294 540 48 1.1951 0 0 1 1 0.0219 0.0261 1 1 134 182 0.5447 0.6190 1 0 0 0 0 0 2 0 0 0 0 0 2 0 4 0 9 6 3 6 9 12 15 
0 2 11248 1 0 1 0 0 0 0 0 0 0 0 2 5 7 102 0.3054 211 174 385 37 1.2126 0 0 1 1 0.0188 0.0155 1 1 109 72 0.5166 0.4138 1 0 1 0 1 0 2 1 1 1 0 0 2 0 4 4 9 2 3 5 7 11 14 
0 2 11248 0 1 1 0 0 0 0 0 0 0 0 2 3 5 74 0.2216 211 112 323 99 1.8839 0 0 1 1 0.0188 0.0100 1 1 137 38 0.6493 0.3393 1 0 0 0 0 0 1 0 0 0 2 1 1 0 1 0 1 1 3 5 7 11 14 
0 2 11248 0 1 1 0 0 0 0 0 0 0 0 3 5 8 101 0.3024 251 174 425 77 1.4425 0 0 1 1 0.0223 0.0155 1 1 150 73 0.5976 0.4195 1 0 1 0 0 0 2 1 0 0 1 0 1 0 4 0 3 1 2 4 6 9 13 
0 2 11248 1 0 1 0 0 0 0 0 0 0 0 3 3 6 72 0.2156 251 112 363 139 2.2411 0 0 1 1 0.0223 0.0100 1 1 179 40 0.7131 0.3571 2 0 0 1 0 0 2 2 0 0 0 0 2 2 4 6 4 4 3 6 10 13 16 
0 2 11248 1 0 1 0 0 0 0 0 0 0 0 2 1 3 65 0.1946 131 128 259 3 1.0234 0 0 1 1 0.0116 0.0114 1 1 66 63 0.5038 0.4922 1 0 0 0 0 0 1 0 0 1 0 0 2 0 4 0 4 0 4 8 11 13 15 
0 2 11248 1 0 1 0 0 0 0 0 0 0 0 2 1 3 62 0.1856 131 97 228 34 1.3505 0 0 1 1 0.0116 0.0086 1 1 69 35 0.5267 0.3608 1 0 0 0 0 0 1 0 0 1 0 0 2 0 4 0 4 0 4 8 11 12 14 
0 2 11248 1 0 1 0 0 0 0 0 0 0 0 1 2 3 27 0.0808 118 115 233 3 1.0261 0 0 1 1 0.0105 0.0102 1 1 91 88 0.7712 0.7652 1 0 0 0 0 0 1 0 0 1 0 0 2 0 5 0 8 0 4 6 8 11 15 
0 2 11248 1 0 1 0 0 0 0 0 0 0 0 3 5 8 100 0.2994 233 174 407 59 1.3391 0 0 1 1 0.0207 0.0155 1 1 133 74 0.5708 0.4253 1 1 0 0 1 0 2 2 1 0 0 0 2 2 4 2 9 2 3 6 9 10 12 
0 2 11248 0 1 1 0 0 0 0 0 0 0 0 3 3 6 72 0.2156 233 112 345 121 2.0804 0 0 1 1 0.0207 0.0100 1 1 161 40 0.6910 0.3571 2 0 0 1 0 0 2 1 0 0 0 0 2 0 2 4 2 2 2 4 7 10 13 
0 2 11248 0 1 1 0 0 0 0 0 0 0 0 1 3 4 55 0.1647 260 73 333 187 3.5616 0 0 1 1 0.0231 0.0065 1 1 205 18 0.7885 0.2466 1 0 0 0 0 0 2 1 1 0 0 0 1 0 1 0 1 1 2 4 7 11 12 
0 2 11248 1 0 1 0 0 1 0 1 0 0 0 3 2 5 157 0.4701 195 143 338 52 1.3636 1 0 1.0052 1 0.0173 0.0127 1 0 38 -14.0000 0.1949 -0.0979 1 0 0 0 0 0 1 2 1 1 0 0 2 2 4 2 4 2 4 7 8 10 11 
1 2 11249 1 0 1 0 0 1 1 2 0.5000 0.5000 1 3 1 4 29 0.0868 195 54 249 141 3.6111 1 0 1.0052 1 0.0173 0.0048 1 1 166 25 0.8513 0.4630 1 0 0 0 0 0 1 0 0 2 0 0 2 1 3 1 3 1 4 6 9 12 13 
0 2 11248 1 0 1 0 0 1 0 1 0 0 0 3 5 8 128 0.3832 195 174 369 21 1.1207 1 0 1.0052 1 0.0173 0.0155 1 1 67 46 0.3436 0.2644 1 0 0 0 0 0 2 1 1 0 0 0 2 0 4 0 4 0 4 7 10 14 16 
0 2 11248 1 0 0 1 0 0 0 0 0 0 0 5 3 8 84 0.2515 174 73 247 101 2.3836 0 0 1 1 0.0155 0.0065 1 0 90 -11.0000 0.5172 -0.1507 1 0 0 0 0 0 2 0 0 0 0 0 2 2 4 2 4 2 4 8 12 14 16 
0 2 11248 1 0 0 1 0 0 0 0 0 0 0 1 8 9 77 0.2305 130 46 176 84 2.8261 0 0 1 1 0.0116 0.0041 1 0 53 -31.0000 0.4077 -0.6739 1 0 0 0 0 0 8 0 0 0 0 0 2 3 4 4 4 4 4 8 12 14 16 
0 2 11248 1 0 0 1 0 0 0 0 0 0 0 1 1 2 153 0.4581 165 116 281 49 1.4224 0 0 1 1 0.0147 0.0103 1 0 12 -37.0000 0.0727 -0.3190 1 0 0 0 0 0 1 0 0 0 0 0 2 2 4 2 4 2 4 8 11 12 13 
0 2 11248 1 0 0 1 0 0 0 0 0 0 0 1 3 4 190 0.5689 335 61 396 274 5.4918 0 0 1 1 0.0298 0.0054 1 0 145 -129.0000 0.4328 -2.1148 1 0 0 0 0 0 3 0 0 0 0 0 2 2 4 2 4 2 4 8 12 16 18 
0 2 11248 1 0 0 1 0 0 0 0 0 0 0 1 8 9 111 0.3323 180 46 226 134 3.9130 0 0 1 1 0.0160 0.0041 1 0 69 -65.0000 0.3833 -1.4130 1 0 0 0 0 0 8 0 0 0 0 0 2 2 4 2 4 2 4 8 12 14 16 
0 2 11248 1 0 0 1 0 0 0 0 0 0 0 1 2 3 47 0.1407 92 9 101 83 10.2222 0 0 1 1 0.0082 0.0008 1 0 45 -38.0000 0.4891 -4.2222 1 0 0 0 0 0 2 0 0 0 0 0 2 3 6 7 6 17 4 8 11 12 11 
0 2 11248 1 0 0 1 0 0 0 0 0 0 0 1 8 9 150 0.4491 203 46 249 157 4.4130 0 0 1 1 0.0180 0.0041 1 0 53 -104.0000 0.2611 -2.2609 1 0 0 0 0 0 8 0 0 0 0 0 2 2 4 2 4 2 4 8 12 14 16 
0 2 11248 1 0 0 1 0 0 0 0 0 0 0 3 3 6 155 0.4641 233 61 294 172 3.8197 0 0 1 1 0.0207 0.0054 1 0 78 -94.0000 0.3348 -1.5410 1 1 0 0 0 0 3 0 0 0 0 0 2 4 4 4 4 4 4 8 12 16 18 
0 2 11248 1 0 0 1 0 0 0 0 0 0 0 2 8 10 157 0.4701 207 46 253 161 4.5000 0 0 1 1 0.0184 0.0041 1 0 50 -111.0000 0.2415 -2.4130 1 0 0 0 0 0 8 0 0 0 0 0 2 2 4 2 4 2 4 8 12 14 16 
0 2 11248 1 0 0 1 0 0 0 0 0 0 0 1 8 9 51 0.1527 127 46 173 81 2.7609 0 0 1 1 0.0113 0.0041 1 0 76 -5.0000 0.5984 -0.1087 1 0 0 0 0 0 8 0 0 0 0 0 2 2 4 2 4 2 4 8 12 14 16 
0 2 11248 1 0 0 1 0 0 0 0 0 0 0 1 2 3 106 0.3174 166 9 175 157 18.4444 0 0 1 1 0.0148 0.0008 1 0 60 -97.0000 0.3614 -10.7778 1 0 0 0 0 0 2 0 0 0 0 0 2 2 4 2 4 2 4 8 11 12 11 
0 2 11248 1 0 0 1 0 0 0 0 0 0 0 3 3 6 156 0.4671 251 61 312 190 4.1148 0 0 1 1 0.0223 0.0054 1 0 95 -95.0000 0.3785 -1.5574 1 1 0 0 0 0 3 0 0 0 0 0 2 4 4 4 4 4 4 8 12 16 18 
0 2 11248 1 0 0 1 0 0 0 0 0 0 0 1 1 2 56 0.1677 68 14 82 54 4.8571 0 0 1 1 0.0060 0.0012 1 0 12 -42.0000 0.1765 -3.0000 1 0 0 0 0 0 1 0 0 0 0 0 2 2 4 2 4 2 4 8 12 16 20 
0 2 11248 1 0 0 1 0 0 0 0 0 0 0 1 8 9 85 0.2545 309 46 355 263 6.7174 0 0 1 1 0.0275 0.0041 1 0 224 -39.0000 0.7249 -0.8478 1 0 0 0 0 0 8 0 0 0 0 0 2 2 6 2 6 2 4 8 12 14 16 
0 2 11248 1 0 0 1 0 0 0 0 0 0 0 2 3 5 101 0.3024 138 73 211 65 1.8904 0 0 1 1 0.0123 0.0065 1 0 37 -28.0000 0.2681 -0.3836 1 0 0 0 0 0 2 0 0 0 0 0 2 2 4 2 4 2 4 8 12 14 16 
0 2 11248 1 0 0 1 0 0 0 0 0 0 0 3 8 11 203 0.6078 246 46 292 200 5.3478 0 0 1 1 0.0219 0.0041 1 0 43 -157.0000 0.1748 -3.4130 1 0 0 0 0 0 8 0 0 0 0 0 2 2 4 2 4 2 4 8 12 14 16 
0 2 11248 1 0 0 1 0 0 0 0 0 0 0 3 2 5 230 0.6886 246 78 324 168 3.1538 0 0 1 1 0.0219 0.0069 1 0 16 -152.0000 0.0650 -1.9487 1 0 0 0 0 0 2 0 0 0 0 0 2 2 4 2 4 2 3 6 9 13 16 
0 2 11248 1 0 0 1 0 0 0 0 0 0 0 2 8 10 166 0.4970 207 46 253 161 4.5000 0 0 1 1 0.0184 0.0041 1 0 41 -120.0000 0.1981 -2.6087 1 0 0 0 0 0 8 0 0 0 0 0 2 2 4 2 4 2 4 8 12 14 16 
0 2 11248 1 0 0 1 0 0 0 0 0 0 0 2 2 4 193 0.5778 207 78 285 129 2.6538 0 0 1 1 0.0184 0.0069 1 0 14 -115.0000 0.0676 -1.4744 1 0 0 0 0 0 2 0 0 0 0 0 2 2 4 2 4 2 3 6 9 13 16 
0 2 11248 1 0 0 1 0 0 0 0 0 0 0 1 2 3 17 0.0509 57 143 200 86 2.5088 0 0 1 1 0.0051 0.0127 1 1 40 126 0.7018 0.8811 1 0 0 0 0 0 1 0 0 1 0 0 2 0 4 0 4 0 3 6 8 12 14 
0 2 11248 0 1 0 1 0 0 0 0 0 0 0 1 1 2 153 0.4581 219 170 389 49 1.2882 0 0 1 1 0.0195 0.0151 1 1 66 17 0.3014 0.1000 1 0 0 0 0 0 1 0 0 1 0 0 1 0 1 0 1 1 3 5 8 11 12 
0 2 11248 0 1 0 1 0 0 0 0 0 0 0 2 1 3 60 0.1796 138 97 235 41 1.4227 0 0 1 1 0.0123 0.0086 1 1 78 37 0.5652 0.3814 1 0 0 0 0 0 1 0 0 0 0 0 1 0 1 0 1 1 3 5 7 11 13 
0 2 11248 1 0 0 1 0 0 0 0 0 0 0 5 5 10 51 0.1527 109 103 212 6 1.0583 0 0 1 1 0.0097 0.0092 1 1 58 52 0.5321 0.5049 1 0 1 0 2 0 1 1 2 2 0 0 2 0 4 0 9 2 4 6 9 12 14 
0 2 11248 1 0 0 1 0 0 0 0 0 0 0 5 5 10 52 0.1557 109 103 212 6 1.0583 0 0 1 1 0.0097 0.0092 1 1 57 51 0.5229 0.4951 1 0 2 0 1 1 1 2 2 1 0 0 2 0 4 0 4 7 3 6 9 12 15 
0 2 11248 1 0 0 1 0 0 0 0 0 0 0 5 5 10 53 0.1587 109 103 212 6 1.0583 0 0 1 1 0.0097 0.0092 1 1 56 50 0.5138 0.4854 1 0 2 1 1 0 1 3 1 0 1 0 2 0 4 4 4 2 3 6 9 12 14 
0 2 11248 1 0 0 1 0 0 0 0 0 0 0 5 5 10 54 0.1617 109 103 212 6 1.0583 0 0 1 1 0.0097 0.0092 1 1 55 49 0.5046 0.4757 1 1 1 0 1 0 2 1 1 1 0 1 2 2 4 2 4 2 4 6 9 11 13 
0 2 11248 0 1 0 1 0 0 0 0 0 0 0 2 2 4 24 0.0719 127 115 242 12 1.1043 0 0 1 1 0.0113 0.0102 1 1 103 91 0.8110 0.7913 1 0 0 0 0 0 1 0 0 1 0 0 1 0 1 0 6 0 2 4 6 10 13 
0 2 11248 1 0 0 0 1 0 0 0 0 0 0 5 1 6 49 0.1467 109 130 239 21 1.1927 0 0 1 1 0.0097 0.0116 1 1 60 81 0.5505 0.6231 1 0 0 0 1 0 1 0 1 1 1 2 2 0 5 4 8 6 4 8 11 11 13 
0 2 11248 1 0 0 0 1 0 0 0 0 0 0 2 1 3 66 0.1976 207 187 394 20 1.1070 0 0 1 1 0.0184 0.0166 1 1 141 121 0.6812 0.6471 1 0 0 0 0 0 2 0 0 0 0 0 2 0 4 0 4 0 3 6 9 12 15 
0 2 11248 0 1 0 0 1 0 0 0 0 0 0 2 5 7 55 0.1647 127 103 230 24 1.2330 0 0 1 1 0.0113 0.0092 1 1 72 48 0.5669 0.4660 1 0 0 0 0 0 1 0 0 0 1 1 1 0 3 0 7 1 3 7 7 10 13 

0 3 11248 1 0 1 0 0 0 0 0 0 0 0 3 1 4 112 0.3353 246 294 540 48 1.1951 0 0 1 1 0.0219 0.0261 1 1 134 182 0.5447 0.6190 1 0 0 0 0 0 2 0 0 0 0 0 2 0 4 0 9 6 3 6 9 12 15 
0 3 11248 1 0 1 0 0 0 0 0 0 0 0 2 4 6 102 0.3054 211 174 385 37 1.2126 0 0 1 1 0.0188 0.0155 1 1 109 72 0.5166 0.4138 1 0 1 0 1 0 2 1 1 1 0 0 2 0 4 4 9 2 3 5 7 11 14 
0 3 11248 0 1 1 0 0 0 0 0 0 0 0 2 3 5 74 0.2216 211 112 323 99 1.8839 0 0 1 1 0.0188 0.0100 1 1 137 38 0.6493 0.3393 1 0 0 0 0 0 1 0 0 0 2 0 1 0 1 0 1 1 3 5 7 11 14 
0 3 11248 0 1 1 0 0 0 0 0 0 0 0 3 4 7 101 0.3024 251 174 425 77 1.4425 0 0 1 1 0.0223 0.0155 1 1 150 73 0.5976 0.4195 1 0 1 0 0 0 2 1 0 0 1 0 1 0 4 0 3 1 2 4 6 9 13 
0 3 11248 1 0 1 0 0 0 0 0 0 0 0 3 3 6 72 0.2156 251 112 363 139 2.2411 0 0 1 1 0.0223 0.0100 1 1 179 40 0.7131 0.3571 2 0 0 1 0 0 2 1 0 0 0 0 2 2 4 6 4 4 3 6 10 13 16 
0 3 11248 1 0 1 0 0 0 0 0 0 0 0 2 1 3 65 0.1946 131 128 259 3 1.0234 0 0 1 1 0.0116 0.0114 1 1 66 63 0.5038 0.4922 1 0 0 0 0 0 1 0 0 1 0 0 2 0 4 0 4 0 4 8 11 13 15 
0 3 11248 1 0 1 0 0 0 0 0 0 0 0 2 1 3 62 0.1856 131 97 228 34 1.3505 0 0 1 1 0.0116 0.0086 1 1 69 35 0.5267 0.3608 1 0 0 0 0 0 1 0 0 1 0 0 2 0 4 0 4 0 4 8 11 12 14 
0 3 11248 1 0 1 0 0 0 0 0 0 0 0 1 2 3 27 0.0808 118 115 233 3 1.0261 0 0 1 1 0.0105 0.0102 1 1 91 88 0.7712 0.7652 1 0 0 0 0 0 1 0 0 1 0 0 2 0 5 0 8 0 4 6 8 11 15 
0 3 11248 1 0 1 0 0 0 0 0 0 0 0 3 4 7 100 0.2994 233 174 407 59 1.3391 0 0 1 1 0.0207 0.0155 1 1 133 74 0.5708 0.4253 1 1 0 0 1 0 2 2 1 0 0 0 2 2 4 2 9 2 3 6 9 10 12 
0 3 11248 0 1 1 0 0 0 0 0 0 0 0 3 3 6 72 0.2156 233 112 345 121 2.0804 0 0 1 1 0.0207 0.0100 1 1 161 40 0.6910 0.3571 2 0 0 1 0 0 2 1 0 0 0 0 2 0 2 4 2 2 2 4 7 10 13 
0 3 11248 0 1 1 0 0 0 0 0 0 0 0 1 3 4 55 0.1647 260 73 333 187 3.5616 0 0 1 1 0.0231 0.0065 1 1 205 18 0.7885 0.2466 1 0 0 0 0 0 2 1 1 0 0 0 1 0 1 0 1 1 2 4 7 11 12 
0 3 11248 1 0 1 0 0 2 1 3 1 1 2 2 2 4 157 0.4701 195 143 338 52 1.3636 1 0 1.0052 1 0.0173 0.0127 1 0 38 -14.0000 0.1949 -0.0979 1 0 0 0 0 0 1 2 1 1 0 0 2 2 4 3 3 3 4 7 8 10 11 
0 3 11248 1 0 0 1 0 0 0 0 0 0 0 4 3 7 84 0.2515 174 73 247 101 2.3836 0 0 1 1 0.0155 0.0065 1 0 90 -11.0000 0.5172 -0.1507 1 0 0 0 0 0 2 0 0 0 0 0 2 2 4 2 4 2 4 8 12 14 16 
0 3 11248 1 0 0 1 0 0 0 0 0 0 0 1 8 9 77 0.2305 130 46 176 84 2.8261 0 0 1 1 0.0116 0.0041 1 0 53 -31.0000 0.4077 -0.6739 1 0 0 0 0 0 8 0 0 0 0 0 2 3 4 4 4 4 4 8 12 14 16 
0 3 11248 1 0 0 1 0 0 0 0 0 0 0 1 1 2 153 0.4581 165 116 281 49 1.4224 0 0 1 1 0.0147 0.0103 1 0 12 -37.0000 0.0727 -0.3190 1 0 0 0 0 0 1 0 0 0 0 0 2 2 4 2 4 2 4 8 11 12 13 
0 3 11248 1 0 0 1 0 0 0 0 0 0 0 1 3 4 190 0.5689 335 61 396 274 5.4918 0 0 1 1 0.0298 0.0054 1 0 145 -129.0000 0.4328 -2.1148 1 0 0 0 0 0 3 0 0 0 0 0 2 2 4 2 4 2 4 8 12 16 18 
0 3 11248 1 0 0 1 0 0 0 0 0 0 0 1 8 9 111 0.3323 180 46 226 134 3.9130 0 0 1 1 0.0160 0.0041 1 0 69 -65.0000 0.3833 -1.4130 1 0 0 0 0 0 8 0 0 0 0 0 2 2 4 2 4 2 4 8 12 14 16 
0 3 11248 1 0 0 1 0 0 0 0 0 0 0 1 2 3 47 0.1407 92 9 101 83 10.2222 0 0 1 1 0.0082 0.0008 1 0 45 -38.0000 0.4891 -4.2222 1 0 0 0 0 0 2 0 0 0 0 0 2 3 6 7 6 17 4 8 11 12 11 
0 3 11248 1 0 0 1 0 0 0 0 0 0 0 1 8 9 150 0.4491 203 46 249 157 4.4130 0 0 1 1 0.0180 0.0041 1 0 53 -104.0000 0.2611 -2.2609 1 0 0 0 0 0 8 0 0 0 0 0 2 2 4 2 4 2 4 8 12 14 16 
0 3 11248 1 0 0 1 0 0 0 0 0 0 0 3 3 6 155 0.4641 233 61 294 172 3.8197 0 0 1 1 0.0207 0.0054 1 0 78 -94.0000 0.3348 -1.5410 1 1 0 0 0 0 3 0 0 0 0 0 2 4 4 4 4 4 4 8 12 16 18 
0 3 11248 1 0 0 1 0 0 0 0 0 0 0 2 8 10 157 0.4701 207 46 253 161 4.5000 0 0 1 1 0.0184 0.0041 1 0 50 -111.0000 0.2415 -2.4130 1 0 0 0 0 0 8 0 0 0 0 0 2 2 4 2 4 2 4 8 12 14 16 
0 3 11248 1 0 0 1 0 0 0 0 0 0 0 1 8 9 51 0.1527 127 46 173 81 2.7609 0 0 1 1 0.0113 0.0041 1 0 76 -5.0000 0.5984 -0.1087 1 0 0 0 0 0 8 0 0 0 0 0 2 2 4 2 4 2 4 8 12 14 16 
0 3 11248 1 0 0 1 0 0 0 0 0 0 0 1 2 3 106 0.3174 166 9 175 157 18.4444 0 0 1 1 0.0148 0.0008 1 0 60 -97.0000 0.3614 -10.7778 1 0 0 0 0 0 2 0 0 0 0 0 2 2 4 2 4 2 4 8 11 12 11 
0 3 11248 1 0 0 1 0 0 0 0 0 0 0 3 3 6 156 0.4671 251 61 312 190 4.1148 0 0 1 1 0.0223 0.0054 1 0 95 -95.0000 0.3785 -1.5574 1 1 0 0 0 0 3 0 0 0 0 0 2 4 4 4 4 4 4 8 12 16 18 
0 3 11248 1 0 0 1 0 0 0 0 0 0 0 1 1 2 56 0.1677 68 14 82 54 4.8571 0 0 1 1 0.0060 0.0012 1 0 12 -42.0000 0.1765 -3.0000 1 0 0 0 0 0 1 0 0 0 0 0 2 2 4 2 4 2 4 8 12 16 20 
0 3 11248 1 0 0 1 0 0 0 0 0 0 0 1 8 9 85 0.2545 309 46 355 263 6.7174 0 0 1 1 0.0275 0.0041 1 0 224 -39.0000 0.7249 -0.8478 1 0 0 0 0 0 8 0 0 0 0 0 2 2 6 2 6 2 4 8 12 14 16 
0 3 11248 1 0 0 1 0 0 0 0 0 0 0 2 3 5 101 0.3024 138 73 211 65 1.8904 0 0 1 1 0.0123 0.0065 1 0 37 -28.0000 0.2681 -0.3836 1 0 0 0 0 0 2 0 0 0 0 0 2 2 4 2 4 2 4 8 12 14 16 
0 3 11248 1 0 0 1 0 0 0 0 0 0 0 3 8 11 203 0.6078 246 46 292 200 5.3478 0 0 1 1 0.0219 0.0041 1 0 43 -157.0000 0.1748 -3.4130 1 0 0 0 0 0 8 0 0 0 0 0 2 2 4 2 4 2 4 8 12 14 16 
0 3 11248 1 0 0 1 0 0 0 0 0 0 0 3 2 5 230 0.6886 246 78 324 168 3.1538 0 0 1 1 0.0219 0.0069 1 0 16 -152.0000 0.0650 -1.9487 1 0 0 0 0 0 2 0 0 0 0 0 2 2 4 2 4 2 3 6 9 13 16 
0 3 11248 1 0 0 1 0 0 0 0 0 0 0 2 8 10 166 0.4970 207 46 253 161 4.5000 0 0 1 1 0.0184 0.0041 1 0 41 -120.0000 0.1981 -2.6087 1 0 0 0 0 0 8 0 0 0 0 0 2 2 4 2 4 2 4 8 12 14 16 
0 3 11248 1 0 0 1 0 0 0 0 0 0 0 2 2 4 193 0.5778 207 78 285 129 2.6538 0 0 1 1 0.0184 0.0069 1 0 14 -115.0000 0.0676 -1.4744 1 0 0 0 0 0 2 0 0 0 0 0 2 2 4 2 4 2 3 6 9 13 16 
0 3 11248 1 0 0 1 0 0 1 1 0 0 0 1 2 3 17 0.0509 57 143 200 86 2.5088 0 0 1 1 0.0051 0.0127 1 1 40 126 0.7018 0.8811 1 0 0 0 0 0 1 0 1 0 0 0 2 0 4 0 4 0 3 6 8 12 14 
0 3 11248 0 1 0 1 0 0 0 0 0 0 0 1 1 2 153 0.4581 219 170 389 49 1.2882 0 0 1 1 0.0195 0.0151 1 1 66 17 0.3014 0.1000 1 0 0 0 0 0 1 0 0 0 1 0 1 0 1 0 1 1 3 5 8 11 12 
0 3 11248 0 1 0 1 0 0 0 0 0 0 0 2 1 3 60 0.1796 138 97 235 41 1.4227 0 0 1 1 0.0123 0.0086 1 1 78 37 0.5652 0.3814 1 0 0 0 0 0 1 0 0 0 0 0 1 0 1 0 1 1 3 5 7 11 13 
0 3 11248 1 0 0 1 0 0 0 0 0 0 0 5 5 10 51 0.1527 109 103 212 6 1.0583 0 0 1 1 0.0097 0.0092 1 1 58 52 0.5321 0.5049 1 0 1 0 2 0 1 1 2 2 0 0 2 0 4 0 9 2 4 6 9 12 14 
0 3 11248 1 0 0 1 0 0 0 0 0 0 0 5 5 10 52 0.1557 109 103 212 6 1.0583 0 0 1 1 0.0097 0.0092 1 1 57 51 0.5229 0.4951 1 0 2 0 1 1 1 2 2 1 0 0 2 0 4 0 4 7 3 6 9 12 15 
0 3 11248 1 0 0 1 0 0 0 0 0 0 0 5 5 10 53 0.1587 109 103 212 6 1.0583 0 0 1 1 0.0097 0.0092 1 1 56 50 0.5138 0.4854 1 0 2 1 1 0 1 3 1 0 1 0 2 0 4 4 4 2 3 6 9 12 14 
0 3 11248 1 0 0 1 0 0 0 0 0 0 0 5 5 10 54 0.1617 109 103 212 6 1.0583 0 0 1 1 0.0097 0.0092 1 1 55 49 0.5046 0.4757 1 1 1 0 1 0 2 1 1 1 0 1 2 2 4 2 4 2 4 6 9 11 13 
0 3 11248 0 1 0 1 0 0 0 0 0 0 0 2 2 4 24 0.0719 127 115 242 12 1.1043 0 0 1 1 0.0113 0.0102 1 1 103 91 0.8110 0.7913 1 0 0 0 0 0 1 0 0 1 0 0 1 0 1 0 6 0 2 4 6 10 13 
1 3 11249 1 0 0 1 0 2 1 3 0.5000 0.5000 1 2 1 3 29 0.0868 195 55 250 140 3.5455 1 1 1.0052 1.0185 0.0173 0.0049 1 1 166 26 0.8513 0.4727 1 0 0 0 0 0 1 0 1 0 1 0 2 1 3 1 3 1 3 6 8 12 15 
0 3 11248 1 0 0 0 1 0 0 0 0 0 0 5 1 6 49 0.1467 109 130 239 21 1.1927 0 0 1 1 0.0097 0.0116 1 1 60 81 0.5505 0.6231 1 0 0 0 1 0 1 0 1 1 1 2 2 0 5 4 8 6 4 8 11 11 13 
0 3 11248 1 0 0 0 1 0 0 0 0 0 0 2 1 3 66 0.1976 207 187 394 20 1.1070 0 0 1 1 0.0184 0.0166 1 1 141 121 0.6812 0.6471 1 0 0 0 0 0 2 0 0 0 0 0 2 0 4 0 4 0 3 6 9 12 15 
0 3 11248 0 1 0 0 1 0 0 0 0 0 0 2 5 7 55 0.1647 127 103 230 24 1.2330 0 0 1 1 0.0113 0.0092 1 1 72 48 0.5669 0.4660 1 0 0 0 0 0 1 0 0 0 1 1 1 0 3 0 7 1 3 7 7 10 13 

0 4 11249 1 0 1 0 0 0 0 0 0 0 0 3 1 4 112 0.3353 246 294 540 48 1.1951 0 0 1 1 0.0219 0.0261 1 1 134 182 0.5447 0.6190 1 0 0 0 0 0 2 0 0 0 0 0 2 0 4 0 9 6 3 6 9 12 15 
0 4 11249 1 0 1 0 0 0 0 0 0 0 0 2 5 7 102 0.3054 211 174 385 37 1.2126 0 0 1 1 0.0188 0.0155 1 1 109 72 0.5166 0.4138 1 0 1 0 1 0 2 1 1 1 0 0 2 0 4 4 9 2 3 5 7 11 14 
0 4 11249 0 1 1 0 0 0 0 0 0 0 0 2 3 5 74 0.2216 211 112 323 99 1.8839 0 0 1 1 0.0188 0.0100 1 1 137 38 0.6493 0.3393 1 0 0 0 0 0 1 0 0 0 2 1 1 0 1 0 1 1 3 5 7 11 14 
0 4 11249 0 1 1 0 0 0 0 0 0 0 0 3 5 8 101 0.3024 251 174 425 77 1.4425 0 0 1 1 0.0223 0.0155 1 1 150 73 0.5976 0.4195 1 0 1 0 0 0 2 1 0 0 1 0 1 0 4 0 3 1 2 4 6 9 13 
0 4 11249 1 0 1 0 0 0 0 0 0 0 0 3 3 6 72 0.2156 251 112 363 139 2.2411 0 0 1 1 0.0223 0.0100 1 1 179 40 0.7131 0.3571 2 0 0 1 0 0 2 2 0 0 0 0 2 2 4 6 4 4 3 6 10 13 16 
0 4 11249 1 0 1 0 0 0 0 0 0 0 0 2 1 3 65 0.1946 131 128 259 3 1.0234 0 0 1 1 0.0116 0.0114 1 1 66 63 0.5038 0.4922 1 0 0 0 0 0 1 0 0 1 0 0 2 0 4 0 4 0 4 8 11 13 15 
0 4 11249 1 0 1 0 0 0 0 0 0 0 0 2 1 3 62 0.1856 131 97 228 34 1.3505 0 0 1 1 0.0116 0.0086 1 1 69 35 0.5267 0.3608 1 0 0 0 0 0 1 0 0 1 0 0 2 0 4 0 4 0 4 8 11 12 14 
0 4 11249 1 0 1 0 0 0 0 0 0 0 0 1 2 3 27 0.0808 118 115 233 3 1.0261 0 0 1 1 0.0105 0.0102 1 1 91 88 0.7712 0.7652 1 0 0 0 0 0 1 0 0 1 0 0 2 0 5 0 8 0 4 6 8 11 15 
0 4 11249 1 0 1 0 0 0 0 0 0 0 0 3 5 8 100 0.2994 233 174 407 59 1.3391 0 0 1 1 0.0207 0.0155 1 1 133 74 0.5708 0.4253 1 1 0 0 1 0 2 2 1 0 0 0 2 2 4 2 9 2 3 6 9 10 12 
0 4 11249 0 1 1 0 0 0 0 0 0 0 0 3 3 6 72 0.2156 233 112 345 121 2.0804 0 0 1 1 0.0207 0.0100 1 1 161 40 0.6910 0.3571 2 0 0 1 0 0 2 1 0 0 0 0 2 0 2 4 2 2 2 4 7 10 13 
0 4 11249 0 1 1 0 0 0 0 0 0 0 0 1 3 4 55 0.1647 260 73 333 187 3.5616 0 0 1 1 0.0231 0.0065 1 1 205 18 0.7885 0.2466 1 0 0 0 0 0 2 1 1 0 0 0 1 0 1 0 1 1 2 4 7 11 12 
0 4 11249 1 0 1 0 0 3 1 4 1 1 2 3 2 5 157 0.4701 195 143 338 52 1.3636 1 0 1.0052 1 0.0173 0.0127 1 0 38 -14.0000 0.1949 -0.0979 1 0 0 0 0 0 1 2 1 1 0 0 2 2 4 2 4 2 4 7 8 10 11 
1 4 11250 0 1 1 0 0 3 2 5 0.5000 1.5000 2 3 1 4 30 0.0898 195 55 250 140 3.5455 1 1 1.0052 1.0185 0.0173 0.0049 1 1 165 25 0.8462 0.4545 1 0 0 0 0 0 1 0 0 1 0 1 1 0 1 0 1 1 3 5 8 12 12 
0 4 11249 1 0 1 0 0 3 0 3 0 0 0 3 5 8 128 0.3832 195 174 369 21 1.1207 1 0 1.0052 1 0.0173 0.0155 1 1 67 46 0.3436 0.2644 1 0 0 0 0 0 2 1 1 0 0 0 2 0 4 0 4 0 4 7 10 14 16 
0 4 11249 1 0 0 1 0 0 0 0 0 0 0 5 3 8 84 0.2515 174 73 247 101 2.3836 0 0 1 1 0.0155 0.0065 1 0 90 -11.0000 0.5172 -0.1507 1 0 0 0 0 0 2 0 0 0 0 0 2 2 4 2 4 2 4 8 12 14 16 
0 4 11249 1 0 0 1 0 0 0 0 0 0 0 1 8 9 77 0.2305 130 46 176 84 2.8261 0 0 1 1 0.0116 0.0041 1 0 53 -31.0000 0.4077 -0.6739 1 0 0 0 0 0 8 0 0 0 0 0 2 3 4 4 4 4 4 8 12 14 16 
0 4 11249 1 0 0 1 0 0 0 0 0 0 0 1 1 2 153 0.4581 165 116 281 49 1.4224 0 0 1 1 0.0147 0.0103 1 0 12 -37.0000 0.0727 -0.3190 1 0 0 0 0 0 1 0 0 0 0 0 2 2 4 2 4 2 4 8 11 12 13 
0 4 11249 1 0 0 1 0 0 0 0 0 0 0 1 3 4 190 0.5689 335 61 396 274 5.4918 0 0 1 1 0.0298 0.0054 1 0 145 -129.0000 0.4328 -2.1148 1 0 0 0 0 0 3 0 0 0 0 0 2 2 4 2 4 2 4 8 12 16 18 
0 4 11249 1 0 0 1 0 0 0 0 0 0 0 1 8 9 111 0.3323 180 46 226 134 3.9130 0 0 1 1 0.0160 0.0041 1 0 69 -65.0000 0.3833 -1.4130 1 0 0 0 0 0 8 0 0 0 0 0 2 2 4 2 4 2 4 8 12 14 16 
0 4 11249 1 0 0 1 0 0 0 0 0 0 0 1 2 3 47 0.1407 92 9 101 83 10.2222 0 0 1 1 0.0082 0.0008 1 0 45 -38.0000 0.4891 -4.2222 1 0 0 0 0 0 2 0 0 0 0 0 2 3 6 7 6 17 4 8 11 12 11 
0 4 11249 1 0 0 1 0 0 0 0 0 0 0 1 8 9 150 0.4491 203 46 249 157 4.4130 0 0 1 1 0.0180 0.0041 1 0 53 -104.0000 0.2611 -2.2609 1 0 0 0 0 0 8 0 0 0 0 0 2 2 4 2 4 2 4 8 12 14 16 
0 4 11249 1 0 0 1 0 0 0 0 0 0 0 3 3 6 155 0.4641 233 61 294 172 3.8197 0 0 1 1 0.0207 0.0054 1 0 78 -94.0000 0.3348 -1.5410 1 1 0 0 0 0 3 0 0 0 0 0 2 4 4 4 4 4 4 8 12 16 18 
0 4 11249 1 0 0 1 0 0 0 0 0 0 0 2 8 10 157 0.4701 207 46 253 161 4.5000 0 0 1 1 0.0184 0.0041 1 0 50 -111.0000 0.2415 -2.4130 1 0 0 0 0 0 8 0 0 0 0 0 2 2 4 2 4 2 4 8 12 14 16 
0 4 11249 1 0 0 1 0 0 0 0 0 0 0 1 8 9 51 0.1527 127 46 173 81 2.7609 0 0 1 1 0.0113 0.0041 1 0 76 -5.0000 0.5984 -0.1087 1 0 0 0 0 0 8 0 0 0 0 0 2 2 4 2 4 2 4 8 12 14 16 
0 4 11249 1 0 0 1 0 0 0 0 0 0 0 1 2 3 106 0.3174 166 9 175 157 18.4444 0 0 1 1 0.0148 0.0008 1 0 60 -97.0000 0.3614 -10.7778 1 0 0 0 0 0 2 0 0 0 0 0 2 2 4 2 4 2 4 8 11 12 11 
0 4 11249 1 0 0 1 0 0 0 0 0 0 0 3 3 6 156 0.4671 251 61 312 190 4.1148 0 0 1 1 0.0223 0.0054 1 0 95 -95.0000 0.3785 -1.5574 1 1 0 0 0 0 3 0 0 0 0 0 2 4 4 4 4 4 4 8 12 16 18 
0 4 11249 1 0 0 1 0 0 0 0 0 0 0 1 1 2 56 0.1677 68 14 82 54 4.8571 0 0 1 1 0.0060 0.0012 1 0 12 -42.0000 0.1765 -3.0000 1 0 0 0 0 0 1 0 0 0 0 0 2 2 4 2 4 2 4 8 12 16 20 
0 4 11249 1 0 0 1 0 0 0 0 0 0 0 1 8 9 85 0.2545 309 46 355 263 6.7174 0 0 1 1 0.0275 0.0041 1 0 224 -39.0000 0.7249 -0.8478 1 0 0 0 0 0 8 0 0 0 0 0 2 2 6 2 6 2 4 8 12 14 16 
0 4 11249 1 0 0 1 0 0 0 0 0 0 0 2 3 5 101 0.3024 138 73 211 65 1.8904 0 0 1 1 0.0123 0.0065 1 0 37 -28.0000 0.2681 -0.3836 1 0 0 0 0 0 2 0 0 0 0 0 2 2 4 2 4 2 4 8 12 14 16 
0 4 11249 1 0 0 1 0 0 0 0 0 0 0 3 8 11 203 0.6078 246 46 292 200 5.3478 0 0 1 1 0.0219 0.0041 1 0 43 -157.0000 0.1748 -3.4130 1 0 0 0 0 0 8 0 0 0 0 0 2 2 4 2 4 2 4 8 12 14 16 
0 4 11249 1 0 0 1 0 0 0 0 0 0 0 3 2 5 230 0.6886 246 78 324 168 3.1538 0 0 1 1 0.0219 0.0069 1 0 16 -152.0000 0.0650 -1.9487 1 0 0 0 0 0 2 0 0 0 0 0 2 2 4 2 4 2 3 6 9 13 16 
0 4 11249 1 0 0 1 0 0 0 0 0 0 0 2 8 10 166 0.4970 207 46 253 161 4.5000 0 0 1 1 0.0184 0.0041 1 0 41 -120.0000 0.1981 -2.6087 1 0 0 0 0 0 8 0 0 0 0 0 2 2 4 2 4 2 4 8 12 14 16 
0 4 11249 1 0 0 1 0 0 0 0 0 0 0 2 2 4 193 0.5778 207 78 285 129 2.6538 0 0 1 1 0.0184 0.0069 1 0 14 -115.0000 0.0676 -1.4744 1 0 0 0 0 0 2 0 0 0 0 0 2 2 4 2 4 2 3 6 9 13 16 
0 4 11249 1 0 0 1 0 0 1 1 0 0 0 1 2 3 17 0.0509 57 143 200 86 2.5088 0 0 1 1 0.0051 0.0127 1 1 40 126 0.7018 0.8811 1 0 0 0 0 0 1 0 1 0 0 0 2 0 4 0 4 0 3 6 8 12 14 
0 4 11249 0 1 0 1 0 0 0 0 0 0 0 1 1 2 153 0.4581 219 170 389 49 1.2882 0 0 1 1 0.0195 0.0151 1 1 66 17 0.3014 0.1000 1 0 0 0 0 0 1 0 0 1 0 0 1 0 1 0 1 1 3 5 8 11 12 
0 4 11249 0 1 0 1 0 0 0 0 0 0 0 2 1 3 60 0.1796 138 97 235 41 1.4227 0 0 1 1 0.0123 0.0086 1 1 78 37 0.5652 0.3814 1 0 0 0 0 0 1 0 0 0 0 0 1 0 1 0 1 1 3 5 7 11 13 
0 4 11249 1 0 0 1 0 0 0 0 0 0 0 5 5 10 51 0.1527 109 103 212 6 1.0583 0 0 1 1 0.0097 0.0092 1 1 58 52 0.5321 0.5049 1 0 1 0 2 0 1 1 2 2 0 0 2 0 4 0 9 2 4 6 9 12 14 
0 4 11249 1 0 0 1 0 0 0 0 0 0 0 5 5 10 52 0.1557 109 103 212 6 1.0583 0 0 1 1 0.0097 0.0092 1 1 57 51 0.5229 0.4951 1 0 2 0 1 1 1 2 2 1 0 0 2 0 4 0 4 7 3 6 9 12 15 
0 4 11249 1 0 0 1 0 0 0 0 0 0 0 5 5 10 53 0.1587 109 103 212 6 1.0583 0 0 1 1 0.0097 0.0092 1 1 56 50 0.5138 0.4854 1 0 2 1 1 0 1 3 1 0 1 0 2 0 4 4 4 2 3 6 9 12 14 
0 4 11249 1 0 0 1 0 0 0 0 0 0 0 5 5 10 54 0.1617 109 103 212 6 1.0583 0 0 1 1 0.0097 0.0092 1 1 55 49 0.5046 0.4757 1 1 1 0 1 0 2 1 1 1 0 1 2 2 4 2 4 2 4 6 9 11 13 
0 4 11249 0 1 0 1 0 0 0 0 0 0 0 2 2 4 24 0.0719 127 115 242 12 1.1043 0 0 1 1 0.0113 0.0102 1 1 103 91 0.8110 0.7913 1 0 0 0 0 0 1 0 0 1 0 0 1 0 1 0 6 0 2 4 6 10 13 
0 4 11249 1 0 0 0 1 0 0 0 0 0 0 5 1 6 49 0.1467 109 130 239 21 1.1927 0 0 1 1 0.0097 0.0116 1 1 60 81 0.5505 0.6231 1 0 0 0 1 0 1 0 1 1 1 2 2 0 5 4 8 6 4 8 11 11 13 
0 4 11249 1 0 0 0 1 0 0 0 0 0 0 2 1 3 66 0.1976 207 187 394 20 1.1070 0 0 1 1 0.0184 0.0166 1 1 141 121 0.6812 0.6471 1 0 0 0 0 0 2 0 0 0 0 0 2 0 4 0 4 0 3 6 9 12 15 
0 4 11249 0 1 0 0 1 0 0 0 0 0 0 2 5 7 55 0.1647 127 103 230 24 1.2330 0 0 1 1 0.0113 0.0092 1 1 72 48 0.5669 0.4660 1 0 0 0 0 0 1 0 0 0 1 1 1 0 3 0 7 1 3 7 7 10 13 

