0 1 7272 1 0 1 0 0 0 0 0 0 0 0 1 1 2 121 0.3758 179 251 430 72 1.4022 0 0 1 1 0.0246 0.0345 1 1 58 130 0.3240 0.5179 1 0 0 0 0 0 2 0 1 1 1 0 2 0 7 0 6 0 4 6 9 11 15 
0 1 7272 1 0 1 0 0 0 0 0 0 0 0 4 4 8 52 0.1615 117 96 213 21 1.2188 0 0 1 1 0.0161 0.0132 1 1 65 44 0.5556 0.4583 1 0 1 0 1 0 1 1 1 1 0 0 2 0 4 4 4 8 4 6 9 12 14 
0 1 7272 1 0 1 0 0 0 0 0 0 0 0 4 4 8 53 0.1646 117 96 213 21 1.2188 0 0 1 1 0.0161 0.0132 1 1 64 43 0.5470 0.4479 1 0 2 0 1 0 1 2 1 0 0 0 2 0 4 4 4 8 3 6 9 12 15 
0 1 7272 1 0 1 0 0 0 0 0 0 0 0 4 4 8 54 0.1677 117 96 213 21 1.2188 0 0 1 1 0.0161 0.0132 1 1 63 42 0.5385 0.4375 1 0 2 0 1 0 1 2 1 0 0 0 2 0 4 4 4 8 3 6 9 12 14 
0 1 7272 1 0 1 0 0 0 0 0 0 0 0 4 4 8 55 0.1708 117 96 213 21 1.2188 0 0 1 1 0.0161 0.0132 1 1 62 41 0.5299 0.4271 1 0 1 0 1 0 1 1 1 1 0 0 2 0 4 4 4 8 4 6 9 11 13 
0 1 7272 0 1 1 0 0 0 0 0 0 0 0 1 3 4 62 0.1925 209 152 361 57 1.3750 0 0 1 1 0.0287 0.0209 1 1 147 90 0.7033 0.5921 1 0 0 0 0 1 1 0 2 0 2 0 1 0 1 0 3 3 2 4 7 10 14 
0 1 7272 1 0 1 0 0 0 0 0 0 0 0 2 1 3 148 0.4596 245 240 485 5 1.0208 0 0 1 1 0.0337 0.0330 1 1 97 92 0.3959 0.3833 1 0 0 0 0 0 2 0 1 1 1 0 2 0 4 0 4 0 4 6 9 11 15 
1 1 7273 1 0 1 0 0 0 0 0 0 0 0 2 2 4 121 0.3758 228 198 426 30 1.1515 0 0 1 1 0.0314 0.0272 1 1 107 77 0.4693 0.3889 1 0 0 0 1 0 1 0 1 0 0 0 2 0 4 0 9 0 4 6 10 13 14 
1 1 7273 1 0 1 0 0 0 0 0 0 0 0 2 2 4 123 0.3820 228 194 422 34 1.1753 0 0 1 1 0.0314 0.0267 1 1 105 71 0.4605 0.3660 1 0 0 0 1 0 1 0 1 0 0 0 2 0 4 0 9 0 4 6 9 10 14 
0 1 7272 1 0 1 0 0 0 0 0 0 0 0 1 3 4 60 0.1863 95 152 247 57 1.6000 0 0 1 1 0.0131 0.0209 1 1 35 92 0.3684 0.6053 1 1 0 1 0 0 2 1 0 0 2 0 2 2 4 6 4 4 4 7 9 12 16 
0 1 7272 0 1 1 0 0 0 0 0 0 0 0 2 4 6 244 0.7578 298 323 621 25 1.0839 0 0 1 1 0.0410 0.0444 1 1 54 79 0.1812 0.2446 1 0 0 0 0 0 1 0 0 0 0 0 1 0 1 0 1 1 2 4 7 10 13 
0 1 7272 1 0 1 0 0 0 0 0 0 0 0 1 4 5 95 0.2950 181 323 504 142 1.7845 0 0 1 1 0.0249 0.0444 1 1 86 228 0.4751 0.7059 1 0 1 0 0 0 1 1 0 0 0 0 2 0 7 0 6 11 4 6 8 11 15 
0 1 7272 1 0 1 0 0 0 0 0 0 0 0 1 4 5 60 0.1863 80 323 403 243 4.0375 0 0 1 1 0.0110 0.0444 1 1 20 263 0.2500 0.8142 1 0 0 0 0 0 1 0 0 0 0 0 2 0 4 0 4 0 4 7 9 11 11 
0 1 7272 1 0 0 1 0 0 0 0 0 0 0 2 3 5 139 0.4317 194 72 266 122 2.6944 0 0 1 1 0.0267 0.0099 1 0 55 -67.0000 0.2835 -0.9306 1 0 0 0 1 0 3 0 0 0 0 0 2 2 4 2 9 2 4 6 8 10 12 
0 1 7272 1 0 0 1 0 0 0 0 0 0 0 2 3 5 266 0.8261 298 72 370 226 4.1389 0 0 1 1 0.0410 0.0099 1 0 32 -194.0000 0.1074 -2.6944 1 0 0 0 0 0 3 0 0 0 0 0 2 2 4 2 4 2 4 6 8 10 12 
0 1 7272 1 0 0 1 0 0 0 0 0 0 0 2 2 4 135 0.4193 163 31 194 132 5.2581 0 0 1 1 0.0224 0.0043 1 0 28 -104.0000 0.1718 -3.3548 1 0 0 0 0 0 1 0 0 0 1 0 2 2 6 2 6 2 4 7 10 13 15 
0 1 7272 1 0 0 1 0 0 0 0 0 0 0 2 3 5 135 0.4193 198 72 270 126 2.7500 0 0 1 1 0.0272 0.0099 1 0 63 -63.0000 0.3182 -0.8750 1 0 0 0 1 0 3 0 0 0 0 0 2 2 4 2 9 2 4 6 8 10 12 
0 1 7272 1 0 0 1 0 0 0 0 0 0 0 1 1 2 23 0.0714 58 30 88 28 1.9333 0 0 1 1 0.0080 0.0041 1 1 35 7 0.6034 0.2333 1 0 0 0 0 0 1 0 0 0 0 0 2 0 4 0 4 0 3 6 9 13 14 
0 1 7272 0 1 0 1 0 0 0 0 0 0 0 2 2 4 26 0.0807 245 31 276 214 7.9032 0 0 1 1 0.0337 0.0043 1 1 219 5 0.8939 0.1613 1 0 0 0 0 0 1 0 0 0 1 0 1 0 1 0 1 1 3 7 10 11 13 
0 1 7272 0 1 0 1 0 0 0 0 0 0 0 1 3 4 61 0.1894 223 152 375 71 1.4671 0 0 1 1 0.0307 0.0209 1 1 162 91 0.7265 0.5987 1 1 0 0 0 0 2 0 0 2 0 0 1 2 1 1 2 1 2 4 6 10 13 
0 1 7272 1 0 0 0 1 0 0 0 0 0 0 1 2 3 72 0.2236 140 163 303 23 1.1643 0 0 1 1 0.0193 0.0224 1 1 68 91 0.4857 0.5583 1 0 0 0 0 0 1 0 0 0 0 0 2 0 4 0 4 0 4 7 10 13 14 
0 1 7272 1 0 0 0 1 0 0 0 0 0 0 1 4 5 94 0.2919 102 323 425 221 3.1667 0 0 1 1 0.0140 0.0444 1 1 8 229 0.0784 0.7090 1 0 1 0 0 0 1 1 0 0 0 0 2 0 6 6 7 5 4 7 9 12 16 

0 2 7273 1 0 1 0 0 0 0 0 0 0 0 1 1 2 121 0.3758 179 251 430 72 1.4022 0 0 1 1 0.0246 0.0345 1 1 58 130 0.3240 0.5179 1 0 0 0 0 0 2 0 1 1 1 0 2 0 7 0 6 0 4 6 9 11 15 
0 2 7273 1 0 1 0 0 0 0 0 0 0 0 4 4 8 52 0.1615 117 96 213 21 1.2188 0 0 1 1 0.0161 0.0132 1 1 65 44 0.5556 0.4583 1 0 1 0 1 0 1 1 1 1 0 0 2 0 4 4 4 8 4 6 9 12 14 
0 2 7273 1 0 1 0 0 0 0 0 0 0 0 4 4 8 53 0.1646 117 96 213 21 1.2188 0 0 1 1 0.0161 0.0132 1 1 64 43 0.5470 0.4479 1 0 2 0 1 0 1 2 1 0 0 0 2 0 4 4 4 8 3 6 9 12 15 
0 2 7273 1 0 1 0 0 0 0 0 0 0 0 4 4 8 54 0.1677 117 96 213 21 1.2188 0 0 1 1 0.0161 0.0132 1 1 63 42 0.5385 0.4375 1 0 2 0 1 0 1 2 1 0 0 0 2 0 4 4 4 8 3 6 9 12 14 
0 2 7273 1 0 1 0 0 0 0 0 0 0 0 4 4 8 55 0.1708 117 96 213 21 1.2188 0 0 1 1 0.0161 0.0132 1 1 62 41 0.5299 0.4271 1 0 1 0 1 0 1 1 1 1 0 0 2 0 4 4 4 8 4 6 9 11 13 
0 2 7273 0 1 1 0 0 0 0 0 0 0 0 1 3 4 62 0.1925 209 152 361 57 1.3750 0 0 1 1 0.0287 0.0209 1 1 147 90 0.7033 0.5921 1 0 0 0 0 1 1 0 2 0 2 0 1 0 1 0 3 3 2 4 7 10 14 
0 2 7273 1 0 1 0 0 0 0 0 0 0 0 2 1 3 148 0.4596 245 240 485 5 1.0208 0 0 1 1 0.0337 0.0330 1 1 97 92 0.3959 0.3833 1 0 0 0 0 0 2 0 1 1 1 0 2 0 4 0 4 0 4 6 9 11 15 
1 2 7274 1 0 1 0 0 1 0 1 0 0 0 2 2 4 123 0.3820 228 194 422 34 1.1753 0 0 1 1 0.0313 0.0267 1 1 105 71 0.4605 0.3660 1 0 1 0 0 0 1 1 0 0 0 0 2 0 4 3 6 1 4 6 9 10 14 
0 2 7273 1 0 1 0 0 0 0 0 0 0 0 1 3 4 60 0.1863 95 152 247 57 1.6000 0 0 1 1 0.0131 0.0209 1 1 35 92 0.3684 0.6053 1 1 0 1 0 0 2 1 0 0 2 0 2 2 4 6 4 4 4 7 9 12 16 
0 2 7273 0 1 1 0 0 0 0 0 0 0 0 2 4 6 244 0.7578 298 323 621 25 1.0839 0 0 1 1 0.0410 0.0444 1 1 54 79 0.1812 0.2446 1 0 0 0 0 0 1 0 0 0 0 0 1 0 1 0 1 1 2 4 7 10 13 
0 2 7273 1 0 1 0 0 0 0 0 0 0 0 1 4 5 95 0.2950 181 323 504 142 1.7845 0 0 1 1 0.0249 0.0444 1 1 86 228 0.4751 0.7059 1 0 1 0 0 0 1 1 0 0 0 0 2 0 7 0 6 11 4 6 8 11 15 
0 2 7273 1 0 1 0 0 0 0 0 0 0 0 1 4 5 60 0.1863 80 323 403 243 4.0375 0 0 1 1 0.0110 0.0444 1 1 20 263 0.2500 0.8142 1 0 0 0 0 0 1 0 0 0 0 0 2 0 4 0 4 0 4 7 9 11 11 
0 2 7273 0 1 1 0 0 1 1 2 0 1 1 1 2 3 122 0.3789 199 228 427 29 1.1457 1 0 1.0051 1 0.0274 0.0313 1 1 77 106 0.3869 0.4649 1 0 1 0 0 0 1 1 0 0 0 0 1 0 4 0 2 0 2 5 7 10 12 
0 2 7273 1 0 0 1 0 0 0 0 0 0 0 2 2 4 139 0.4317 194 72 266 122 2.6944 0 0 1 1 0.0267 0.0099 1 0 55 -67.0000 0.2835 -0.9306 1 0 0 0 0 0 2 0 0 0 0 0 2 2 4 5 4 5 4 6 8 10 12 
0 2 7273 1 0 0 1 0 0 0 0 0 0 0 2 2 4 266 0.8261 298 72 370 226 4.1389 0 0 1 1 0.0410 0.0099 1 0 32 -194.0000 0.1074 -2.6944 1 0 0 0 0 0 2 0 0 0 0 0 2 2 4 2 4 2 4 6 8 10 12 
0 2 7273 1 0 0 1 0 0 0 0 0 0 0 2 2 4 135 0.4193 163 31 194 132 5.2581 0 0 1 1 0.0224 0.0043 1 0 28 -104.0000 0.1718 -3.3548 1 0 0 0 0 0 1 0 0 0 1 0 2 2 6 2 6 2 4 7 10 13 15 
0 2 7273 1 0 0 1 0 0 0 0 0 0 0 1 1 2 23 0.0714 58 30 88 28 1.9333 0 0 1 1 0.0080 0.0041 1 1 35 7 0.6034 0.2333 1 0 0 0 0 0 1 0 0 0 0 0 2 0 4 0 4 0 3 6 9 13 14 
0 2 7273 0 1 0 1 0 0 0 0 0 0 0 2 2 4 26 0.0807 245 31 276 214 7.9032 0 0 1 1 0.0337 0.0043 1 1 219 5 0.8939 0.1613 1 0 0 0 0 0 1 0 0 0 1 0 1 0 1 0 1 1 3 7 10 11 13 
0 2 7273 0 1 0 1 0 0 0 0 0 0 0 1 3 4 61 0.1894 223 152 375 71 1.4671 0 0 1 1 0.0307 0.0209 1 1 162 91 0.7265 0.5987 1 1 0 0 0 0 2 0 0 2 0 0 1 2 1 1 2 1 2 4 6 10 13 
0 2 7273 1 0 0 0 1 0 0 0 0 0 0 1 2 3 72 0.2236 140 163 303 23 1.1643 0 0 1 1 0.0192 0.0224 1 1 68 91 0.4857 0.5583 1 0 0 0 0 0 1 0 0 0 0 0 2 0 4 0 4 0 4 7 10 13 14 
0 2 7273 1 0 0 0 1 0 0 0 0 0 0 1 4 5 94 0.2919 102 323 425 221 3.1667 0 0 1 1 0.0140 0.0444 1 1 8 229 0.0784 0.7090 1 0 1 0 0 0 1 1 0 0 0 0 2 0 6 6 7 5 4 7 9 12 16 

0 3 7273 1 0 0 1 0 2 0 2 0 0 0 1 3 4 139 0.4290 194 72 266 122 2.6944 0 0 1 1 0.0267 0.0099 1 0 55 -67.0000 0.2835 -0.9306 1 0 0 0 1 0 3 0 0 0 0 0 2 2 4 2 9 2 4 6 8 10 12 
0 3 7273 1 0 0 1 0 2 0 2 0 0 0 2 3 5 266 0.8210 298 72 370 226 4.1389 0 0 1 1 0.0410 0.0099 1 0 32 -194.0000 0.1074 -2.6944 1 0 0 0 0 0 3 0 0 0 0 0 2 2 4 2 4 2 4 6 8 10 12 
0 3 7273 1 0 0 1 0 0 0 0 0 0 0 2 2 4 135 0.4167 163 31 194 132 5.2581 0 0 1 1 0.0224 0.0043 1 0 28 -104.0000 0.1718 -3.3548 1 0 0 0 0 0 1 0 0 0 1 0 2 2 6 2 6 2 4 7 10 13 15 
0 3 7273 1 0 0 1 0 1 0 1 0 0 0 1 3 4 135 0.4167 198 72 270 126 2.7500 0 0 1 1 0.0272 0.0099 1 0 63 -63.0000 0.3182 -0.8750 1 0 0 0 1 0 3 0 0 0 0 0 2 2 4 2 9 2 4 6 8 10 12 
0 3 7273 1 0 0 1 0 0 0 0 0 0 0 1 1 2 23 0.0710 58 30 88 28 1.9333 0 0 1 1 0.0080 0.0041 1 1 35 7 0.6034 0.2333 1 0 0 0 0 0 1 0 0 0 0 0 2 0 4 0 4 0 3 6 9 13 14 
0 3 7273 0 1 0 1 0 1 0 1 0 0 0 1 2 3 26 0.0802 245 31 276 214 7.9032 0 0 1 1 0.0337 0.0043 1 1 219 5 0.8939 0.1613 1 0 0 0 0 0 1 0 0 0 1 0 1 0 1 0 1 1 3 7 10 11 13 
1 3 7274 0 1 0 1 0 2 2 4 0 1.5000 1.5000 1 2 3 245 0.7562 325 298 623 27 1.0906 2 0 1.0062 1 0.0447 0.0410 1 1 80 53 0.2462 0.1779 1 0 0 0 0 0 1 0 0 0 0 0 1 0 1 0 1 1 2 4 7 11 12 
0 3 7273 1 0 0 0 1 0 0 0 0 0 0 1 2 3 72 0.2222 140 163 303 23 1.1643 0 0 1 1 0.0192 0.0224 1 1 68 91 0.4857 0.5583 1 0 0 0 0 0 1 0 0 0 0 0 2 0 4 0 4 0 4 7 10 13 14 

0 4 7273 1 0 0 1 0 3 0 3 0 0 0 1 3 4 139 0.4290 194 72 266 122 2.6944 0 0 1 1 0.0267 0.0099 1 0 55 -67.0000 0.2835 -0.9306 1 0 0 0 1 0 3 0 0 0 0 0 2 2 4 2 9 2 4 6 8 10 12 
0 4 7273 1 0 0 1 0 5 0 5 0 0 0 2 3 5 266 0.8210 298 72 370 226 4.1389 0 0 1 1 0.0410 0.0099 1 0 32 -194.0000 0.1074 -2.6944 1 0 0 0 0 0 3 0 0 0 0 0 2 2 4 2 4 2 4 6 8 10 12 
0 4 7273 1 0 0 1 0 0 0 0 0 0 0 2 2 4 135 0.4167 163 31 194 132 5.2581 0 0 1 1 0.0224 0.0043 1 0 28 -104.0000 0.1718 -3.3548 1 0 0 0 0 0 1 0 0 0 1 0 2 2 6 2 6 2 4 7 10 13 15 
0 4 7273 1 0 0 1 0 1 0 1 0 0 0 1 3 4 135 0.4167 198 72 270 126 2.7500 0 0 1 1 0.0272 0.0099 1 0 63 -63.0000 0.3182 -0.8750 1 0 0 0 1 0 3 0 0 0 0 0 2 2 4 2 9 2 4 6 8 10 12 
0 4 7273 1 0 0 1 0 0 0 0 0 0 0 1 1 2 23 0.0710 58 30 88 28 1.9333 0 0 1 1 0.0080 0.0041 1 1 35 7 0.6034 0.2333 1 0 0 0 0 0 1 0 0 0 0 0 2 0 4 0 4 0 3 6 9 13 14 
0 4 7273 0 1 0 1 0 3 0 3 0 0 0 1 2 3 26 0.0802 245 31 276 214 7.9032 0 0 1 1 0.0337 0.0043 1 1 219 5 0.8939 0.1613 1 0 0 0 0 0 1 0 0 0 1 0 1 0 1 0 1 1 3 7 10 11 13 
1 4 7274 0 1 0 1 0 6 5 11 0.5000 3.5000 4 2 2 4 245 0.7562 325 298 623 27 1.0906 2 0 1.0062 1 0.0447 0.0410 1 1 80 53 0.2462 0.1779 1 0 0 0 0 0 1 0 0 0 0 0 1 0 1 0 1 1 2 4 7 11 12 
0 4 7273 1 0 0 0 1 0 0 0 0 0 0 1 2 3 72 0.2222 140 163 303 23 1.1643 0 0 1 1 0.0192 0.0224 1 1 68 91 0.4857 0.5583 1 0 0 0 0 0 1 0 0 0 0 0 2 0 4 0 4 0 4 7 10 13 14 
0 4 7273 0 1 0 0 1 6 0 6 0 0 0 2 1 3 95 0.2932 325 102 427 223 3.1863 2 0 1.0062 1 0.0447 0.0140 1 1 230 7 0.7077 0.0686 1 0 0 0 0 0 1 0 0 0 0 0 1 0 3 0 7 5 3 7 10 14 17 

0 5 7274 1 0 0 1 0 5 4 9 4 4 8 1 2 3 139 0.4290 194 72 266 122 2.6944 0 0 1 1 0.0267 0.0099 1 0 55 -67.0000 0.2835 -0.9306 1 0 0 0 1 0 2 0 0 0 0 0 2 2 4 2 9 2 4 6 8 10 12 
0 5 7274 1 0 0 1 0 2 4 6 2 2 4 2 2 4 135 0.4167 163 31 194 132 5.2581 0 0 1 1 0.0224 0.0043 1 0 28 -104.0000 0.1718 -3.3548 1 0 0 0 0 0 1 0 0 0 1 0 2 2 6 2 6 2 4 7 10 13 15 
0 5 7274 1 0 0 1 0 3 4 7 4 4 8 1 2 3 135 0.4167 198 72 270 126 2.7500 0 0 1 1 0.0272 0.0099 1 0 63 -63.0000 0.3182 -0.8750 1 0 0 0 1 0 2 0 0 0 0 0 2 2 4 2 9 2 4 6 8 10 12 
0 5 7274 1 0 0 1 0 2 2 4 2 2 4 1 1 2 23 0.0710 58 30 88 28 1.9333 0 0 1 1 0.0080 0.0041 1 1 35 7 0.6034 0.2333 1 0 0 0 0 0 1 0 0 0 0 0 2 0 4 0 4 0 3 6 9 13 14 
0 5 7274 0 1 0 1 0 6 4 10 1 1 2 1 2 3 26 0.0802 245 31 276 214 7.9032 0 0 1 1 0.0337 0.0043 1 1 219 5 0.8939 0.1613 1 0 0 0 0 0 1 0 0 0 1 0 1 0 1 0 1 1 3 7 10 11 13 
1 5 7275 1 0 0 1 0 11 9 20 6.5000 6.5000 13 1 1 2 245 0.7562 325 299 624 26 1.0870 2 1 1.0062 1.0034 0.0447 0.0411 1 1 80 54 0.2462 0.1806 1 0 0 0 0 0 1 0 0 0 0 0 2 0 4 1 3 1 3 5 7 11 14 
0 5 7274 1 0 0 0 1 0 2 2 0 0 0 1 2 3 72 0.2222 140 163 303 23 1.1643 0 0 1 1 0.0192 0.0224 1 1 68 91 0.4857 0.5583 1 0 0 0 0 0 1 0 0 0 0 0 2 0 4 0 4 0 4 7 10 13 14 

