0 1 6607 0 1 1 0 0 1 1 2 0 1 1 1 1 2 78 0.2385 117 271 388 154 2.3162 1 0 1.0086 1 0.0177 0.0410 1 1 39 193 0.3333 0.7122 1 0 0 0 0 0 1 0 0 0 0 0 1 0 1 0 1 1 2 4 7 11 13 
0 1 6607 1 0 1 0 0 1 1 2 0.5000 0.5000 1 2 1 3 168 0.5138 246 227 473 19 1.0837 1 0 1.0041 1 0.0372 0.0344 1 1 78 59 0.3171 0.2599 1 0 0 0 0 0 1 0 0 0 0 0 2 1 3 1 3 1 3 5 8 10 14 
0 1 6607 1 0 0 1 0 0 0 0 0 0 0 2 2 4 262 0.8012 328 117 445 211 2.8034 0 0 1 1 0.0496 0.0177 1 0 66 -145.0000 0.2012 -1.2393 1 0 0 0 0 0 1 0 0 0 0 0 2 2 4 2 4 2 4 8 12 16 20 
0 1 6607 1 0 0 1 0 0 0 0 0 0 0 2 1 3 143 0.4373 328 56 384 272 5.8571 0 0 1 1 0.0496 0.0085 1 0 185 -87.0000 0.5640 -1.5536 1 0 0 0 0 0 1 0 0 0 0 0 2 2 4 2 4 2 4 8 12 16 20 
0 1 6607 1 0 0 1 0 0 0 0 0 0 0 1 2 3 107 0.3272 146 117 263 29 1.2479 0 0 1 1 0.0221 0.0177 1 1 39 10 0.2671 0.0855 1 0 0 0 0 0 1 0 0 0 0 0 2 0 4 1 6 2 3 5 8 11 13 
0 1 6607 1 0 0 1 0 0 0 0 0 0 0 1 1 2 24 0.0734 30 178 208 148 5.9333 0 0 1 1 0.0045 0.0269 1 1 6 154 0.2000 0.8652 1 0 0 0 0 0 1 0 0 0 0 0 2 0 4 0 4 0 3 6 9 12 14 
1 1 6608 1 0 0 1 0 1 0 1 0 0 0 2 1 3 37 0.1131 246 77 323 169 3.1948 1 0 1.0041 1 0.0372 0.0117 1 1 209 40 0.8496 0.5195 1 0 0 0 0 0 1 0 0 0 0 0 2 0 4 0 4 0 4 6 8 10 13 

0 2 6608 0 1 1 0 0 1 1 2 0 1 1 1 1 2 78 0.2385 117 271 388 154 2.3162 1 0 1.0086 1 0.0177 0.0410 1 1 39 193 0.3333 0.7122 1 0 0 0 0 0 1 0 0 0 0 0 1 0 1 0 1 1 2 4 7 11 13 
0 2 6608 1 0 1 0 0 2 1 3 0.5000 0.5000 1 2 1 3 168 0.5138 246 227 473 19 1.0837 1 0 1.0041 1 0.0372 0.0344 1 1 78 59 0.3171 0.2599 1 0 0 0 0 0 1 0 0 0 0 0 2 0 4 0 4 0 3 5 8 10 14 
1 2 6609 0 1 1 0 0 2 1 3 0 1 1 2 1 3 38 0.1162 246 77 323 169 3.1948 1 0 1.0041 1 0.0372 0.0117 1 1 208 39 0.8455 0.5065 1 0 0 0 0 0 1 0 0 0 0 0 1 0 1 0 1 1 3 6 6 10 12 
0 2 6608 1 0 0 1 0 0 0 0 0 0 0 2 2 4 262 0.8012 328 117 445 211 2.8034 0 0 1 1 0.0496 0.0177 1 0 66 -145.0000 0.2012 -1.2393 1 0 0 0 0 0 1 0 0 0 0 0 2 2 4 2 4 2 4 8 12 16 20 
0 2 6608 1 0 0 1 0 0 0 0 0 0 0 2 1 3 143 0.4373 328 56 384 272 5.8571 0 0 1 1 0.0496 0.0085 1 0 185 -87.0000 0.5640 -1.5536 1 0 0 0 0 0 1 0 0 0 0 0 2 2 4 2 4 2 4 8 12 16 20 
0 2 6608 1 0 0 1 0 0 0 0 0 0 0 1 2 3 107 0.3272 146 117 263 29 1.2479 0 0 1 1 0.0221 0.0177 1 1 39 10 0.2671 0.0855 1 0 0 0 0 0 1 0 0 0 0 0 2 0 4 1 6 2 3 5 8 11 13 
0 2 6608 1 0 0 1 0 0 0 0 0 0 0 1 1 2 24 0.0734 30 178 208 148 5.9333 0 0 1 1 0.0045 0.0269 1 1 6 154 0.2000 0.8652 1 0 0 0 0 0 1 0 0 0 0 0 2 0 4 0 4 0 3 6 9 12 14 

0 3 6607 0 1 1 0 0 1 1 2 0 1 1 1 1 2 78 0.2385 272 116 388 156 2.3448 1 0 1.0037 1 0.0412 0.0176 1 1 194 38 0.7132 0.3276 1 0 0 0 0 0 1 0 0 0 0 0 1 0 1 0 1 1 2 5 8 11 13 
0 3 6607 1 0 1 0 0 3 2 5 1 1 2 2 1 3 168 0.5138 246 227 473 19 1.0837 1 0 1.0041 1 0.0372 0.0344 1 1 78 59 0.3171 0.2599 1 0 0 0 0 0 1 0 0 0 0 0 2 1 3 1 3 1 3 5 8 10 14 
0 3 6607 1 0 0 1 0 0 0 0 0 0 0 2 2 4 262 0.8012 328 117 445 211 2.8034 0 0 1 1 0.0496 0.0177 1 0 66 -145.0000 0.2012 -1.2393 1 0 0 0 0 0 1 0 0 0 0 0 2 2 4 2 4 2 4 8 12 16 20 
0 3 6607 1 0 0 1 0 0 0 0 0 0 0 2 1 3 143 0.4373 328 56 384 272 5.8571 0 0 1 1 0.0496 0.0085 1 0 185 -87.0000 0.5640 -1.5536 1 0 0 0 0 0 1 0 0 0 0 0 2 2 4 2 4 2 4 8 12 16 20 
0 3 6607 1 0 0 1 0 0 0 0 0 0 0 1 2 3 107 0.3272 146 117 263 29 1.2479 0 0 1 1 0.0221 0.0177 1 1 39 10 0.2671 0.0855 1 0 0 0 0 0 1 0 0 0 0 0 2 0 4 1 6 2 3 5 8 11 13 
0 3 6607 1 0 0 1 0 0 0 0 0 0 0 1 1 2 24 0.0734 30 178 208 148 5.9333 0 0 1 1 0.0045 0.0269 1 1 6 154 0.2000 0.8652 1 0 0 0 0 0 1 0 0 0 0 0 2 0 4 0 4 0 3 6 9 12 14 
1 3 6608 1 0 0 1 0 3 1 4 1 1 2 2 1 3 37 0.1131 246 77 323 169 3.1948 1 0 1.0041 1 0.0372 0.0117 1 1 209 40 0.8496 0.5195 1 0 0 0 0 0 1 0 0 0 0 0 2 0 4 0 4 0 4 6 8 10 13 

0 4 6608 0 1 1 0 0 1 1 2 0 1 1 1 1 2 78 0.2385 272 116 388 156 2.3448 1 0 1.0037 1 0.0412 0.0176 1 1 194 38 0.7132 0.3276 1 0 0 0 0 0 1 0 0 0 0 0 1 0 1 0 1 1 2 5 8 11 13 
0 4 6608 1 0 1 0 0 4 2 6 1 1 2 2 1 3 168 0.5138 246 227 473 19 1.0837 1 0 1.0041 1 0.0372 0.0344 1 1 78 59 0.3171 0.2599 1 0 0 0 0 0 1 0 0 0 0 0 2 0 4 0 4 0 3 5 8 10 14 
1 4 6609 0 1 1 0 0 4 2 6 0 2 2 2 1 3 38 0.1162 246 77 323 169 3.1948 1 0 1.0041 1 0.0372 0.0117 1 1 208 39 0.8455 0.5065 1 0 0 0 0 0 1 0 0 0 0 0 1 0 1 0 1 1 3 6 6 10 12 
0 4 6608 1 0 0 1 0 0 0 0 0 0 0 2 2 4 262 0.8012 328 117 445 211 2.8034 0 0 1 1 0.0496 0.0177 1 0 66 -145.0000 0.2012 -1.2393 1 0 0 0 0 0 1 0 0 0 0 0 2 2 4 2 4 2 4 8 12 16 20 
0 4 6608 1 0 0 1 0 0 0 0 0 0 0 2 1 3 143 0.4373 328 56 384 272 5.8571 0 0 1 1 0.0496 0.0085 1 0 185 -87.0000 0.5640 -1.5536 1 0 0 0 0 0 1 0 0 0 0 0 2 2 4 2 4 2 4 8 12 16 20 
0 4 6608 1 0 0 1 0 0 0 0 0 0 0 1 2 3 107 0.3272 146 117 263 29 1.2479 0 0 1 1 0.0221 0.0177 1 1 39 10 0.2671 0.0855 1 0 0 0 0 0 1 0 0 0 0 0 2 0 4 1 6 2 3 5 8 11 13 
0 4 6608 1 0 0 1 0 0 0 0 0 0 0 1 1 2 24 0.0734 30 178 208 148 5.9333 0 0 1 1 0.0045 0.0269 1 1 6 154 0.2000 0.8652 1 0 0 0 0 0 1 0 0 0 0 0 2 0 4 0 4 0 3 6 9 12 14 

0 5 6608 0 1 1 0 0 1 1 2 0 1 1 1 1 2 78 0.2385 117 271 388 154 2.3162 1 0 1.0086 1 0.0177 0.0410 1 1 39 193 0.3333 0.7122 1 0 0 0 0 0 1 0 0 0 0 0 1 0 1 0 1 1 2 4 7 11 13 
1 5 6609 0 1 1 0 0 5 2 7 1 1 2 2 1 3 169 0.5168 246 228 474 18 1.0789 1 1 1.0041 1.0044 0.0372 0.0345 1 1 77 59 0.3130 0.2588 1 0 0 0 0 0 1 0 0 0 0 0 1 0 1 0 1 1 2 4 7 10 13 
1 5 6609 0 1 1 0 0 5 3 8 0 3 3 2 1 3 38 0.1162 246 77 323 169 3.1948 1 0 1.0041 1 0.0372 0.0117 1 1 208 39 0.8455 0.5065 1 0 0 0 0 0 1 0 0 0 0 0 1 0 1 0 1 1 3 6 6 10 12 
0 5 6608 1 0 0 1 0 0 0 0 0 0 0 2 2 4 262 0.8012 328 117 445 211 2.8034 0 0 1 1 0.0496 0.0177 1 0 66 -145.0000 0.2012 -1.2393 1 0 0 0 0 0 1 0 0 0 0 0 2 2 4 2 4 2 4 8 12 16 20 
0 5 6608 1 0 0 1 0 0 0 0 0 0 0 2 1 3 143 0.4373 328 56 384 272 5.8571 0 0 1 1 0.0496 0.0085 1 0 185 -87.0000 0.5640 -1.5536 1 0 0 0 0 0 1 0 0 0 0 0 2 2 4 2 4 2 4 8 12 16 20 
0 5 6608 1 0 0 1 0 0 0 0 0 0 0 1 2 3 107 0.3272 146 117 263 29 1.2479 0 0 1 1 0.0221 0.0177 1 1 39 10 0.2671 0.0855 1 0 0 0 0 0 1 0 0 0 0 0 2 0 4 1 6 2 3 5 8 11 13 
0 5 6608 1 0 0 1 0 0 0 0 0 0 0 1 1 2 24 0.0734 30 178 208 148 5.9333 0 0 1 1 0.0045 0.0269 1 1 6 154 0.2000 0.8652 1 0 0 0 0 0 1 0 0 0 0 0 2 0 4 0 4 0 3 6 9 12 14 

0 6 6608 1 0 0 1 0 0 0 0 0 0 0 2 2 4 262 0.8012 328 117 445 211 2.8034 0 0 1 1 0.0496 0.0177 1 0 66 -145.0000 0.2012 -1.2393 1 0 0 0 0 0 1 0 0 0 0 0 2 2 4 2 4 2 4 8 12 16 20 
0 6 6608 1 0 0 1 0 0 0 0 0 0 0 2 1 3 143 0.4373 328 56 384 272 5.8571 0 0 1 1 0.0496 0.0085 1 0 185 -87.0000 0.5640 -1.5536 1 0 0 0 0 0 1 0 0 0 0 0 2 2 4 2 4 2 4 8 12 16 20 
0 6 6608 1 0 0 1 0 0 0 0 0 0 0 1 2 3 107 0.3272 146 117 263 29 1.2479 0 0 1 1 0.0221 0.0177 1 1 39 10 0.2671 0.0855 1 0 0 0 0 0 1 0 0 0 0 0 2 0 4 1 6 2 3 5 8 11 13 
0 6 6608 1 0 0 1 0 0 0 0 0 0 0 1 1 2 24 0.0734 30 178 208 148 5.9333 0 0 1 1 0.0045 0.0269 1 1 6 154 0.2000 0.8652 1 0 0 0 0 0 1 0 0 0 0 0 2 0 4 0 4 0 3 6 9 12 14 
1 6 6609 0 1 0 1 0 8 5 13 0 2.5000 2.5000 1 1 2 169 0.5168 247 227 474 20 1.0881 2 0 1.0082 1 0.0374 0.0344 1 1 78 58 0.3158 0.2555 1 0 0 0 0 0 1 0 0 0 0 0 1 0 1 0 1 1 2 5 7 11 13 

0 7 6608 0 1 1 0 0 3 3 6 0 2 2 1 1 2 78 0.2385 272 116 388 156 2.3448 1 0 1.0037 1 0.0412 0.0176 1 1 194 38 0.7132 0.3276 1 0 0 0 0 0 1 0 0 0 0 0 1 0 1 0 1 1 2 5 8 11 13 
1 7 6609 0 1 1 0 0 10 6 16 3 2.5000 5.5000 2 1 3 169 0.5168 246 228 474 18 1.0789 1 1 1.0041 1.0044 0.0372 0.0345 1 1 77 59 0.3130 0.2588 1 0 0 0 0 0 1 0 0 0 0 0 1 0 1 0 1 1 2 4 7 10 13 
1 7 6609 0 1 1 0 0 10 4 14 0 4 4 2 1 3 38 0.1162 246 77 323 169 3.1948 1 0 1.0041 1 0.0372 0.0117 1 1 208 39 0.8455 0.5065 1 0 0 0 0 0 1 0 0 0 0 0 1 0 1 0 1 1 3 6 6 10 12 
0 7 6608 1 0 0 1 0 0 0 0 0 0 0 2 2 4 262 0.8012 328 117 445 211 2.8034 0 0 1 1 0.0496 0.0177 1 0 66 -145.0000 0.2012 -1.2393 1 0 0 0 0 0 1 0 0 0 0 0 2 2 4 2 4 2 4 8 12 16 20 
0 7 6608 1 0 0 1 0 0 0 0 0 0 0 2 1 3 143 0.4373 328 56 384 272 5.8571 0 0 1 1 0.0496 0.0085 1 0 185 -87.0000 0.5640 -1.5536 1 0 0 0 0 0 1 0 0 0 0 0 2 2 4 2 4 2 4 8 12 16 20 
0 7 6608 1 0 0 1 0 0 0 0 0 0 0 1 2 3 107 0.3272 146 117 263 29 1.2479 0 0 1 1 0.0221 0.0177 1 1 39 10 0.2671 0.0855 1 0 0 0 0 0 1 0 0 0 0 0 2 0 4 1 6 2 3 5 8 11 13 
0 7 6608 1 0 0 1 0 0 0 0 0 0 0 1 1 2 24 0.0734 30 178 208 148 5.9333 0 0 1 1 0.0045 0.0269 1 1 6 154 0.2000 0.8652 1 0 0 0 0 0 1 0 0 0 0 0 2 0 4 0 4 0 3 6 9 12 14 

0 8 6608 1 0 0 1 0 0 0 0 0 0 0 2 2 4 262 0.8012 328 117 445 211 2.8034 0 0 1 1 0.0496 0.0177 1 0 66 -145.0000 0.2012 -1.2393 1 0 0 0 0 0 1 0 0 0 0 0 2 2 4 2 4 2 4 8 12 16 20 
0 8 6608 1 0 0 1 0 0 0 0 0 0 0 2 1 3 143 0.4373 328 56 384 272 5.8571 0 0 1 1 0.0496 0.0085 1 0 185 -87.0000 0.5640 -1.5536 1 0 0 0 0 0 1 0 0 0 0 0 2 2 4 2 4 2 4 8 12 16 20 
0 8 6608 1 0 0 1 0 0 0 0 0 0 0 1 2 3 107 0.3272 146 117 263 29 1.2479 0 0 1 1 0.0221 0.0177 1 1 39 10 0.2671 0.0855 1 0 0 0 0 0 1 0 0 0 0 0 2 0 4 1 6 2 3 5 8 11 13 
0 8 6608 1 0 0 1 0 0 0 0 0 0 0 1 1 2 24 0.0734 30 178 208 148 5.9333 0 0 1 1 0.0045 0.0269 1 1 6 154 0.2000 0.8652 1 0 0 0 0 0 1 0 0 0 0 0 2 0 4 0 4 0 3 6 9 12 14 
1 8 6609 0 1 0 1 0 14 9 23 0.5000 4.5000 5 1 1 2 169 0.5168 247 227 474 20 1.0881 2 0 1.0082 1 0.0374 0.0344 1 1 78 58 0.3158 0.2555 1 0 0 0 0 0 1 0 0 0 0 0 1 0 1 0 1 1 2 5 7 11 13 

