0 1 4 28 0 282 270 12 5 1 0 1 0 0 0 0 0 0 1 1 12 0.4286 16 5 0.0567 0.0177 1 0 4 -7.0000 0.2500 -1.4000 1 0 0 0 0 0 1 0 0 0 0 0 2 2 4 2 4 2 2 4 4 6 6 
0 1 4 28 0 282 270 12 5 1 0 1 0 0 0 0 0 0 1 1 20 0.7143 24 2 0.0851 0.0071 1 0 4 -18.0000 0.1667 -9.0000 1 0 0 0 0 0 1 0 0 0 0 0 2 2 4 3 7 7 3 5 5 5 5 
0 1 4 28 0 282 270 12 5 1 0 1 0 0 0 0 0 0 1 1 15 0.5357 17 2 0.0603 0.0071 1 0 2 -13.0000 0.1176 -6.5000 1 0 0 0 0 0 1 0 0 0 0 0 2 2 4 3 4 3 3 4 5 7 9 
1 1 5 28 0 282 270 12 5 1 0 1 0 0 0 0 0 0 2 1 7 0.2500 22 16 0.0780 0.0567 1 1 15 9 0.6818 0.5625 1 0 0 0 0 0 1 0 0 0 0 0 2 0 4 5 4 11 3 7 10 11 11 
1 1 5 28 0 282 270 12 5 1 0 0 0 1 0 0 0 0 2 1 19 0.6786 22 29 0.0780 0.1028 1 1 3 10 0.1364 0.3448 1 0 0 0 0 0 1 0 0 0 0 0 2 0 4 0 4 1 2 4 5 8 8 

0 2 4 28 1 282 271 11 5 1 0 1 0 0 0 0 0 0 1 1 20 0.7143 24 2 0.0851 0.0071 1 0 4 -18.0000 0.1667 -9.0000 1 0 0 0 0 0 1 0 0 0 0 0 2 2 4 3 7 7 3 5 5 5 5 
0 2 4 28 1 282 271 11 5 1 0 1 0 0 0 0 0 0 1 1 15 0.5357 17 2 0.0603 0.0071 1 0 2 -13.0000 0.1176 -6.5000 1 0 0 0 0 0 1 0 0 0 0 0 2 2 4 3 4 3 3 4 5 7 9 
1 2 5 28 1 282 271 11 5 1 0 1 0 0 0 0 0 0 2 1 7 0.2500 22 16 0.0780 0.0567 1 1 15 9 0.6818 0.5625 1 0 0 0 0 0 1 0 0 0 0 0 2 0 4 5 4 11 3 7 10 11 11 
0 2 4 28 1 282 271 11 5 1 0 1 0 0 1 1 1 1 1 1 13 0.4643 17 5 0.0603 0.0177 1 0 4 -8.0000 0.2353 -1.6000 1 0 0 0 0 0 1 0 0 0 0 0 2 2 4 3 3 3 2 4 4 6 6 
1 2 5 28 1 282 271 11 5 1 0 0 0 1 0 0 0 0 2 1 19 0.6786 22 29 0.0780 0.1028 1 1 3 10 0.1364 0.3448 1 0 0 0 0 0 1 0 0 0 0 0 2 0 4 0 4 1 2 4 5 8 8 

0 3 4 28 2 282 272 10 5 1 0 1 0 0 0 0 0 0 1 1 15 0.5357 17 2 0.0603 0.0071 1 0 2 -13.0000 0.1176 -6.5000 1 0 0 0 0 0 1 0 0 0 0 0 2 2 4 3 4 3 3 4 5 7 9 
1 3 5 28 2 282 272 10 5 1 0 1 0 0 0 0 0 0 2 1 7 0.2500 22 16 0.0780 0.0567 1 1 15 9 0.6818 0.5625 1 0 0 0 0 0 1 0 0 0 0 0 2 0 4 5 4 11 3 7 10 11 11 
0 3 4 28 2 282 272 10 5 1 0 1 0 0 1 1 1 1 1 1 13 0.4643 17 5 0.0603 0.0177 1 0 4 -8.0000 0.2353 -1.6000 1 0 0 0 0 0 1 0 0 0 0 0 2 2 4 3 3 3 2 4 4 6 6 
0 3 4 28 2 282 272 10 5 1 0 1 0 0 1 1 1 1 1 1 21 0.7500 25 2 0.0887 0.0071 1 0 4 -19.0000 0.1600 -9.5000 1 0 0 0 0 0 1 0 0 0 0 0 2 2 4 4 6 8 3 5 5 5 5 
1 3 5 28 2 282 272 10 5 1 0 0 0 1 0 0 0 0 2 1 19 0.6786 22 29 0.0780 0.1028 1 1 3 10 0.1364 0.3448 1 0 0 0 0 0 1 0 0 0 0 0 2 0 4 0 4 1 2 4 5 8 8 

1 4 5 28 3 282 273 9 5 1 0 1 0 0 0 0 0 0 2 1 7 0.2500 22 16 0.0780 0.0567 1 1 15 9 0.6818 0.5625 1 0 0 0 0 0 1 0 0 0 0 0 2 0 4 5 4 11 3 7 10 11 11 
0 4 4 28 3 282 273 9 5 1 0 1 0 0 1 1 1 1 1 1 13 0.4643 17 5 0.0603 0.0177 1 0 4 -8.0000 0.2353 -1.6000 1 0 0 0 0 0 1 0 0 0 0 0 2 2 4 3 3 3 2 4 4 6 6 
0 4 4 28 3 282 273 9 5 1 0 1 0 0 1 1 1 1 1 1 21 0.7500 25 2 0.0887 0.0071 1 0 4 -19.0000 0.1600 -9.5000 1 0 0 0 0 0 1 0 0 0 0 0 2 2 4 4 6 8 3 5 5 5 5 
0 4 4 28 3 282 273 9 5 1 0 1 0 0 1 1 1 1 1 1 16 0.5714 18 2 0.0638 0.0071 1 0 2 -14.0000 0.1111 -7.0000 1 0 0 0 0 0 1 0 0 0 0 0 2 2 4 4 3 6 3 4 5 7 9 
1 4 5 28 3 282 273 9 5 1 0 0 0 1 0 0 0 0 2 1 19 0.6786 22 29 0.0780 0.1028 1 1 3 10 0.1364 0.3448 1 0 0 0 0 0 1 0 0 0 0 0 2 0 4 0 4 1 2 4 5 8 8 

1 5 4 28 4 282 274 8 4 1 0 1 0 0 0 0 0 0 2 1 7 0.2500 22 16 0.0780 0.0567 1 1 15 9 0.6818 0.5625 1 0 0 0 0 0 1 0 0 0 0 0 2 0 4 5 4 11 3 7 10 11 11 
0 5 3 28 4 282 274 8 4 1 0 1 0 0 1 1 1 1 1 1 21 0.7500 25 2 0.0887 0.0071 1 0 4 -19.0000 0.1600 -9.5000 1 0 0 0 0 0 1 0 0 0 0 0 2 2 4 4 6 8 3 5 5 5 5 
0 5 3 28 4 282 274 8 4 1 0 1 0 0 1 1 1 1 1 1 16 0.5714 18 2 0.0638 0.0071 1 0 2 -14.0000 0.1111 -7.0000 1 0 0 0 0 0 1 0 0 0 0 0 2 2 4 4 3 6 3 4 5 7 9 
1 5 4 28 4 282 274 8 4 1 0 0 0 1 0 0 0 0 2 1 19 0.6786 22 29 0.0780 0.1028 1 1 3 10 0.1364 0.3448 1 0 0 0 0 0 1 0 0 0 0 0 2 0 4 0 4 1 2 4 5 8 8 

1 6 4 28 5 282 275 7 4 1 0 1 0 0 0 0 0 0 2 1 7 0.2500 22 16 0.0780 0.0567 1 1 15 9 0.6818 0.5625 1 0 0 0 0 0 1 0 0 0 0 0 2 0 4 5 4 11 3 7 10 11 11 
0 6 3 28 5 282 275 7 4 1 0 1 0 0 1 1 1 1 1 1 16 0.5714 18 2 0.0638 0.0071 1 0 2 -14.0000 0.1111 -7.0000 1 0 0 0 0 0 1 0 0 0 0 0 2 2 4 4 3 6 3 4 5 7 9 
0 6 3 28 5 282 275 7 4 1 0 0 1 0 2 2 2 2 1 1 22 0.7857 26 2 0.0922 0.0071 1 0 4 -20.0000 0.1538 -10.0000 1 0 0 0 0 0 1 0 0 0 0 0 2 2 4 4 6 8 3 5 5 5 5 
1 6 4 28 5 282 275 7 4 1 0 0 0 1 0 0 0 0 2 1 19 0.6786 22 29 0.0780 0.1028 1 1 3 10 0.1364 0.3448 1 0 0 0 0 0 1 0 0 0 0 0 2 0 4 0 4 1 2 4 5 8 8 

0 7 4 28 6 282 276 6 4 1 0 1 0 0 0 0 0 0 2 1 7 0.2500 22 16 0.0780 0.0567 1 1 15 9 0.6818 0.5625 1 0 0 0 0 0 1 0 0 0 0 0 2 0 4 5 4 11 3 7 10 11 11 
0 7 3 28 6 282 276 6 4 1 0 1 0 0 2 2 2 2 1 1 17 0.6071 19 2 0.0674 0.0071 1 0 2 -15.0000 0.1053 -7.5000 1 0 0 0 0 0 1 0 0 0 0 0 2 2 4 4 4 4 3 4 5 7 9 
0 7 3 28 6 282 276 6 4 1 0 0 1 0 2 2 2 2 1 1 22 0.7857 26 2 0.0922 0.0071 1 0 4 -20.0000 0.1538 -10.0000 1 0 0 0 0 0 1 0 0 0 0 0 2 2 4 4 6 8 3 5 5 5 5 
1 7 5 28 6 282 276 6 4 1 0 0 0 1 0 0 0 0 2 1 19 0.6786 22 29 0.0780 0.1028 1 1 3 10 0.1364 0.3448 1 0 0 0 0 0 1 0 0 0 0 0 2 0 4 0 4 1 2 4 5 8 8 

0 8 4 28 7 282 277 5 4 1 0 1 0 0 0 0 0 0 2 1 7 0.2500 22 16 0.0780 0.0567 1 1 15 9 0.6818 0.5625 1 0 0 0 0 0 1 0 0 0 0 0 2 0 4 5 4 11 3 7 10 11 11 
0 8 3 28 7 282 277 5 4 1 0 1 0 0 3 3 3 3 1 1 18 0.6429 20 2 0.0709 0.0071 1 0 2 -16.0000 0.1000 -8.0000 1 0 0 0 0 0 1 0 0 0 0 0 2 2 4 4 3 7 3 4 5 7 9 
0 8 3 28 7 282 277 5 4 1 0 0 1 0 2 2 2 2 1 1 22 0.7857 26 2 0.0922 0.0071 1 0 4 -20.0000 0.1538 -10.0000 1 0 0 0 0 0 1 0 0 0 0 0 2 2 4 4 6 8 3 5 5 5 5 
1 8 5 28 7 282 277 5 4 1 0 0 0 1 0 0 0 0 2 1 19 0.6786 22 29 0.0780 0.1028 1 1 3 10 0.1364 0.3448 1 0 0 0 0 0 1 0 0 0 0 0 2 0 4 0 4 1 2 4 5 8 8 

0 9 4 28 8 282 278 4 4 1 0 1 0 0 0 0 0 0 2 1 7 0.2500 22 16 0.0780 0.0567 1 1 15 9 0.6818 0.5625 1 0 0 0 0 0 1 0 0 0 0 0 2 0 4 5 4 11 3 7 10 11 11 
0 9 3 28 8 282 278 4 4 1 0 1 0 0 4 4 4 4 1 1 19 0.6786 21 2 0.0745 0.0071 1 0 2 -17.0000 0.0952 -8.5000 1 0 0 0 0 0 1 0 0 0 0 0 2 2 4 4 3 4 3 4 5 7 9 
0 9 3 28 8 282 278 4 4 1 0 0 1 0 2 2 2 2 1 1 22 0.7857 26 2 0.0922 0.0071 1 0 4 -20.0000 0.1538 -10.0000 1 0 0 0 0 0 1 0 0 0 0 0 2 2 4 4 6 8 3 5 5 5 5 
1 9 5 28 8 282 278 4 4 1 0 0 0 1 0 0 0 0 2 1 19 0.6786 22 29 0.0780 0.1028 1 1 3 10 0.1364 0.3448 1 0 0 0 0 0 1 0 0 0 0 0 2 0 4 0 4 1 2 4 5 8 8 

0 10 4 28 9 282 279 3 4 1 0 1 0 0 0 0 0 0 2 1 7 0.2500 22 16 0.0780 0.0567 1 1 15 9 0.6818 0.5625 1 0 0 0 0 0 1 0 0 0 0 0 2 0 4 5 4 11 3 7 10 11 11 
0 10 3 28 9 282 279 3 4 1 0 1 0 0 5 5 5 5 1 1 20 0.7143 22 2 0.0780 0.0071 1 0 2 -18.0000 0.0909 -9.0000 1 0 0 0 0 0 1 0 0 0 0 0 2 2 4 4 3 7 3 4 5 7 9 
0 10 3 28 9 282 279 3 4 1 0 0 1 0 2 2 2 2 1 1 22 0.7857 26 2 0.0922 0.0071 1 0 4 -20.0000 0.1538 -10.0000 1 0 0 0 0 0 1 0 0 0 0 0 2 2 4 4 6 8 3 5 5 5 5 
1 10 5 28 9 282 279 3 4 1 0 0 0 1 0 0 0 0 2 1 19 0.6786 22 29 0.0780 0.1028 1 1 3 10 0.1364 0.3448 1 0 0 0 0 0 1 0 0 0 0 0 2 0 4 0 4 2 2 4 5 8 8 

1 11 3 28 10 282 280 2 3 1 0 1 0 0 0 0 0 0 2 1 7 0.2500 22 16 0.0780 0.0567 1 1 15 9 0.6818 0.5625 1 0 0 0 0 0 1 0 0 0 0 0 2 0 4 5 4 11 3 7 10 11 11 
0 11 2 28 10 282 280 2 3 1 0 0 1 0 2 2 2 2 1 1 22 0.7857 26 2 0.0922 0.0071 1 0 4 -20.0000 0.1538 -10.0000 1 0 0 0 0 0 1 0 0 0 0 0 2 2 4 4 6 8 3 5 5 5 5 
1 11 3 28 10 282 280 2 3 1 0 0 0 1 0 0 0 0 2 1 19 0.6786 22 29 0.0780 0.1028 1 1 3 10 0.1364 0.3448 1 0 0 0 0 0 1 0 0 0 0 0 2 0 4 0 9 1 2 4 5 8 8 

1 12 3 28 11 283 280 3 3 1 0 1 0 0 0 0 0 0 2 1 7 0.2500 22 16 0.0777 0.0565 1 1 15 9 0.6818 0.5625 1 0 0 0 0 0 1 1 0 0 0 0 2 0 4 5 4 11 3 7 10 11 11 
0 12 2 28 11 283 280 3 3 1 0 0 1 0 3 0 0 0 1 1 14 0.5000 26 20 0.0919 0.0707 1 1 12 6 0.4615 0.3000 1 0 0 0 0 0 1 1 0 0 0 0 2 0 4 4 4 10 4 7 10 10 11 
1 12 3 28 11 283 280 3 3 1 0 0 0 1 0 0 0 0 2 1 19 0.6786 22 29 0.0777 0.1025 1 1 3 10 0.1364 0.3448 1 0 0 0 0 0 1 0 0 0 0 0 2 0 4 0 9 1 2 4 5 8 8 

0 13 1 28 13 283 282 1 2 0 1 1 0 0 1 1 1 1 2 1 8 0.2857 23 16 0.0813 0.0565 1 1 15 8 0.6522 0.5000 1 0 0 0 0 0 1 0 0 0 0 0 1 2 1 6 1 4 3 6 8 9 10 
1 13 2 28 13 283 282 1 2 0 1 0 0 1 1 0 0 0 2 1 20 0.7143 23 29 0.0813 0.1025 1 1 3 9 0.1304 0.3103 1 0 0 0 0 0 1 0 0 0 0 0 1 0 1 0 6 1 2 3 5 5 4 

0 14 2 28 14 284 283 1 4 1 0 1 0 0 2 3 1.5000 1.5000 3 2 8 0.2857 17 23 0.0599 0.0810 1 1 9 15 0.5294 0.6522 1 0 1 0 1 0 1 1 1 0 0 0 2 1 5 2 12 2 3 7 10 11 11 
0 14 2 28 14 284 283 1 4 1 0 0 1 0 2 0 1.5000 1.5000 3 2 9 0.3214 17 26 0.0599 0.0915 1 1 8 17 0.4706 0.6538 1 0 2 0 0 0 1 2 0 0 0 0 2 0 10 2 6 15 4 7 10 10 11 
0 14 2 28 14 284 283 1 4 1 0 0 1 0 2 0 0 0 3 2 10 0.3571 17 26 0.0599 0.0915 1 1 7 16 0.4118 0.6154 1 0 1 0 1 0 1 1 1 0 0 0 2 0 7 4 10 9 3 7 7 8 12 
1 14 4 28 14 284 283 1 4 0 1 0 0 1 3 1 1 0 2 1 20 0.7143 23 29 0.0810 0.1021 1 1 3 9 0.1304 0.3103 1 0 0 0 0 0 1 0 0 0 0 0 1 0 1 0 6 1 2 3 5 5 4 

0 15 2 28 13 283 282 1 4 0 1 1 0 0 2 3 0 1.5000 3 2 8 0.2857 17 22 0.0601 0.0777 1 1 9 14 0.5294 0.6364 1 0 0 0 0 1 1 0 0 0 1 1 1 0 1 4 1 6 3 5 6 10 9 
0 15 2 28 13 283 282 1 4 1 0 0 1 0 2 0 1.5000 1.5000 3 2 9 0.3214 17 26 0.0601 0.0919 1 1 8 17 0.4706 0.6538 1 0 2 0 0 0 1 2 0 0 0 0 2 0 7 4 6 16 4 7 10 10 11 
0 15 2 28 13 283 282 1 4 1 0 0 1 0 2 0 0 0 3 2 10 0.3571 17 26 0.0601 0.0919 1 1 7 16 0.4118 0.6154 1 0 1 0 1 0 1 1 1 0 0 0 2 0 7 4 6 12 3 7 7 8 12 
1 15 4 28 13 283 282 1 4 1 0 0 0 1 3 1 0 0 2 1 19 0.6786 22 29 0.0777 0.1025 1 1 3 10 0.1364 0.3448 1 0 0 0 0 0 1 0 0 0 0 0 2 0 4 0 9 1 2 4 5 8 8 

0 16 1 28 15 283 283 0 2 0 1 0 1 0 2 0 0 0 1 1 12 0.4286 20 26 0.0707 0.0919 1 1 8 14 0.4000 0.5385 1 0 0 0 0 0 1 0 0 0 0 0 1 1 1 3 3 5 2 4 4 6 10 
1 16 2 28 15 283 283 0 2 1 0 0 0 1 4 1 0 0 1 1 19 0.6786 22 29 0.0777 0.1025 1 1 3 10 0.1364 0.3448 1 0 0 0 0 0 1 0 0 0 0 0 2 0 4 0 9 1 2 4 5 8 8 

0 17 2 28 14 284 283 1 4 1 0 1 0 0 5 4 2 2 2 3 8 0.2857 23 17 0.0810 0.0599 1 1 15 9 0.6522 0.5294 1 0 1 0 1 0 1 1 1 0 0 0 2 1 5 2 12 2 3 7 10 11 11 
0 17 2 28 14 284 283 1 4 1 0 0 1 0 4 1 1.5000 1.5000 3 2 9 0.3214 17 26 0.0599 0.0915 1 1 8 17 0.4706 0.6538 1 0 2 0 0 0 1 2 0 0 0 0 2 0 9 2 7 15 4 7 10 10 11 
0 17 2 28 14 284 283 1 4 1 0 0 1 0 4 1 0 0 3 2 10 0.3571 17 26 0.0599 0.0915 1 1 7 16 0.4118 0.6154 1 0 1 0 1 0 1 1 1 0 0 0 2 0 7 4 9 9 3 7 7 8 12 
1 17 4 28 14 284 283 1 4 0 1 0 0 1 5 2 1 1 2 1 20 0.7143 23 29 0.0810 0.1021 1 1 3 9 0.1304 0.3103 1 0 0 0 0 0 1 0 0 0 0 0 1 0 1 0 6 1 2 3 5 5 4 

1 18 4 28 12 283 280 3 4 1 0 1 0 0 5 4 2 2 2 1 7 0.2500 22 16 0.0777 0.0565 1 1 15 9 0.6818 0.5625 1 0 0 0 0 0 1 0 1 1 0 0 2 0 4 5 4 11 3 7 10 11 11 
0 18 2 28 12 283 280 3 4 1 0 1 0 0 3 4 0 0 2 1 13 0.4643 20 26 0.0707 0.0919 1 1 7 13 0.3500 0.5000 1 0 1 0 0 0 1 1 1 0 0 0 2 0 4 8 4 7 4 6 6 11 14 
0 18 2 28 12 283 280 3 4 0 1 0 1 0 3 1 0.5000 0.5000 2 1 12 0.4286 20 26 0.0707 0.0919 1 1 8 14 0.4000 0.5385 1 0 0 0 0 1 1 0 0 0 2 0 1 0 1 3 3 6 2 4 4 6 10 
1 18 4 28 12 283 280 3 4 1 0 0 0 1 5 2 1 1 2 1 19 0.6786 22 29 0.0777 0.1025 1 1 3 10 0.1364 0.3448 1 0 0 0 0 0 1 0 0 0 0 0 2 0 4 0 9 1 2 4 5 8 8 

0 19 1 28 14 283 282 1 2 0 1 1 0 0 6 5 1.5000 3 2 1 8 0.2857 23 16 0.0813 0.0565 1 1 15 8 0.6522 0.5000 1 0 0 0 0 0 1 0 0 0 0 0 1 2 1 6 1 4 3 6 8 9 10 
1 19 2 28 14 283 282 1 2 0 1 0 0 1 6 2 1 1 2 1 20 0.7143 23 29 0.0813 0.1025 1 1 3 9 0.1304 0.3103 1 0 0 0 0 0 1 0 0 0 0 0 1 0 1 0 6 1 2 3 5 5 4 

1 20 3 28 13 283 281 2 3 1 0 1 0 0 8 6 3.5000 3.5000 2 1 7 0.2500 22 16 0.0777 0.0565 1 1 15 9 0.6818 0.5625 1 0 0 0 0 0 1 0 0 1 0 0 2 0 4 5 4 11 3 7 10 11 11 
0 20 2 28 13 283 281 2 3 0 1 0 1 0 4 1 0.5000 0.5000 1 1 12 0.4286 20 26 0.0707 0.0919 1 1 8 14 0.4000 0.5385 1 0 0 0 0 0 1 0 0 0 1 0 1 0 1 3 3 4 2 4 4 6 10 
1 20 3 28 13 283 281 2 3 1 0 0 0 1 8 3 1 1 2 1 19 0.6786 22 29 0.0777 0.1025 1 1 3 10 0.1364 0.3448 1 0 0 0 0 0 1 0 0 0 0 0 2 0 4 0 9 1 2 4 5 8 8 

0 21 1 28 15 283 282 1 2 0 1 1 0 0 9 7 2 4.5000 2 1 8 0.2857 23 16 0.0813 0.0565 1 1 15 8 0.6522 0.5000 1 0 0 0 0 0 1 0 0 0 0 0 1 2 1 6 1 4 3 6 8 9 10 
1 21 2 28 15 283 282 1 2 0 1 0 0 1 9 3 2 1 2 1 20 0.7143 23 29 0.0813 0.1025 1 1 3 9 0.1304 0.3103 1 0 0 0 0 0 1 0 0 0 0 0 1 0 1 0 6 1 2 3 5 5 4 

0 22 2 28 15 284 283 1 4 1 0 1 0 0 8 11 5 5 3 2 8 0.2857 17 23 0.0599 0.0810 1 1 9 15 0.5294 0.6522 1 0 1 0 1 0 1 1 1 0 0 0 2 1 5 2 12 2 3 7 10 11 11 
0 22 2 28 15 284 283 1 4 1 0 0 1 0 8 2 2.5000 2.5000 3 2 9 0.3214 17 26 0.0599 0.0915 1 1 8 17 0.4706 0.6538 1 0 2 0 0 0 1 2 0 0 0 0 2 0 10 2 6 15 4 7 10 10 11 
0 22 2 28 15 284 283 1 4 1 0 0 1 0 8 2 0 0 3 2 10 0.3571 17 26 0.0599 0.0915 1 1 7 16 0.4118 0.6154 1 0 1 0 1 0 1 1 1 0 0 0 2 0 7 4 11 9 3 7 7 8 12 
1 22 4 28 15 284 283 1 4 0 1 0 0 1 11 4 3 1 2 1 20 0.7143 23 29 0.0810 0.1021 1 1 3 9 0.1304 0.3103 1 0 0 0 0 0 1 0 0 0 0 0 1 0 1 0 6 1 2 3 5 5 4 

0 23 2 28 14 283 282 1 4 0 1 1 0 0 8 11 0.5000 5 3 2 8 0.2857 17 22 0.0601 0.0777 1 1 9 14 0.5294 0.6364 1 0 0 0 0 1 1 0 0 0 1 1 1 0 1 4 1 6 3 5 6 10 9 
0 23 2 28 14 283 282 1 4 1 0 0 1 0 8 2 2.5000 2.5000 3 2 9 0.3214 17 26 0.0601 0.0919 1 1 8 17 0.4706 0.6538 1 0 2 0 0 0 1 2 0 0 0 0 2 0 7 4 6 16 4 7 10 10 11 
0 23 2 28 14 283 282 1 4 1 0 0 1 0 8 2 0 0 3 2 10 0.3571 17 26 0.0601 0.0919 1 1 7 16 0.4118 0.6154 1 0 1 0 1 0 1 1 1 0 0 0 2 0 7 4 7 12 3 7 7 8 12 
1 23 4 28 14 283 282 1 4 1 0 0 0 1 11 4 1 1 2 1 19 0.6786 22 29 0.0777 0.1025 1 1 3 10 0.1364 0.3448 1 0 0 0 0 0 1 0 0 0 0 0 2 0 4 0 9 1 2 4 5 8 8 

1 24 2 28 17 283 283 0 2 1 0 0 0 1 12 4 1 1 1 1 19 0.6786 22 29 0.0777 0.1025 1 1 3 10 0.1364 0.3448 1 0 0 0 0 0 1 0 0 0 0 0 2 0 4 0 9 1 2 4 5 8 8 
0 24 1 28 17 283 283 0 2 0 1 0 0 1 7 2 1 1 1 1 12 0.4286 21 26 0.0742 0.0919 1 1 9 14 0.4286 0.5385 1 0 0 0 0 0 1 0 0 0 0 0 1 1 1 2 3 5 2 4 4 6 10 

0 25 1 28 18 283 283 0 2 1 0 0 1 0 8 3 1.5000 1.5000 1 1 12 0.4286 21 26 0.0742 0.0919 1 1 9 14 0.4286 0.5385 1 0 0 0 0 0 1 0 0 0 0 0 2 1 4 4 9 4 3 6 6 6 9 
1 25 2 28 18 283 283 0 2 1 0 0 0 1 13 5 2 2 1 1 19 0.6786 22 29 0.0777 0.1025 1 1 3 10 0.1364 0.3448 1 0 0 0 0 0 1 0 0 0 0 0 2 0 4 0 9 1 2 4 5 8 8 

0 26 2 28 15 284 283 1 4 1 0 1 0 0 14 11 5.5000 5.5000 2 3 8 0.2857 23 17 0.0810 0.0599 1 1 15 9 0.6522 0.5294 1 0 1 0 1 0 1 1 1 0 0 0 2 1 5 2 12 2 3 7 10 11 11 
0 26 2 28 15 284 283 1 4 1 0 0 1 0 11 4 2.5000 2.5000 3 2 9 0.3214 17 26 0.0599 0.0915 1 1 8 17 0.4706 0.6538 1 0 2 0 0 0 1 2 0 0 0 0 2 0 9 2 7 15 4 7 10 10 11 
0 26 2 28 15 284 283 1 4 1 0 0 1 0 11 4 0 0 3 2 10 0.3571 17 26 0.0599 0.0915 1 1 7 16 0.4118 0.6154 1 0 1 0 1 0 1 1 1 0 0 0 2 0 7 4 10 9 3 7 7 8 12 
1 26 4 28 15 284 283 1 4 0 1 0 0 1 14 6 3 3 2 1 20 0.7143 23 29 0.0810 0.1021 1 1 3 9 0.1304 0.3103 1 0 0 0 0 0 1 0 0 0 0 0 1 0 1 0 6 1 2 3 5 5 4 

0 27 1 28 16 284 283 1 5 1 0 1 0 0 11 14 5.5000 5.5000 4 2 8 0.2857 17 23 0.0599 0.0810 1 1 9 15 0.5294 0.6522 1 0 1 0 1 0 1 1 1 1 0 0 2 1 5 2 12 2 3 7 10 11 11 
0 27 1 28 16 284 283 1 5 1 0 1 0 0 11 4 2.5000 2.5000 4 3 9 0.3214 17 26 0.0599 0.0915 1 1 8 17 0.4706 0.6538 1 0 2 0 1 0 1 2 1 0 0 0 2 0 10 2 6 13 4 7 10 10 11 
0 27 1 28 16 284 283 1 5 1 0 1 0 0 11 4 0 0 4 3 10 0.3571 17 26 0.0599 0.0915 1 1 7 16 0.4118 0.6154 1 0 2 0 1 0 1 2 1 0 0 0 2 0 7 3 10 8 3 7 7 8 12 
0 27 1 28 16 284 283 1 5 1 0 1 0 0 11 4 2.5000 2.5000 4 3 11 0.3929 17 26 0.0599 0.0915 1 1 6 15 0.3529 0.5769 1 0 1 0 1 0 1 1 1 1 0 0 2 1 5 2 8 4 4 4 6 9 9 
1 27 5 28 16 284 283 1 5 0 1 0 0 1 14 6 3 3 2 1 20 0.7143 23 29 0.0810 0.1021 1 1 3 9 0.1304 0.3103 1 0 0 0 0 0 1 0 0 0 0 0 1 0 1 0 6 1 2 3 5 5 4 

0 28 1 28 15 283 282 1 5 0 1 1 0 0 11 14 1 5.5000 4 2 8 0.2857 17 22 0.0601 0.0777 1 1 9 14 0.5294 0.6364 1 0 0 0 0 1 1 0 0 0 1 1 1 0 1 4 1 6 3 5 6 10 9 
0 28 1 28 15 283 282 1 5 1 0 1 0 0 11 4 2.5000 2.5000 4 3 9 0.3214 17 26 0.0601 0.0919 1 1 8 17 0.4706 0.6538 1 0 2 0 1 0 1 2 1 0 0 0 2 0 7 4 6 14 4 7 10 10 11 
0 28 1 28 15 283 282 1 5 1 0 1 0 0 11 4 0 0 4 3 10 0.3571 17 26 0.0601 0.0919 1 1 7 16 0.4118 0.6154 1 0 2 0 1 0 1 2 1 0 0 0 2 0 7 3 6 11 3 7 7 8 12 
0 28 1 28 15 283 282 1 5 1 0 1 0 0 11 4 2.5000 2.5000 4 3 11 0.3929 17 26 0.0601 0.0919 1 1 6 15 0.3529 0.5769 1 0 1 0 1 0 1 1 1 1 0 0 2 1 5 2 8 4 4 4 6 9 9 
1 28 5 28 15 283 282 1 5 1 0 0 0 1 14 6 3 3 2 1 19 0.6786 22 29 0.0777 0.1025 1 1 3 10 0.1364 0.3448 1 0 0 0 0 0 1 0 0 0 0 0 2 0 4 0 9 1 2 4 5 8 8 

0 29 1 28 16 284 283 1 5 1 0 1 0 0 12 4 2.5000 2.5000 4 3 9 0.3214 17 26 0.0599 0.0915 1 1 8 17 0.4706 0.6538 1 0 2 0 1 0 1 2 1 0 0 0 2 0 9 2 7 13 4 7 10 10 11 
0 29 1 28 16 284 283 1 5 1 0 1 0 0 12 4 0 0 4 3 10 0.3571 17 26 0.0599 0.0915 1 1 7 16 0.4118 0.6154 1 0 2 0 1 0 1 2 1 0 0 0 2 0 7 3 9 8 3 7 7 8 12 
0 29 1 28 16 284 283 1 5 1 0 1 0 0 12 4 2.5000 2.5000 4 3 11 0.3929 17 26 0.0599 0.0915 1 1 6 15 0.3529 0.5769 1 0 1 0 1 0 1 1 1 1 0 0 2 1 5 2 8 4 4 4 6 9 9 
0 29 1 28 16 284 283 1 5 1 0 1 0 0 16 12 6 6 2 4 8 0.2857 23 17 0.0810 0.0599 1 1 15 9 0.6522 0.5294 1 0 1 0 1 0 1 1 1 1 0 0 2 1 5 2 12 2 3 7 10 11 11 
1 29 5 28 16 284 283 1 5 0 1 0 0 1 16 7 3 4 2 1 20 0.7143 23 29 0.0810 0.1021 1 1 3 9 0.1304 0.3103 1 0 0 0 0 0 1 0 0 0 0 0 1 0 1 0 6 1 2 3 5 5 4 

