0 1 3 30 0 289 267 22 5 1 0 1 0 0 0 0 0 0 1 2 22 0.7333 24 9 0.0830 0.0311 1 0 2 -13.0000 0.0833 -1.4444 1 0 0 0 0 0 1 0 1 0 0 0 2 2 6 8 10 10 4 5 5 8 5 
0 1 4 30 0 289 267 22 5 1 0 1 0 0 0 0 0 0 2 1 6 0.2000 9 4 0.0311 0.0138 1 0 3 -2.0000 0.3333 -0.5000 1 0 0 0 0 0 1 0 1 0 0 0 2 2 4 4 3 5 3 5 5 5 5 
0 1 4 30 0 289 267 22 5 1 0 1 0 0 0 0 0 0 1 1 11 0.3667 13 4 0.0450 0.0138 1 0 2 -7.0000 0.1538 -1.7500 1 0 0 0 0 0 1 0 0 0 0 0 2 2 4 3 5 3 3 4 5 7 9 
1 1 5 30 0 289 267 22 5 0 1 1 0 0 0 0 0 0 1 1 13 0.4333 25 23 0.0865 0.0796 1 1 12 10 0.4800 0.4348 1 0 0 0 0 0 1 0 0 0 0 0 1 0 2 2 7 1 3 4 6 7 7 
1 1 5 30 0 289 267 22 5 0 1 1 0 0 0 0 0 0 1 1 2 0.0667 17 22 0.0588 0.0761 1 1 15 20 0.8824 0.9091 1 0 0 0 0 0 1 0 0 0 0 0 1 0 1 0 4 5 3 4 5 7 9 

0 2 4 30 1 289 268 21 5 1 0 1 0 0 1 0 0 0 2 1 6 0.2000 9 4 0.0311 0.0138 1 0 3 -2.0000 0.3333 -0.5000 1 0 0 0 0 0 1 0 1 0 0 0 2 2 4 4 3 5 3 5 5 5 5 
0 2 4 30 1 289 268 21 5 1 0 1 0 0 0 0 0 0 1 1 11 0.3667 13 4 0.0450 0.0138 1 0 2 -7.0000 0.1538 -1.7500 1 0 0 0 0 0 1 0 0 0 0 0 2 2 4 3 5 3 3 4 5 7 9 
1 2 5 30 1 289 268 21 5 0 1 1 0 0 0 0 0 0 1 1 13 0.4333 25 23 0.0865 0.0796 1 1 12 10 0.4800 0.4348 1 0 0 0 0 0 1 0 0 0 0 0 1 0 2 2 7 1 3 4 6 7 7 
1 2 5 30 1 289 268 21 5 0 1 1 0 0 0 0 0 0 1 1 2 0.0667 17 22 0.0588 0.0761 1 1 15 20 0.8824 0.9091 1 0 0 0 0 0 1 0 0 0 0 0 1 0 1 0 4 5 3 4 5 7 9 
0 2 3 30 1 289 268 21 5 1 0 1 0 0 1 1 1 1 1 2 23 0.7667 25 9 0.0865 0.0311 1 0 2 -14.0000 0.0800 -1.5556 1 0 0 0 0 0 1 0 1 0 0 0 2 2 6 9 9 11 4 5 5 8 5 

0 3 4 30 2 289 269 20 5 1 0 1 0 0 2 0 0 0 2 1 6 0.2000 9 4 0.0311 0.0138 1 0 3 -2.0000 0.3333 -0.5000 1 0 0 0 0 0 1 0 1 0 0 0 2 2 4 4 3 5 3 5 5 5 5 
0 3 4 30 2 289 269 20 5 1 0 1 0 0 0 0 0 0 1 1 11 0.3667 13 4 0.0450 0.0138 1 0 2 -7.0000 0.1538 -1.7500 1 0 0 0 0 0 1 0 0 0 0 0 2 2 4 3 4 5 3 4 5 7 9 
1 3 5 30 2 289 269 20 5 0 1 1 0 0 0 0 0 0 1 1 13 0.4333 25 23 0.0865 0.0796 1 1 12 10 0.4800 0.4348 1 0 0 0 0 0 1 0 0 0 0 0 1 0 2 2 7 1 3 4 6 7 7 
1 3 5 30 2 289 269 20 5 0 1 1 0 0 0 0 0 0 1 1 2 0.0667 17 22 0.0588 0.0761 1 1 15 20 0.8824 0.9091 1 0 0 0 0 0 1 0 0 0 0 0 1 0 1 0 4 5 3 4 5 7 9 
0 3 3 30 2 289 269 20 5 1 0 1 0 0 2 2 2 2 1 2 24 0.8000 26 9 0.0900 0.0311 1 0 2 -15.0000 0.0769 -1.6667 1 0 0 0 0 0 1 0 1 0 0 0 2 2 6 9 9 11 4 5 5 8 5 

0 4 4 30 3 289 270 19 5 1 0 1 0 0 3 0 0 0 2 1 6 0.2000 9 4 0.0311 0.0138 1 0 3 -2.0000 0.3333 -0.5000 1 0 0 0 0 0 1 0 1 0 0 0 2 2 4 4 3 5 3 5 5 5 5 
0 4 4 30 3 289 270 19 5 1 0 1 0 0 0 0 0 0 1 1 11 0.3667 13 4 0.0450 0.0138 1 0 2 -7.0000 0.1538 -1.7500 1 0 0 0 0 0 1 0 0 0 0 0 2 2 4 3 5 3 3 4 5 7 9 
1 4 5 30 3 289 270 19 5 0 1 1 0 0 0 0 0 0 1 1 13 0.4333 25 23 0.0865 0.0796 1 1 12 10 0.4800 0.4348 1 0 0 0 0 0 1 0 0 0 0 0 1 0 2 2 7 1 3 4 6 7 7 
1 4 5 30 3 289 270 19 5 0 1 1 0 0 0 0 0 0 1 1 2 0.0667 17 22 0.0588 0.0761 1 1 15 20 0.8824 0.9091 1 0 0 0 0 0 1 0 0 0 0 0 1 0 1 0 4 5 3 4 5 7 9 
0 4 3 30 3 289 270 19 5 1 0 1 0 0 3 3 3 3 1 2 25 0.8333 27 9 0.0934 0.0311 1 0 2 -16.0000 0.0741 -1.7778 1 0 0 0 0 0 1 0 1 0 0 0 2 2 6 9 9 12 4 5 5 8 5 

0 5 4 30 4 289 271 18 5 1 0 1 0 0 4 0 0 0 2 1 6 0.2000 9 4 0.0311 0.0138 1 0 3 -2.0000 0.3333 -0.5000 1 0 0 0 0 0 1 0 1 0 0 0 2 2 4 4 3 5 3 5 5 5 5 
0 5 4 30 4 289 271 18 5 1 0 1 0 0 0 0 0 0 1 1 11 0.3667 13 4 0.0450 0.0138 1 0 2 -7.0000 0.1538 -1.7500 1 0 0 0 0 0 1 0 0 0 0 0 2 2 4 3 4 4 3 4 5 7 9 
1 5 5 30 4 289 271 18 5 0 1 1 0 0 0 0 0 0 1 1 13 0.4333 25 23 0.0865 0.0796 1 1 12 10 0.4800 0.4348 1 0 0 0 0 0 1 0 0 0 0 0 1 0 2 2 7 1 3 4 6 7 7 
1 5 5 30 4 289 271 18 5 0 1 1 0 0 0 0 0 0 1 1 2 0.0667 17 22 0.0588 0.0761 1 1 15 20 0.8824 0.9091 1 0 0 0 0 0 1 0 0 0 0 0 1 0 1 0 4 5 3 4 5 7 9 
0 5 3 30 4 289 271 18 5 1 0 1 0 0 4 4 4 4 1 2 26 0.8667 28 9 0.0969 0.0311 1 0 2 -17.0000 0.0714 -1.8889 1 0 0 0 0 0 1 0 1 0 0 0 2 2 6 9 9 11 4 5 5 8 5 

0 6 4 30 5 289 272 17 5 1 0 1 0 0 5 0 0 0 2 1 6 0.2000 9 4 0.0311 0.0138 1 0 3 -2.0000 0.3333 -0.5000 1 0 0 0 0 0 1 0 1 0 0 0 2 2 4 4 3 5 3 5 5 5 5 
0 6 4 30 5 289 272 17 5 1 0 1 0 0 0 0 0 0 1 1 11 0.3667 13 4 0.0450 0.0138 1 0 2 -7.0000 0.1538 -1.7500 1 0 0 0 0 0 1 0 0 0 0 0 2 2 4 3 4 3 3 4 5 7 9 
1 6 5 30 5 289 272 17 5 0 1 1 0 0 0 0 0 0 1 1 13 0.4333 25 23 0.0865 0.0796 1 1 12 10 0.4800 0.4348 1 0 0 0 0 0 1 0 0 0 0 0 1 0 2 2 7 1 3 4 6 7 7 
1 6 5 30 5 289 272 17 5 0 1 1 0 0 0 0 0 0 1 1 2 0.0667 17 22 0.0588 0.0761 1 1 15 20 0.8824 0.9091 1 0 0 0 0 0 1 0 0 0 0 0 1 0 1 0 4 5 3 4 5 7 9 
0 6 3 30 5 289 272 17 5 1 0 1 0 0 5 5 5 5 1 2 27 0.9000 29 9 0.1003 0.0311 1 0 2 -18.0000 0.0690 -2.0000 1 0 0 0 0 0 1 0 1 0 0 0 2 2 6 9 9 12 4 5 5 8 5 

0 7 4 30 6 289 273 16 5 1 0 1 0 0 6 0 0 0 2 1 6 0.2000 9 4 0.0311 0.0138 1 0 3 -2.0000 0.3333 -0.5000 1 0 0 0 0 0 1 0 1 0 0 0 2 2 4 4 3 5 3 5 5 5 5 
0 7 4 30 6 289 273 16 5 1 0 1 0 0 0 0 0 0 1 1 11 0.3667 13 4 0.0450 0.0138 1 0 2 -7.0000 0.1538 -1.7500 1 0 0 0 0 0 1 0 0 0 0 0 2 2 4 3 4 4 3 4 5 7 9 
1 7 5 30 6 289 273 16 5 0 1 1 0 0 0 0 0 0 1 1 13 0.4333 25 23 0.0865 0.0796 1 1 12 10 0.4800 0.4348 1 0 0 0 0 0 1 0 0 0 0 0 1 0 2 2 7 1 3 4 6 7 7 
1 7 5 30 6 289 273 16 5 0 1 1 0 0 0 0 0 0 1 1 2 0.0667 17 22 0.0588 0.0761 1 1 15 20 0.8824 0.9091 1 0 0 0 0 0 1 0 0 0 0 0 1 0 1 0 4 5 3 4 5 7 9 
0 7 3 30 6 289 273 16 5 1 0 1 0 0 6 6 6 6 1 2 28 0.9333 30 9 0.1038 0.0311 1 0 2 -19.0000 0.0667 -2.1111 1 0 0 0 0 0 1 0 1 0 0 0 2 2 6 9 9 12 4 5 5 8 5 

0 8 4 30 7 289 274 15 5 1 0 1 0 0 7 0 0 0 2 1 6 0.2000 9 4 0.0311 0.0138 1 0 3 -2.0000 0.3333 -0.5000 1 0 0 0 0 0 1 0 1 0 0 0 2 2 4 4 3 5 3 5 5 5 5 
0 8 4 30 7 289 274 15 5 1 0 1 0 0 0 0 0 0 1 1 11 0.3667 13 4 0.0450 0.0138 1 0 2 -7.0000 0.1538 -1.7500 1 0 0 0 0 0 1 0 0 0 0 0 2 2 4 3 4 3 3 4 5 7 9 
1 8 5 30 7 289 274 15 5 0 1 1 0 0 0 0 0 0 1 1 13 0.4333 25 23 0.0865 0.0796 1 1 12 10 0.4800 0.4348 1 0 0 0 0 0 1 0 0 0 0 0 1 0 2 2 7 1 3 4 6 7 7 
1 8 5 30 7 289 274 15 5 0 1 1 0 0 0 0 0 0 1 1 2 0.0667 17 22 0.0588 0.0761 1 1 15 20 0.8824 0.9091 1 0 0 0 0 0 1 0 0 0 0 0 1 0 1 0 4 5 3 4 5 7 9 
0 8 3 30 7 289 274 15 5 1 0 1 0 0 7 7 7 7 1 2 29 0.9667 31 9 0.1073 0.0311 1 0 2 -20.0000 0.0645 -2.2222 1 0 0 0 0 0 1 0 1 0 0 0 2 2 6 9 9 12 4 5 5 8 5 

0 9 4 31 8 289 275 14 5 1 0 1 0 0 8 0 0 0 2 1 6 0.1935 9 4 0.0311 0.0138 1 0 3 -2.0000 0.3333 -0.5000 1 0 0 0 0 0 1 0 1 0 0 0 2 2 4 4 3 5 3 5 5 5 5 
0 9 4 31 8 289 275 14 5 1 0 1 0 0 0 0 0 0 1 1 11 0.3548 13 4 0.0450 0.0138 1 0 2 -7.0000 0.1538 -1.7500 1 0 0 0 0 0 1 0 0 0 0 0 2 2 4 3 4 3 3 4 5 7 9 
1 9 5 31 8 289 275 14 5 0 1 1 0 0 0 0 0 0 1 1 13 0.4194 25 23 0.0865 0.0796 1 1 12 10 0.4800 0.4348 1 0 0 0 0 0 1 0 0 0 0 0 1 0 2 2 7 1 3 4 6 7 7 
1 9 5 31 8 289 275 14 5 0 1 1 0 0 0 0 0 0 1 1 2 0.0645 17 22 0.0588 0.0761 1 1 15 20 0.8824 0.9091 1 0 0 0 0 0 1 0 0 0 0 0 1 0 1 0 4 5 3 4 5 7 9 
0 9 3 31 8 289 275 14 5 1 0 1 0 0 8 8 8 8 1 2 30 0.9677 32 9 0.1107 0.0311 1 0 2 -21.0000 0.0625 -2.3333 1 0 0 0 0 0 1 0 1 0 0 0 2 2 6 9 9 11 4 5 5 8 5 

0 10 4 32 9 290 276 14 5 1 0 1 0 0 9 0 0 0 2 1 6 0.1875 9 4 0.0310 0.0138 1 0 3 -2.0000 0.3333 -0.5000 1 0 0 0 0 0 1 0 1 0 0 0 2 2 4 4 3 5 3 5 5 5 5 
0 10 4 32 9 290 276 14 5 1 0 1 0 0 0 0 0 0 1 1 11 0.3438 13 4 0.0448 0.0138 1 0 2 -7.0000 0.1538 -1.7500 1 0 0 0 0 0 1 0 0 0 0 0 2 2 4 3 4 3 3 4 5 7 9 
1 10 5 32 9 290 276 14 5 0 1 1 0 0 0 0 0 0 1 1 13 0.4062 25 23 0.0862 0.0793 1 1 12 10 0.4800 0.4348 1 0 0 0 0 0 1 0 0 0 0 0 1 0 2 2 7 1 3 4 6 7 7 
1 10 5 32 9 290 276 14 5 0 1 1 0 0 0 0 0 0 1 1 2 0.0625 17 22 0.0586 0.0759 1 1 15 20 0.8824 0.9091 1 0 0 0 0 0 1 0 0 0 0 0 1 0 1 0 4 5 3 4 5 7 9 
0 10 3 32 9 290 276 14 5 1 0 1 0 0 9 9 9 9 1 2 31 0.9688 33 9 0.1138 0.0310 1 0 2 -22.0000 0.0606 -2.4444 1 0 0 0 0 0 1 0 1 0 0 0 2 2 6 9 9 11 4 5 5 8 5 

0 11 4 33 10 291 277 14 5 1 0 1 0 0 10 0 0 0 2 1 6 0.1818 9 4 0.0309 0.0137 1 0 3 -2.0000 0.3333 -0.5000 1 0 0 0 0 0 1 0 1 0 0 0 2 2 4 4 3 5 3 5 5 5 5 
0 11 4 33 10 291 277 14 5 1 0 1 0 0 0 0 0 0 1 1 11 0.3333 13 4 0.0447 0.0137 1 0 2 -7.0000 0.1538 -1.7500 1 0 0 0 0 0 1 0 0 0 0 0 2 2 4 3 4 3 3 4 5 7 9 
1 11 5 33 10 291 277 14 5 0 1 1 0 0 0 0 0 0 1 1 13 0.3939 25 23 0.0859 0.0790 1 1 12 10 0.4800 0.4348 1 0 0 0 0 0 1 0 0 0 0 0 1 0 2 2 7 1 3 4 6 7 7 
1 11 5 33 10 291 277 14 5 0 1 1 0 0 0 0 0 0 1 1 2 0.0606 17 22 0.0584 0.0756 1 1 15 20 0.8824 0.9091 1 0 0 0 0 0 1 0 0 0 0 0 1 0 1 0 4 5 3 4 5 7 9 
0 11 3 33 10 291 277 14 5 1 0 1 0 0 10 10 10 10 1 2 32 0.9697 34 9 0.1168 0.0309 1 0 2 -23.0000 0.0588 -2.5556 1 0 0 0 0 0 1 0 1 0 0 0 2 2 6 9 9 11 4 5 5 8 5 

0 12 4 34 11 292 278 14 5 1 0 1 0 0 11 0 0 0 2 1 6 0.1765 9 4 0.0308 0.0137 1 0 3 -2.0000 0.3333 -0.5000 1 0 0 0 0 0 1 0 1 0 0 0 2 2 4 4 3 5 3 5 5 5 5 
0 12 4 34 11 292 278 14 5 1 0 1 0 0 0 0 0 0 1 1 11 0.3235 13 4 0.0445 0.0137 1 0 2 -7.0000 0.1538 -1.7500 1 0 0 0 0 0 1 0 0 0 0 0 2 2 4 3 4 3 3 4 5 7 9 
1 12 5 34 11 292 278 14 5 0 1 1 0 0 0 0 0 0 1 1 13 0.3824 25 23 0.0856 0.0788 1 1 12 10 0.4800 0.4348 1 0 0 0 0 0 1 0 0 0 0 0 1 0 2 2 7 1 3 4 6 7 7 
1 12 5 34 11 292 278 14 5 0 1 1 0 0 0 0 0 0 1 1 2 0.0588 17 22 0.0582 0.0753 1 1 15 20 0.8824 0.9091 1 0 0 0 0 0 1 0 0 0 0 0 1 0 1 0 4 5 3 4 5 7 9 
0 12 3 34 11 292 278 14 5 1 0 1 0 0 11 11 11 11 1 2 33 0.9706 35 9 0.1199 0.0308 1 0 2 -24.0000 0.0571 -2.6667 1 0 0 0 0 0 1 0 1 0 0 0 2 2 6 9 9 11 4 5 5 8 5 

0 13 2 30 1 292 282 10 3 1 0 1 0 0 0 0 0 0 1 1 11 0.3667 13 4 0.0445 0.0137 1 0 2 -7.0000 0.1538 -1.7500 1 0 0 0 0 0 1 0 0 0 0 0 2 2 4 3 5 3 3 4 5 7 9 
1 13 3 30 1 292 282 10 3 0 1 1 0 0 0 0 0 0 1 1 13 0.4333 25 23 0.0856 0.0788 1 1 12 10 0.4800 0.4348 1 0 0 0 0 0 1 0 0 0 0 0 1 0 2 2 7 1 3 4 6 7 7 
1 13 3 30 1 292 282 10 3 0 1 1 0 0 0 0 0 0 1 1 2 0.0667 17 22 0.0582 0.0753 1 1 15 20 0.8824 0.9091 1 0 0 0 0 0 1 0 0 0 0 0 1 0 1 0 4 5 3 4 5 7 9 

1 14 3 30 2 292 283 9 3 0 1 1 0 0 0 0 0 0 1 1 13 0.4333 25 23 0.0856 0.0788 1 1 12 10 0.4800 0.4348 1 0 0 0 0 0 1 0 0 0 0 0 1 0 2 2 7 1 3 4 6 7 7 
1 14 3 30 2 292 283 9 3 0 1 1 0 0 0 0 0 0 1 1 2 0.0667 17 22 0.0582 0.0753 1 1 15 20 0.8824 0.9091 1 0 0 0 0 0 1 0 0 0 0 0 1 0 1 0 4 5 3 4 5 7 9 
0 14 2 30 2 292 283 9 3 1 0 1 0 0 1 1 1 1 1 1 12 0.4000 14 4 0.0479 0.0137 1 0 2 -8.0000 0.1429 -2.0000 1 0 0 0 0 0 1 0 0 0 0 0 2 2 4 4 3 6 3 4 5 7 9 

1 15 3 30 3 292 284 8 3 0 1 1 0 0 0 0 0 0 1 1 13 0.4333 25 23 0.0856 0.0788 1 1 12 10 0.4800 0.4348 1 0 0 0 0 0 1 0 0 0 0 0 1 0 2 2 7 1 3 4 6 7 7 
1 15 3 30 3 292 284 8 3 0 1 1 0 0 0 0 0 0 1 1 2 0.0667 17 22 0.0582 0.0753 1 1 15 20 0.8824 0.9091 1 0 0 0 0 0 1 0 0 0 0 0 1 0 1 0 4 5 3 4 5 7 9 
0 15 2 30 3 292 284 8 3 1 0 1 0 0 2 2 2 2 1 1 13 0.4333 15 4 0.0514 0.0137 1 0 2 -9.0000 0.1333 -2.2500 1 0 0 0 0 0 1 0 0 0 0 0 2 2 4 4 3 4 3 4 5 7 9 

1 16 3 30 4 292 285 7 3 0 1 1 0 0 0 0 0 0 1 1 13 0.4333 25 23 0.0856 0.0788 1 1 12 10 0.4800 0.4348 1 0 0 0 0 0 1 0 0 0 0 0 1 0 2 2 7 1 3 4 6 7 7 
1 16 3 30 4 292 285 7 3 0 1 1 0 0 0 0 0 0 1 1 2 0.0667 17 22 0.0582 0.0753 1 1 15 20 0.8824 0.9091 1 0 0 0 0 0 1 0 0 0 0 0 1 0 1 0 4 5 3 4 5 7 9 
0 16 2 30 4 292 285 7 3 1 0 1 0 0 3 3 3 3 1 1 14 0.4667 16 4 0.0548 0.0137 1 0 2 -10.0000 0.1250 -2.5000 1 0 0 0 0 0 1 0 0 0 0 0 2 2 4 4 3 5 3 4 5 7 9 

1 17 3 30 5 292 286 6 3 0 1 1 0 0 0 0 0 0 1 1 13 0.4333 25 23 0.0856 0.0788 1 1 12 10 0.4800 0.4348 1 0 0 0 0 0 1 0 0 0 0 0 1 0 2 2 7 1 3 4 6 7 7 
1 17 3 30 5 292 286 6 3 0 1 1 0 0 0 0 0 0 1 1 2 0.0667 17 22 0.0582 0.0753 1 1 15 20 0.8824 0.9091 1 0 0 0 0 0 1 0 0 0 0 0 1 0 1 0 4 5 3 4 5 7 9 
0 17 2 30 5 292 286 6 3 1 0 1 0 0 4 4 4 4 1 1 15 0.5000 17 4 0.0582 0.0137 1 0 2 -11.0000 0.1176 -2.7500 1 0 0 0 0 0 1 0 0 0 0 0 2 2 4 4 3 4 3 4 5 7 9 

1 18 3 30 6 292 287 5 3 0 1 1 0 0 0 0 0 0 1 1 13 0.4333 25 23 0.0856 0.0788 1 1 12 10 0.4800 0.4348 1 0 0 0 0 0 1 0 0 0 0 0 1 0 2 2 7 1 3 4 6 7 7 
1 18 3 30 6 292 287 5 3 0 1 1 0 0 0 0 0 0 1 1 2 0.0667 17 22 0.0582 0.0753 1 1 15 20 0.8824 0.9091 1 0 0 0 0 0 1 0 0 0 0 0 1 0 1 0 4 5 3 4 5 7 9 
0 18 2 30 6 292 287 5 3 1 0 1 0 0 5 5 5 5 1 1 16 0.5333 18 4 0.0616 0.0137 1 0 2 -12.0000 0.1111 -3.0000 1 0 0 0 0 0 1 0 0 0 0 0 2 2 4 4 3 4 3 4 5 7 9 

0 19 2 30 8 292 289 3 2 0 1 1 0 0 0 0 0 0 1 1 2 0.0667 17 22 0.0582 0.0753 1 1 15 20 0.8824 0.9091 1 0 0 0 0 0 1 0 0 0 0 0 1 0 1 0 4 5 3 4 5 7 9 
1 19 3 30 8 292 289 3 2 1 0 1 0 0 1 1 0.5000 0.5000 1 1 13 0.4333 24 25 0.0822 0.0856 1 1 11 12 0.4583 0.4800 1 0 0 0 0 0 1 0 0 0 0 0 2 3 6 3 5 9 3 5 6 10 14 

1 20 3 30 9 292 290 2 2 1 0 1 0 0 1 1 0.5000 0.5000 1 1 13 0.4333 24 25 0.0822 0.0856 1 1 11 12 0.4583 0.4800 1 0 0 0 0 0 1 0 0 0 0 0 2 3 6 3 10 3 3 5 6 10 14 
0 20 1 30 9 292 290 2 2 1 0 1 0 0 1 1 0.5000 0.5000 1 1 2 0.0667 23 17 0.0788 0.0582 1 1 21 15 0.9130 0.8824 1 0 0 0 0 0 1 0 0 0 0 0 2 1 3 5 8 2 3 6 8 9 10 

1 21 2 30 11 293 292 1 2 0 1 1 0 0 2 2 0.5000 1.5000 2 1 14 0.4667 26 24 0.0887 0.0819 1 1 12 10 0.4615 0.4167 1 0 0 0 0 0 1 0 0 0 0 0 1 1 2 5 2 2 3 4 6 7 7 
0 21 1 30 11 293 292 1 2 1 0 0 1 0 2 0 1.5000 1.5000 2 1 14 0.4667 26 28 0.0887 0.0956 1 1 12 14 0.4615 0.5000 2 0 0 0 0 0 2 0 0 0 0 0 2 4 5 4 9 4 3 5 6 10 14 

1 22 3 30 10 293 291 2 2 1 0 1 0 0 2 2 1.5000 1.5000 1 1 13 0.4333 24 25 0.0819 0.0853 1 1 11 12 0.4583 0.4800 1 0 0 0 0 0 1 0 0 0 0 0 2 3 6 3 10 3 3 5 6 10 14 
0 22 1 30 10 293 291 2 2 0 1 1 0 0 2 2 0.5000 1.5000 1 1 3 0.1000 18 23 0.0614 0.0785 1 1 15 20 0.8333 0.8696 1 0 0 0 0 0 1 0 0 0 0 0 1 0 1 2 4 2 3 4 5 7 9 

1 23 3 30 9 292 290 2 2 1 0 1 0 0 2 2 1.5000 1.5000 1 1 13 0.4333 24 25 0.0822 0.0856 1 1 11 12 0.4583 0.4800 1 0 0 0 0 0 1 0 0 0 0 0 2 3 6 3 5 9 3 5 6 10 14 
0 23 1 30 9 292 290 2 2 1 0 1 0 0 2 2 0.5000 0.5000 1 1 2 0.0667 18 22 0.0616 0.0753 1 1 16 20 0.8889 0.9091 1 0 0 0 0 0 1 0 0 0 0 0 2 1 3 1 8 5 4 5 6 8 10 

1 24 2 30 11 293 292 1 2 0 1 1 0 0 3 3 0.5000 2.5000 2 1 14 0.4667 26 24 0.0887 0.0819 1 1 12 10 0.4615 0.4167 1 0 0 0 0 0 1 0 0 0 0 0 1 1 2 1 2 7 3 4 6 7 7 
0 24 1 30 11 293 292 1 2 1 0 0 1 0 3 0 2.5000 2.5000 2 1 14 0.4667 26 28 0.0887 0.0956 1 1 12 14 0.4615 0.5000 2 0 0 0 0 0 2 0 0 0 0 0 2 4 5 4 4 4 3 5 6 10 14 

1 25 3 30 10 293 291 2 2 1 0 1 0 0 3 3 2.5000 2.5000 1 1 13 0.4333 24 25 0.0819 0.0853 1 1 11 12 0.4583 0.4800 1 0 0 0 0 0 1 0 0 0 0 0 2 3 6 3 10 3 3 5 6 10 14 
0 25 1 30 10 293 291 2 2 0 1 1 0 0 3 3 1.5000 1.5000 1 1 3 0.1000 23 18 0.0785 0.0614 1 1 20 15 0.8696 0.8333 1 0 0 0 0 0 1 0 0 0 0 0 1 0 4 4 2 3 2 4 6 8 9 

1 26 3 30 8 292 289 3 3 0 1 1 0 0 3 3 1.5000 1.5000 1 1 2 0.0667 17 22 0.0582 0.0753 1 1 15 20 0.8824 0.9091 1 0 0 0 0 0 1 0 0 0 0 0 1 0 1 0 4 5 3 4 5 7 9 
1 26 3 30 8 292 289 3 3 1 0 1 0 0 3 3 0.5000 0.5000 2 1 13 0.4333 26 23 0.0890 0.0788 1 1 13 10 0.5000 0.4348 1 0 1 0 0 0 1 1 0 0 0 0 2 1 6 5 10 3 4 5 7 8 9 
0 26 2 30 8 292 289 3 3 1 0 0 1 0 3 0 2.5000 2.5000 2 1 14 0.4667 26 28 0.0890 0.0959 1 1 12 14 0.4615 0.5000 1 0 1 0 0 0 1 1 0 0 0 0 2 2 7 3 5 3 3 5 6 10 14 

1 27 2 30 10 292 290 2 2 1 0 1 0 0 4 3 0.5000 0.5000 1 1 13 0.4333 26 23 0.0890 0.0788 1 1 13 10 0.5000 0.4348 1 0 0 0 0 0 1 0 0 0 0 0 2 1 6 9 5 5 4 5 7 8 9 
0 27 1 30 10 292 290 2 2 1 0 1 0 0 4 4 2 2 1 1 2 0.0667 23 17 0.0788 0.0582 1 1 21 15 0.9130 0.8824 1 0 0 0 0 0 1 0 0 0 0 0 2 1 3 5 8 2 3 6 8 9 10 

