0 1 10 30 0 333 316 17 13 1 0 1 0 0 0 0 0 0 1 4 23 0.7667 25 15 0.0751 0.0450 1 0 2 -8.0000 0.0800 -0.5333 1 0 0 1 1 0 3 0 0 1 0 0 2 2 5 10 13 9 4 5 5 8 5 
0 1 11 30 0 333 316 17 13 1 0 1 0 0 0 0 0 0 2 4 19 0.6333 25 15 0.0751 0.0450 1 0 6 -4.0000 0.2400 -0.2667 1 0 0 0 1 0 3 0 0 1 0 0 2 2 5 5 13 6 4 5 5 8 5 
0 1 12 30 0 333 316 17 13 1 0 1 0 0 0 0 0 0 1 3 11 0.3667 22 10 0.0661 0.0300 1 0 11 -1.0000 0.5000 -0.1000 1 0 0 0 0 0 1 0 0 0 1 1 2 2 4 1 4 1 3 5 6 8 10 
0 1 12 30 0 333 316 17 13 1 0 1 0 0 0 0 0 0 2 1 13 0.4333 15 14 0.0450 0.0420 1 1 2 1 0.1333 0.0714 1 0 0 0 0 0 1 0 0 0 0 0 2 1 4 2 4 4 3 4 5 7 9 
1 1 13 30 0 333 316 17 13 1 0 1 0 0 0 0 0 0 2 1 10 0.3333 21 18 0.0631 0.0541 1 1 11 8 0.5238 0.4444 1 0 0 0 0 1 1 0 0 0 2 1 2 0 4 2 4 6 3 3 6 8 9 
0 1 12 30 0 333 316 17 13 1 0 1 0 0 0 0 0 0 2 1 15 0.5000 21 31 0.0631 0.0931 1 1 6 16 0.2857 0.5161 1 0 0 0 0 1 1 1 0 0 0 2 2 0 4 4 4 8 3 5 7 8 8 
0 1 11 30 0 333 316 17 13 0 1 1 0 0 0 0 0 0 3 1 7 0.2333 29 16 0.0871 0.0480 1 1 22 9 0.7586 0.5625 1 0 0 0 0 0 1 0 0 0 0 1 1 0 1 0 1 1 3 4 5 7 12 
0 1 11 30 0 333 316 17 13 1 0 1 0 0 0 0 0 0 3 1 11 0.3667 29 23 0.0871 0.0691 1 1 18 12 0.6207 0.5217 1 0 0 0 0 2 1 1 0 0 2 0 2 0 4 4 4 14 3 4 6 9 12 
1 1 13 30 0 333 316 17 13 0 1 1 0 0 0 0 0 0 2 3 4 0.1333 25 10 0.0751 0.0300 1 1 21 6 0.8400 0.6000 1 0 1 0 0 0 1 1 0 0 0 1 1 0 4 4 2 1 2 2 3 5 6 
0 1 12 30 0 333 316 17 13 1 0 0 1 0 0 0 0 0 1 1 12 0.4000 17 12 0.0511 0.0360 1 0 5 0 0.2941 0 1 0 0 0 0 0 1 0 0 0 0 0 2 2 3 2 3 2 2 4 7 6 9 
0 1 9 30 0 333 316 17 13 1 0 0 1 0 0 0 0 0 3 4 26 0.8667 29 15 0.0871 0.0450 1 0 3 -11.0000 0.1034 -0.7333 1 0 0 1 0 0 3 0 0 1 0 0 2 3 7 8 9 10 4 5 5 8 5 
0 1 12 30 0 333 316 17 13 1 0 0 1 0 0 0 0 0 2 3 5 0.1667 15 10 0.0450 0.0300 1 1 10 5 0.6667 0.5000 1 0 1 0 0 0 1 1 0 0 1 0 2 1 4 7 4 4 3 5 6 8 9 
1 1 13 30 0 333 316 17 13 1 0 0 0 1 0 0 0 0 4 1 11 0.3667 15 14 0.0450 0.0420 1 1 4 3 0.2667 0.2143 1 0 0 0 0 0 1 0 0 3 0 0 2 0 4 0 4 8 4 5 8 10 11 

0 2 9 30 1 333 316 17 12 1 0 1 0 0 0 1 1 1 1 3 23 0.7667 25 15 0.0751 0.0450 1 0 2 -8.0000 0.0800 -0.5333 1 0 0 0 1 0 2 0 0 1 0 0 2 2 5 6 13 7 4 5 5 8 5 
0 2 10 30 1 333 316 17 12 1 0 1 0 0 0 1 1 1 2 3 19 0.6333 25 15 0.0751 0.0450 1 0 6 -4.0000 0.2400 -0.2667 1 0 0 0 1 0 2 0 0 1 0 0 2 2 5 5 13 6 4 5 5 8 5 
0 2 11 30 1 333 316 17 12 1 0 1 0 0 0 0 0 0 1 3 11 0.3667 22 10 0.0661 0.0300 1 0 11 -1.0000 0.5000 -0.1000 1 0 0 0 0 0 1 0 0 0 1 1 2 2 4 1 4 1 3 5 6 8 10 
0 2 11 30 1 333 316 17 12 1 0 1 0 0 0 0 0 0 2 1 13 0.4333 15 14 0.0450 0.0420 1 1 2 1 0.1333 0.0714 1 0 0 0 0 0 1 0 0 0 0 0 2 1 4 2 4 4 3 4 5 7 9 
1 2 12 30 1 333 316 17 12 1 0 1 0 0 0 0 0 0 2 1 10 0.3333 21 18 0.0631 0.0541 1 1 11 8 0.5238 0.4444 1 0 0 0 0 1 1 0 0 0 2 1 2 0 4 2 4 6 3 3 6 8 9 
0 2 11 30 1 333 316 17 12 1 0 1 0 0 0 0 0 0 2 1 15 0.5000 21 31 0.0631 0.0931 1 1 6 16 0.2857 0.5161 1 0 0 0 0 1 1 1 0 0 0 2 2 0 4 4 4 8 3 5 7 8 8 
1 2 12 30 1 333 316 17 12 0 1 1 0 0 0 0 0 0 2 3 4 0.1333 25 10 0.0751 0.0300 1 1 21 6 0.8400 0.6000 1 0 1 0 0 0 1 1 0 0 0 1 1 0 4 4 2 1 2 2 3 5 6 
0 2 11 30 1 333 316 17 12 0 1 1 0 0 1 0 0 0 2 1 7 0.2333 29 16 0.0871 0.0480 1 1 22 9 0.7586 0.5625 1 0 0 0 0 0 1 0 0 0 0 1 1 0 1 0 1 1 3 4 5 7 12 
0 2 11 30 1 333 316 17 12 1 0 1 0 0 1 0 0 0 2 1 11 0.3667 29 23 0.0871 0.0691 1 1 18 12 0.6207 0.5217 1 0 0 0 0 2 1 1 0 0 2 0 2 0 4 4 4 14 3 4 6 9 12 
0 2 11 30 1 333 316 17 12 1 0 0 1 0 0 0 0 0 1 1 12 0.4000 17 12 0.0511 0.0360 1 0 5 0 0.2941 0 1 0 0 0 0 0 1 0 0 0 0 0 2 2 3 2 3 2 2 4 7 6 9 
0 2 11 30 1 333 316 17 12 1 0 0 1 0 0 0 0 0 2 3 5 0.1667 15 10 0.0450 0.0300 1 1 10 5 0.6667 0.5000 1 0 1 0 0 0 1 1 0 0 1 0 2 1 4 7 4 4 3 5 6 8 9 
1 2 12 30 1 333 316 17 12 1 0 0 0 1 1 0 0 0 3 1 11 0.3667 15 14 0.0450 0.0420 1 1 4 3 0.2667 0.2143 1 0 0 0 0 0 1 0 0 2 0 0 2 0 4 0 4 8 4 5 8 10 11 

0 3 8 30 2 333 326 7 9 1 0 1 0 0 0 0 0 0 1 3 11 0.3667 22 10 0.0661 0.0300 1 0 11 -1.0000 0.5000 -0.1000 1 0 0 0 0 0 1 0 0 0 1 1 2 2 4 1 4 1 3 5 6 8 10 
0 3 8 30 2 333 326 7 9 1 0 1 0 0 0 0 0 0 2 1 13 0.4333 15 14 0.0450 0.0420 1 1 2 1 0.1333 0.0714 1 0 0 0 0 0 1 0 0 0 0 0 2 1 6 2 6 4 3 4 5 7 9 
1 3 9 30 2 333 326 7 9 1 0 1 0 0 0 0 0 0 2 1 10 0.3333 21 18 0.0631 0.0541 1 1 11 8 0.5238 0.4444 1 0 0 0 0 1 1 0 0 0 2 1 2 0 4 2 4 6 3 3 6 8 9 
0 3 8 30 2 333 326 7 9 1 0 1 0 0 0 0 0 0 2 1 15 0.5000 21 31 0.0631 0.0931 1 1 6 16 0.2857 0.5161 1 0 0 0 0 1 1 1 0 0 0 2 2 0 4 4 4 8 3 5 7 8 8 
1 3 9 30 2 333 326 7 9 0 1 1 0 0 0 0 0 0 1 3 4 0.1333 25 10 0.0751 0.0300 1 1 21 6 0.8400 0.6000 1 0 1 0 0 0 1 1 0 0 0 1 1 0 4 4 2 1 2 2 3 5 6 
0 3 8 30 2 333 326 7 9 0 1 1 0 0 1 0 0 0 2 1 7 0.2333 29 16 0.0871 0.0480 1 1 22 9 0.7586 0.5625 1 0 0 0 0 0 1 0 0 0 0 1 1 0 1 0 1 1 3 4 5 7 12 
0 3 8 30 2 333 326 7 9 1 0 1 0 0 1 0 0 0 2 1 11 0.3667 29 23 0.0871 0.0691 1 1 18 12 0.6207 0.5217 1 0 0 0 0 2 1 1 0 0 2 0 2 0 4 4 4 14 3 4 6 9 12 
0 3 8 30 2 333 326 7 9 1 0 0 1 0 0 0 0 0 1 1 12 0.4000 17 12 0.0511 0.0360 1 0 5 0 0.2941 0 1 0 0 0 0 0 1 0 0 0 0 0 2 2 3 2 3 2 2 4 7 6 9 
0 3 8 30 2 333 326 7 9 1 0 0 1 0 0 0 0 0 2 3 5 0.1667 15 10 0.0450 0.0300 1 1 10 5 0.6667 0.5000 1 0 1 0 0 0 1 1 0 0 1 0 2 1 4 7 4 4 3 5 6 8 9 

0 4 8 30 3 334 327 7 9 1 0 1 0 0 0 0 0 0 2 1 13 0.4333 15 14 0.0449 0.0419 1 1 2 1 0.1333 0.0714 1 0 0 0 0 0 1 0 0 0 0 0 2 1 6 2 6 4 3 4 5 7 9 
1 4 9 30 3 334 327 7 9 1 0 1 0 0 0 0 0 0 2 1 10 0.3333 21 18 0.0629 0.0539 1 1 11 8 0.5238 0.4444 1 0 0 0 0 1 1 0 0 0 2 1 2 0 4 2 4 6 3 3 6 8 9 
0 4 8 30 3 334 327 7 9 1 0 1 0 0 0 0 0 0 2 1 15 0.5000 21 31 0.0629 0.0928 1 1 6 16 0.2857 0.5161 1 0 0 0 0 1 1 1 0 0 0 2 2 0 4 4 4 8 3 5 7 8 8 
1 4 9 30 3 334 327 7 9 0 1 1 0 0 0 1 0 0 1 3 4 0.1333 25 10 0.0749 0.0299 1 1 21 6 0.8400 0.6000 1 0 1 0 0 0 1 1 0 0 0 1 1 0 4 4 2 1 2 2 3 5 6 
0 4 8 30 3 334 327 7 9 0 1 1 0 0 1 0 0 0 2 1 7 0.2333 29 16 0.0868 0.0479 1 1 22 9 0.7586 0.5625 1 0 0 0 0 0 1 0 0 0 0 1 1 0 1 0 1 1 3 4 5 7 12 
0 4 8 30 3 334 327 7 9 1 0 1 0 0 1 0 0 0 2 1 11 0.3667 29 23 0.0868 0.0689 1 1 18 12 0.6207 0.5217 1 0 0 0 0 2 1 1 0 0 2 0 2 0 4 4 4 14 3 4 6 9 12 
0 4 8 30 3 334 327 7 9 1 0 1 0 0 1 1 1 1 1 3 12 0.4000 23 10 0.0689 0.0299 1 0 11 -2.0000 0.4783 -0.2000 1 0 0 0 0 0 1 0 0 0 1 1 2 2 4 3 2 3 3 5 6 8 10 
0 4 8 30 3 334 327 7 9 1 0 0 1 0 0 0 0 0 1 1 12 0.4000 17 12 0.0509 0.0359 1 0 5 0 0.2941 0 1 0 0 0 0 0 1 0 0 0 0 0 2 2 3 2 3 2 2 4 7 6 9 
0 4 8 30 3 334 327 7 9 1 0 0 1 0 0 1 0 0 2 3 5 0.1667 15 10 0.0449 0.0299 1 1 10 5 0.6667 0.5000 1 0 1 0 0 0 1 1 0 0 1 0 2 1 4 7 4 4 3 5 6 8 9 

0 5 10 30 2 333 317 16 12 1 0 1 0 0 0 2 2 2 2 3 19 0.6333 25 15 0.0751 0.0450 1 0 6 -4.0000 0.2400 -0.2667 1 0 0 0 0 1 2 0 0 1 0 0 2 2 5 5 12 8 4 5 5 8 5 
0 5 11 30 2 333 317 16 12 1 0 1 0 0 1 1 1 1 1 3 11 0.3667 22 10 0.0661 0.0300 1 0 11 -1.0000 0.5000 -0.1000 1 0 0 0 0 0 1 0 0 0 1 1 2 2 4 1 4 1 3 5 6 8 10 
0 5 11 30 2 333 317 16 12 1 0 1 0 0 0 0 0 0 2 1 13 0.4333 15 14 0.0450 0.0420 1 1 2 1 0.1333 0.0714 1 0 0 0 0 0 1 0 0 0 0 0 2 1 4 2 4 4 3 4 5 7 9 
1 5 12 30 2 333 317 16 12 1 0 1 0 0 0 0 0 0 2 1 10 0.3333 21 18 0.0631 0.0541 1 1 11 8 0.5238 0.4444 1 0 0 0 0 1 1 0 0 0 2 1 2 0 4 2 4 6 3 3 6 8 9 
0 5 11 30 2 333 317 16 12 1 0 1 0 0 0 0 0 0 2 1 15 0.5000 21 31 0.0631 0.0931 1 1 6 16 0.2857 0.5161 1 0 0 0 0 1 1 1 0 0 0 2 2 0 4 4 4 8 3 5 7 8 8 
1 5 12 30 2 333 317 16 12 0 1 1 0 0 0 1 0 0 2 3 4 0.1333 25 10 0.0751 0.0300 1 1 21 6 0.8400 0.6000 1 0 1 0 0 0 1 1 0 0 0 1 1 0 4 4 2 1 2 2 3 5 6 
0 5 11 30 2 333 317 16 12 0 1 1 0 0 1 0 0 0 2 1 7 0.2333 29 16 0.0871 0.0480 1 1 22 9 0.7586 0.5625 1 0 0 0 0 0 1 0 0 0 0 1 1 0 1 0 1 1 3 4 5 7 12 
0 5 11 30 2 333 317 16 12 1 0 1 0 0 1 0 0 0 2 1 11 0.3667 29 23 0.0871 0.0691 1 1 18 12 0.6207 0.5217 1 0 0 0 0 2 1 1 0 0 2 0 2 0 4 4 4 14 3 4 6 9 12 
0 5 9 30 2 333 317 16 12 1 0 1 0 0 1 2 2 2 1 3 24 0.8000 26 15 0.0781 0.0450 1 0 2 -9.0000 0.0769 -0.6000 1 0 0 0 0 1 2 0 0 1 0 0 2 2 5 7 7 14 4 5 5 8 5 
0 5 11 30 2 333 317 16 12 1 0 0 1 0 0 0 0 0 1 1 12 0.4000 17 12 0.0511 0.0360 1 0 5 0 0.2941 0 1 0 0 0 0 0 1 0 0 0 0 0 2 2 3 2 3 2 2 4 7 6 9 
0 5 11 30 2 333 317 16 12 1 0 0 1 0 0 1 0 0 2 3 5 0.1667 15 10 0.0450 0.0300 1 1 10 5 0.6667 0.5000 1 0 1 0 0 0 1 1 0 0 1 0 2 1 4 7 4 4 3 5 6 8 9 
1 5 12 30 2 333 317 16 12 1 0 0 0 1 2 0 0 0 3 1 11 0.3667 15 14 0.0450 0.0420 1 1 4 3 0.2667 0.2143 1 0 0 0 0 0 1 0 0 2 0 0 2 0 4 0 4 8 4 5 8 10 11 

0 6 10 30 3 333 318 15 12 1 0 1 0 0 0 3 3 3 2 3 19 0.6333 25 15 0.0751 0.0450 1 0 6 -4.0000 0.2400 -0.2667 1 0 0 0 0 0 2 0 0 1 0 0 2 2 5 5 8 11 4 5 5 8 5 
0 6 11 30 3 333 318 15 12 1 0 1 0 0 1 1 1 1 1 3 11 0.3667 22 10 0.0661 0.0300 1 0 11 -1.0000 0.5000 -0.1000 1 0 0 0 0 0 1 0 0 0 1 1 2 2 4 1 4 1 3 5 6 8 10 
0 6 11 30 3 333 318 15 12 1 0 1 0 0 0 0 0 0 2 1 13 0.4333 15 14 0.0450 0.0420 1 1 2 1 0.1333 0.0714 1 0 0 0 0 0 1 0 0 0 0 0 2 1 4 2 5 2 3 4 5 7 9 
1 6 12 30 3 333 318 15 12 1 0 1 0 0 0 0 0 0 2 1 10 0.3333 21 18 0.0631 0.0541 1 1 11 8 0.5238 0.4444 1 0 0 0 0 1 1 0 0 0 2 1 2 0 4 2 4 6 3 3 6 8 9 
0 6 11 30 3 333 318 15 12 1 0 1 0 0 0 0 0 0 2 1 15 0.5000 21 31 0.0631 0.0931 1 1 6 16 0.2857 0.5161 1 0 0 0 0 1 1 1 0 0 0 2 2 0 4 4 4 8 3 5 7 8 8 
1 6 12 30 3 333 318 15 12 0 1 1 0 0 0 1 0 0 2 3 4 0.1333 25 10 0.0751 0.0300 1 1 21 6 0.8400 0.6000 1 0 1 0 0 0 1 1 0 0 0 1 1 0 4 0 7 0 2 2 3 5 6 
0 6 11 30 3 333 318 15 12 0 1 1 0 0 1 0 0 0 2 1 7 0.2333 29 16 0.0871 0.0480 1 1 22 9 0.7586 0.5625 1 0 0 0 0 0 1 0 0 0 0 1 1 0 1 0 1 1 3 4 5 7 12 
0 6 11 30 3 333 318 15 12 1 0 1 0 0 1 0 0 0 2 1 11 0.3667 29 23 0.0871 0.0691 1 1 18 12 0.6207 0.5217 1 0 0 0 0 2 1 1 0 0 2 0 2 0 4 4 4 14 3 4 6 9 12 
0 6 9 30 3 333 318 15 12 1 0 1 0 0 2 3 3 3 1 3 25 0.8333 27 15 0.0811 0.0450 1 0 2 -10.0000 0.0741 -0.6667 1 0 0 0 0 0 2 0 0 1 0 0 2 2 5 7 7 13 4 5 5 8 5 
0 6 11 30 3 333 318 15 12 1 0 0 1 0 0 0 0 0 1 1 12 0.4000 17 12 0.0511 0.0360 1 0 5 0 0.2941 0 1 0 0 0 0 0 1 0 0 0 0 0 2 2 3 2 3 2 2 4 7 6 9 
0 6 11 30 3 333 318 15 12 1 0 0 1 0 0 1 0 0 2 3 5 0.1667 15 10 0.0450 0.0300 1 1 10 5 0.6667 0.5000 1 0 1 0 0 0 1 1 0 0 1 0 2 0 6 4 7 2 3 5 6 8 9 
1 6 12 30 3 333 318 15 12 1 0 0 0 1 3 0 0 0 3 1 11 0.3667 15 14 0.0450 0.0420 1 1 4 3 0.2667 0.2143 1 0 0 0 0 0 1 0 0 2 0 0 2 0 4 0 4 8 4 5 8 10 11 

0 7 10 30 4 333 319 14 12 1 0 1 0 0 0 4 4 4 2 3 19 0.6333 25 15 0.0751 0.0450 1 0 6 -4.0000 0.2400 -0.2667 1 0 0 0 0 0 2 0 0 1 0 0 2 2 5 5 8 6 4 5 5 8 5 
0 7 11 30 4 333 319 14 12 1 0 1 0 0 1 1 1 1 1 3 11 0.3667 22 10 0.0661 0.0300 1 0 11 -1.0000 0.5000 -0.1000 1 0 0 0 0 0 1 0 0 0 1 1 2 2 4 1 4 1 3 5 6 8 10 
0 7 11 30 4 333 319 14 12 1 0 1 0 0 0 0 0 0 2 1 13 0.4333 15 14 0.0450 0.0420 1 1 2 1 0.1333 0.0714 1 0 0 0 0 0 1 0 0 0 0 0 2 1 4 2 4 4 3 4 5 7 9 
1 7 12 30 4 333 319 14 12 1 0 1 0 0 0 0 0 0 2 1 10 0.3333 21 18 0.0631 0.0541 1 1 11 8 0.5238 0.4444 1 0 0 0 0 1 1 0 0 0 2 1 2 0 4 2 4 6 3 3 6 8 9 
0 7 11 30 4 333 319 14 12 1 0 1 0 0 0 0 0 0 2 1 15 0.5000 21 31 0.0631 0.0931 1 1 6 16 0.2857 0.5161 1 0 0 0 0 1 1 1 0 0 0 2 2 0 4 4 4 8 3 5 7 8 8 
1 7 12 30 4 333 319 14 12 0 1 1 0 0 0 1 0 0 2 3 4 0.1333 25 10 0.0751 0.0300 1 1 21 6 0.8400 0.6000 1 0 1 0 0 0 1 1 0 0 0 1 1 0 4 0 2 6 2 2 3 5 6 
0 7 11 30 4 333 319 14 12 0 1 1 0 0 1 0 0 0 2 1 7 0.2333 29 16 0.0871 0.0480 1 1 22 9 0.7586 0.5625 1 0 0 0 0 0 1 0 0 0 0 1 1 0 1 0 1 1 3 4 5 7 12 
0 7 11 30 4 333 319 14 12 1 0 1 0 0 1 0 0 0 2 1 11 0.3667 29 23 0.0871 0.0691 1 1 18 12 0.6207 0.5217 1 0 0 0 0 2 1 1 0 0 2 0 2 0 4 4 4 14 3 4 6 9 12 
0 7 9 30 4 333 319 14 12 1 0 1 0 0 3 4 4 4 1 3 26 0.8667 28 15 0.0841 0.0450 1 0 2 -11.0000 0.0714 -0.7333 1 0 0 0 0 0 2 0 0 1 0 0 2 2 5 7 10 10 4 5 5 8 5 
0 7 11 30 4 333 319 14 12 1 0 0 1 0 0 0 0 0 1 1 12 0.4000 17 12 0.0511 0.0360 1 0 5 0 0.2941 0 1 0 0 0 0 0 1 0 0 0 0 0 2 2 3 2 3 2 2 4 7 6 9 
0 7 11 30 4 333 319 14 12 1 0 0 1 0 0 1 0 0 2 3 5 0.1667 15 10 0.0450 0.0300 1 1 10 5 0.6667 0.5000 1 0 1 0 0 0 1 1 0 0 1 0 2 0 4 7 4 5 3 5 6 8 9 
1 7 12 30 4 333 319 14 12 1 0 0 0 1 4 0 0 0 3 1 11 0.3667 15 14 0.0450 0.0420 1 1 4 3 0.2667 0.2143 1 0 0 0 0 0 1 0 0 2 0 0 2 0 4 0 4 8 4 5 8 10 11 

0 8 10 30 5 333 320 13 12 1 0 1 0 0 0 5 5 5 2 3 19 0.6333 25 15 0.0751 0.0450 1 0 6 -4.0000 0.2400 -0.2667 1 0 0 0 0 0 2 0 0 1 0 0 2 2 5 5 8 6 4 5 5 8 5 
0 8 11 30 5 333 320 13 12 1 0 1 0 0 1 1 1 1 1 3 11 0.3667 22 10 0.0661 0.0300 1 0 11 -1.0000 0.5000 -0.1000 1 0 0 0 0 0 1 0 0 0 1 1 2 2 4 1 4 1 3 5 6 8 10 
0 8 11 30 5 333 320 13 12 1 0 1 0 0 0 0 0 0 2 1 13 0.4333 15 14 0.0450 0.0420 1 1 2 1 0.1333 0.0714 1 0 0 0 0 0 1 0 0 0 0 0 2 1 4 2 4 2 3 4 5 7 9 
1 8 12 30 5 333 320 13 12 1 0 1 0 0 0 0 0 0 2 1 10 0.3333 21 18 0.0631 0.0541 1 1 11 8 0.5238 0.4444 1 0 0 0 0 1 1 0 0 0 2 1 2 0 4 2 4 6 3 3 6 8 9 
0 8 11 30 5 333 320 13 12 1 0 1 0 0 0 0 0 0 2 1 15 0.5000 21 31 0.0631 0.0931 1 1 6 16 0.2857 0.5161 1 0 0 0 0 1 1 1 0 0 0 2 2 0 4 4 4 8 3 5 7 8 8 
1 8 12 30 5 333 320 13 12 0 1 1 0 0 0 1 0 0 2 3 4 0.1333 25 10 0.0751 0.0300 1 1 21 6 0.8400 0.6000 1 0 1 0 0 0 1 1 0 0 0 1 1 0 4 0 2 0 2 2 3 5 6 
0 8 11 30 5 333 320 13 12 0 1 1 0 0 1 0 0 0 2 1 7 0.2333 29 16 0.0871 0.0480 1 1 22 9 0.7586 0.5625 1 0 0 0 0 0 1 0 0 0 0 1 1 0 1 0 1 1 3 4 5 7 12 
0 8 11 30 5 333 320 13 12 1 0 1 0 0 1 0 0 0 2 1 11 0.3667 29 23 0.0871 0.0691 1 1 18 12 0.6207 0.5217 1 0 0 0 0 2 1 1 0 0 2 0 2 0 4 4 4 14 3 4 6 9 12 
0 8 9 30 5 333 320 13 12 1 0 1 0 0 4 5 5 5 1 3 27 0.9000 29 15 0.0871 0.0450 1 0 2 -12.0000 0.0690 -0.8000 1 0 0 0 0 0 2 0 0 1 0 0 2 2 5 9 8 11 4 5 5 8 5 
0 8 11 30 5 333 320 13 12 1 0 0 1 0 0 0 0 0 1 1 12 0.4000 17 12 0.0511 0.0360 1 0 5 0 0.2941 0 1 0 0 0 0 0 1 0 0 0 0 0 2 2 3 2 3 2 2 4 7 6 9 
0 8 11 30 5 333 320 13 12 1 0 0 1 0 0 1 0 0 2 3 5 0.1667 15 10 0.0450 0.0300 1 1 10 5 0.6667 0.5000 1 0 1 0 0 0 1 1 0 0 1 0 2 0 4 4 8 2 3 5 6 8 9 
1 8 12 30 5 333 320 13 12 1 0 0 0 1 5 0 0 0 3 1 11 0.3667 15 14 0.0450 0.0420 1 1 4 3 0.2667 0.2143 1 0 0 0 0 0 1 0 0 2 0 0 2 0 4 0 4 8 4 5 8 10 11 

0 9 10 30 6 333 321 12 12 1 0 1 0 0 0 6 6 6 2 3 19 0.6333 25 15 0.0751 0.0450 1 0 6 -4.0000 0.2400 -0.2667 1 0 0 0 0 0 2 0 0 1 0 0 2 2 5 5 8 6 4 5 5 8 5 
0 9 11 30 6 333 321 12 12 1 0 1 0 0 1 1 1 1 1 3 11 0.3667 22 10 0.0661 0.0300 1 0 11 -1.0000 0.5000 -0.1000 1 0 0 0 0 0 1 0 0 0 1 1 2 2 4 1 4 2 3 5 6 8 10 
0 9 11 30 6 333 321 12 12 1 0 1 0 0 0 0 0 0 2 1 13 0.4333 15 14 0.0450 0.0420 1 1 2 1 0.1333 0.0714 1 0 0 0 0 0 1 0 0 0 0 0 2 1 4 2 4 3 3 4 5 7 9 
1 9 12 30 6 333 321 12 12 1 0 1 0 0 0 0 0 0 2 1 10 0.3333 21 18 0.0631 0.0541 1 1 11 8 0.5238 0.4444 1 0 0 0 0 1 1 0 0 0 2 1 2 0 4 2 4 6 3 3 6 8 9 
0 9 11 30 6 333 321 12 12 1 0 1 0 0 0 0 0 0 2 1 15 0.5000 21 31 0.0631 0.0931 1 1 6 16 0.2857 0.5161 1 0 0 0 0 1 1 1 0 0 0 2 2 0 4 4 4 8 3 5 7 8 8 
1 9 12 30 6 333 321 12 12 0 1 1 0 0 0 1 0 0 2 3 4 0.1333 25 10 0.0751 0.0300 1 1 21 6 0.8400 0.6000 1 0 1 0 0 0 1 1 0 0 0 1 1 0 4 0 2 0 2 2 3 5 6 
0 9 11 30 6 333 321 12 12 0 1 1 0 0 1 0 0 0 2 1 7 0.2333 29 16 0.0871 0.0480 1 1 22 9 0.7586 0.5625 1 0 0 0 0 0 1 0 0 0 0 1 1 0 1 0 1 1 3 4 5 7 12 
0 9 11 30 6 333 321 12 12 1 0 1 0 0 1 0 0 0 2 1 11 0.3667 29 23 0.0871 0.0691 1 1 18 12 0.6207 0.5217 1 0 0 0 0 2 1 1 0 0 2 0 2 0 4 4 4 14 3 4 6 9 12 
0 9 9 30 6 333 321 12 12 1 0 1 0 0 5 6 6 6 1 3 28 0.9333 30 15 0.0901 0.0450 1 0 2 -13.0000 0.0667 -0.8667 1 0 0 0 0 0 2 0 0 1 0 0 2 2 6 8 9 10 4 5 5 8 5 
0 9 11 30 6 333 321 12 12 1 0 0 1 0 0 0 0 0 1 1 12 0.4000 17 12 0.0511 0.0360 1 0 5 0 0.2941 0 1 0 0 0 0 0 1 0 0 0 0 0 2 2 3 2 3 2 2 4 7 6 9 
0 9 11 30 6 333 321 12 12 1 0 0 1 0 0 1 0 0 2 3 5 0.1667 15 10 0.0450 0.0300 1 1 10 5 0.6667 0.5000 1 0 1 0 0 0 1 1 0 0 1 0 2 0 4 4 4 7 3 5 6 8 9 
1 9 12 30 6 333 321 12 12 1 0 0 0 1 6 0 0 0 3 1 11 0.3667 15 14 0.0450 0.0420 1 1 4 3 0.2667 0.2143 1 0 0 0 0 0 1 0 0 2 0 0 2 0 4 0 4 8 4 5 8 10 11 

0 10 10 30 7 333 322 11 12 1 0 1 0 0 0 7 7 7 2 3 19 0.6333 25 15 0.0751 0.0450 1 0 6 -4.0000 0.2400 -0.2667 1 0 0 0 0 0 2 0 0 1 0 0 2 2 5 5 8 6 4 5 5 8 5 
0 10 11 30 7 333 322 11 12 1 0 1 0 0 1 1 1 1 1 3 11 0.3667 22 10 0.0661 0.0300 1 0 11 -1.0000 0.5000 -0.1000 1 0 0 0 0 0 1 0 0 0 1 1 2 2 4 1 4 1 3 5 6 8 10 
0 10 11 30 7 333 322 11 12 1 0 1 0 0 0 0 0 0 2 1 13 0.4333 15 14 0.0450 0.0420 1 1 2 1 0.1333 0.0714 1 0 0 0 0 0 1 0 0 0 0 0 2 1 4 2 4 2 3 4 5 7 9 
1 10 12 30 7 333 322 11 12 1 0 1 0 0 0 0 0 0 2 1 10 0.3333 21 18 0.0631 0.0541 1 1 11 8 0.5238 0.4444 1 0 0 0 0 1 1 0 0 0 2 1 2 0 4 2 4 6 3 3 6 8 9 
0 10 11 30 7 333 322 11 12 1 0 1 0 0 0 0 0 0 2 1 15 0.5000 21 31 0.0631 0.0931 1 1 6 16 0.2857 0.5161 1 0 0 0 0 1 1 1 0 0 0 2 2 0 4 4 4 8 3 5 7 8 8 
1 10 12 30 7 333 322 11 12 0 1 1 0 0 0 1 0 0 2 3 4 0.1333 25 10 0.0751 0.0300 1 1 21 6 0.8400 0.6000 1 0 1 0 0 0 1 1 0 0 0 1 1 0 4 0 2 0 2 2 3 5 6 
0 10 11 30 7 333 322 11 12 0 1 1 0 0 1 0 0 0 2 1 7 0.2333 29 16 0.0871 0.0480 1 1 22 9 0.7586 0.5625 1 0 0 0 0 0 1 0 0 0 0 1 1 0 1 0 1 1 3 4 5 7 12 
0 10 11 30 7 333 322 11 12 1 0 1 0 0 1 0 0 0 2 1 11 0.3667 29 23 0.0871 0.0691 1 1 18 12 0.6207 0.5217 1 0 0 0 0 2 1 1 0 0 2 0 2 0 4 4 4 14 3 4 6 9 12 
0 10 9 30 7 333 322 11 12 1 0 1 0 0 6 7 7 7 1 3 29 0.9667 31 15 0.0931 0.0450 1 0 2 -14.0000 0.0645 -0.9333 1 0 0 0 0 0 2 0 0 1 0 0 2 2 6 9 8 11 4 5 5 8 5 
0 10 11 30 7 333 322 11 12 1 0 0 1 0 0 0 0 0 1 1 12 0.4000 17 12 0.0511 0.0360 1 0 5 0 0.2941 0 1 0 0 0 0 0 1 0 0 0 0 0 2 2 3 2 3 2 2 4 7 6 9 
0 10 11 30 7 333 322 11 12 1 0 0 1 0 0 1 0 0 2 3 5 0.1667 15 10 0.0450 0.0300 1 1 10 5 0.6667 0.5000 1 0 1 0 0 0 1 1 0 0 1 0 2 0 4 4 4 2 3 5 6 8 9 
1 10 12 30 7 333 322 11 12 1 0 0 0 1 7 0 0 0 3 1 11 0.3667 15 14 0.0450 0.0420 1 1 4 3 0.2667 0.2143 1 0 0 0 0 0 1 0 0 2 0 0 2 0 4 0 4 8 4 5 8 10 11 

0 11 10 31 8 334 323 11 12 1 0 1 0 0 0 8 8 8 2 3 19 0.6129 25 15 0.0749 0.0449 1 0 6 -4.0000 0.2400 -0.2667 1 0 0 0 0 0 2 0 0 1 0 0 2 2 5 5 8 6 4 5 5 8 5 
0 11 11 31 8 334 323 11 12 1 0 1 0 0 1 1 1 1 1 3 11 0.3548 22 10 0.0659 0.0299 1 0 11 -1.0000 0.5000 -0.1000 1 0 0 0 0 0 1 0 0 0 1 1 2 2 4 1 4 6 3 5 6 8 10 
0 11 11 31 8 334 323 11 12 1 0 1 0 0 0 0 0 0 2 1 13 0.4194 15 14 0.0449 0.0419 1 1 2 1 0.1333 0.0714 1 0 0 0 0 0 1 0 0 0 0 0 2 1 4 2 4 2 3 4 5 7 9 
1 11 12 31 8 334 323 11 12 1 0 1 0 0 0 0 0 0 2 1 10 0.3226 21 18 0.0629 0.0539 1 1 11 8 0.5238 0.4444 1 0 0 0 0 1 1 0 0 0 2 1 2 0 4 2 4 6 3 3 6 8 9 
0 11 11 31 8 334 323 11 12 1 0 1 0 0 0 0 0 0 2 1 15 0.4839 21 31 0.0629 0.0928 1 1 6 16 0.2857 0.5161 1 0 0 0 0 1 1 1 0 0 0 2 2 0 4 4 4 8 3 5 7 8 8 
1 11 12 31 8 334 323 11 12 0 1 1 0 0 0 1 0 0 2 3 4 0.1290 25 10 0.0749 0.0299 1 1 21 6 0.8400 0.6000 1 0 1 0 0 0 1 1 0 0 0 1 1 0 4 0 2 0 2 2 3 5 6 
0 11 11 31 8 334 323 11 12 0 1 1 0 0 1 0 0 0 2 1 7 0.2258 29 16 0.0868 0.0479 1 1 22 9 0.7586 0.5625 1 0 0 0 0 0 1 0 0 0 0 1 1 0 1 0 1 1 3 4 5 7 12 
0 11 11 31 8 334 323 11 12 1 0 1 0 0 1 0 0 0 2 1 11 0.3548 29 23 0.0868 0.0689 1 1 18 12 0.6207 0.5217 1 0 0 0 0 2 1 1 0 0 2 0 2 0 4 4 4 14 3 4 6 9 12 
0 11 9 31 8 334 323 11 12 1 0 1 0 0 7 8 8 8 1 3 30 0.9677 32 15 0.0958 0.0449 1 0 2 -15.0000 0.0625 -1.0000 1 0 0 0 0 0 2 0 0 1 0 0 2 2 6 9 9 10 4 5 5 8 5 
0 11 11 31 8 334 323 11 12 1 0 0 1 0 0 0 0 0 1 1 12 0.3871 17 12 0.0509 0.0359 1 0 5 0 0.2941 0 1 0 0 0 0 0 1 0 0 0 0 0 2 2 3 2 3 2 2 4 7 6 9 
0 11 11 31 8 334 323 11 12 1 0 0 1 0 0 1 0 0 2 3 5 0.1613 15 10 0.0449 0.0299 1 1 10 5 0.6667 0.5000 1 0 1 0 0 0 1 1 0 0 1 0 2 0 4 4 4 2 3 5 6 8 9 
1 11 12 31 8 334 323 11 12 1 0 0 0 1 8 0 0 0 3 1 11 0.3548 15 14 0.0449 0.0419 1 1 4 3 0.2667 0.2143 1 0 0 0 0 0 1 0 0 2 0 0 2 0 4 0 4 8 4 5 8 10 11 

0 12 7 30 3 335 329 6 8 1 0 1 0 0 0 0 0 0 2 1 13 0.4333 15 14 0.0448 0.0418 1 1 2 1 0.1333 0.0714 1 0 0 0 0 0 1 0 0 0 0 0 2 1 6 2 6 4 3 4 5 7 9 
1 12 8 30 3 335 329 6 8 1 0 1 0 0 0 0 0 0 2 1 10 0.3333 21 18 0.0627 0.0537 1 1 11 8 0.5238 0.4444 1 0 0 0 0 1 1 0 0 0 2 1 2 0 4 2 4 6 3 3 6 8 9 
0 12 7 30 3 335 329 6 8 1 0 1 0 0 0 0 0 0 2 1 15 0.5000 21 31 0.0627 0.0925 1 1 6 16 0.2857 0.5161 1 0 0 0 0 1 1 1 0 0 0 2 2 0 4 4 4 8 3 5 7 8 8 
0 12 7 30 3 335 329 6 8 0 1 1 0 0 1 0 0 0 2 1 7 0.2333 29 16 0.0866 0.0478 1 1 22 9 0.7586 0.5625 1 0 0 0 0 0 1 0 0 0 0 1 1 0 1 0 1 1 3 4 5 7 12 
0 12 7 30 3 335 329 6 8 1 0 1 0 0 1 0 0 0 2 1 11 0.3667 29 23 0.0866 0.0687 1 1 18 12 0.6207 0.5217 1 0 0 0 0 2 1 1 0 0 2 0 2 0 4 4 4 14 3 4 6 9 12 
0 12 7 30 3 335 329 6 8 1 0 0 1 0 0 0 0 0 1 1 12 0.4000 17 12 0.0507 0.0358 1 0 5 0 0.2941 0 1 0 0 0 0 0 1 0 0 0 0 0 2 2 3 2 3 2 2 4 7 6 9 
1 12 8 30 3 335 329 6 8 0 1 0 1 0 1 0 0 0 2 1 4 0.1333 13 25 0.0388 0.0746 1 1 9 21 0.6923 0.8400 1 0 0 0 0 0 1 0 0 0 0 0 1 0 1 0 1 5 1 2 3 3 2 
0 12 7 30 3 335 329 6 8 0 1 0 0 1 1 0 0 0 2 2 6 0.2000 13 15 0.0388 0.0448 1 1 7 9 0.5385 0.6000 1 0 1 0 0 0 2 0 0 0 0 0 1 2 1 6 1 4 2 2 4 7 8 

1 13 8 30 4 334 328 6 8 1 0 1 0 0 0 0 0 0 2 1 10 0.3333 21 18 0.0629 0.0539 1 1 11 8 0.5238 0.4444 1 0 0 0 0 1 1 0 0 0 2 1 2 0 4 2 4 6 3 3 6 8 9 
0 13 7 30 4 334 328 6 8 1 0 1 0 0 0 0 0 0 2 1 15 0.5000 21 31 0.0629 0.0928 1 1 6 16 0.2857 0.5161 1 0 0 0 0 1 1 1 0 0 0 2 2 0 4 4 4 8 3 5 7 8 8 
1 13 8 30 4 334 328 6 8 0 1 1 0 0 0 1 0 0 1 3 4 0.1333 25 10 0.0749 0.0299 1 1 21 6 0.8400 0.6000 1 0 1 0 0 0 1 1 0 0 0 1 1 0 4 4 2 1 2 2 3 5 6 
0 13 7 30 4 334 328 6 8 0 1 1 0 0 1 0 0 0 2 1 7 0.2333 29 16 0.0868 0.0479 1 1 22 9 0.7586 0.5625 1 0 0 0 0 0 1 0 0 0 0 1 1 0 1 0 1 1 3 4 5 7 12 
0 13 7 30 4 334 328 6 8 1 0 1 0 0 1 0 0 0 2 1 11 0.3667 29 23 0.0868 0.0689 1 1 18 12 0.6207 0.5217 1 0 0 0 0 2 1 1 0 0 2 0 2 0 4 4 4 14 3 4 6 9 12 
0 13 7 30 4 334 328 6 8 1 0 1 0 0 1 1 1 1 1 3 12 0.4000 23 10 0.0689 0.0299 1 0 11 -2.0000 0.4783 -0.2000 1 0 0 0 0 0 1 0 0 0 1 1 2 2 4 3 2 3 3 5 6 8 10 
0 13 7 30 4 334 328 6 8 1 0 0 1 0 0 0 0 0 1 1 12 0.4000 17 12 0.0509 0.0359 1 0 5 0 0.2941 0 1 0 0 0 0 0 1 0 0 0 0 0 2 2 3 2 3 2 2 4 7 6 9 
0 13 7 30 4 334 328 6 8 1 0 0 1 0 1 1 0 0 1 3 5 0.1667 15 10 0.0449 0.0299 1 1 10 5 0.6667 0.5000 1 0 1 0 0 0 1 1 0 0 1 0 2 1 4 7 4 4 3 5 6 8 9 

1 14 7 31 5 335 329 6 7 1 0 1 0 0 1 0 0 0 1 1 10 0.3226 21 18 0.0627 0.0537 1 1 11 8 0.5238 0.4444 1 0 0 0 0 1 1 0 0 0 2 0 2 0 4 2 4 6 3 3 6 8 9 
1 14 7 31 5 335 329 6 7 0 1 1 0 0 0 1 0 0 1 3 4 0.1290 25 10 0.0746 0.0299 1 1 21 6 0.8400 0.6000 1 0 1 0 0 0 1 1 0 0 0 1 1 0 4 4 2 1 2 2 3 5 6 
0 14 6 31 5 335 329 6 7 0 1 1 0 0 1 0 0 0 2 1 7 0.2258 29 16 0.0866 0.0478 1 1 22 9 0.7586 0.5625 1 0 0 0 0 0 1 0 0 0 0 1 1 0 1 0 1 1 3 4 5 7 12 
0 14 6 31 5 335 329 6 7 1 0 1 0 0 1 0 0 0 2 1 11 0.3548 29 23 0.0866 0.0687 1 1 18 12 0.6207 0.5217 1 0 0 0 0 1 1 0 0 0 2 0 2 0 4 4 4 12 3 4 6 9 12 
0 14 6 31 5 335 329 6 7 1 0 1 0 0 1 1 1 1 1 3 12 0.3871 23 10 0.0687 0.0299 1 0 11 -2.0000 0.4783 -0.2000 1 0 0 0 0 0 1 0 0 0 1 1 2 2 4 3 2 3 3 5 6 8 10 
0 14 6 31 5 335 329 6 7 1 0 0 1 0 0 0 0 0 1 1 12 0.3871 17 12 0.0507 0.0358 1 0 5 0 0.2941 0 1 0 0 0 0 0 1 0 0 0 0 0 2 2 3 2 3 2 2 4 7 6 9 
0 14 6 31 5 335 329 6 7 1 0 0 1 0 1 1 0 0 1 3 5 0.1613 15 10 0.0448 0.0299 1 1 10 5 0.6667 0.5000 1 0 1 0 0 0 1 1 0 0 1 0 2 1 4 7 4 4 3 5 6 8 9 

1 15 8 30 5 335 329 6 8 0 1 1 0 0 0 1 0 0 1 3 4 0.1333 25 10 0.0746 0.0299 1 1 21 6 0.8400 0.6000 1 0 1 0 0 0 1 1 0 0 0 1 1 0 4 4 2 1 2 2 3 5 6 
0 15 7 30 5 335 329 6 8 0 1 1 0 0 1 0 0 0 2 1 7 0.2333 29 16 0.0866 0.0478 1 1 22 9 0.7586 0.5625 1 0 0 0 0 0 1 0 0 0 0 1 1 0 1 0 1 1 3 4 5 7 12 
0 15 7 30 5 335 329 6 8 1 0 1 0 0 1 0 0 0 2 1 11 0.3667 29 23 0.0866 0.0687 1 1 18 12 0.6207 0.5217 1 0 0 0 0 2 2 0 0 0 2 0 2 0 4 4 5 13 3 4 6 9 12 
0 15 7 30 5 335 329 6 8 1 0 1 0 0 1 1 1 1 1 3 12 0.4000 23 10 0.0687 0.0299 1 0 11 -2.0000 0.4783 -0.2000 1 0 0 0 0 0 1 0 0 0 1 1 2 2 4 3 2 3 3 5 6 8 10 
0 15 7 30 5 335 329 6 8 0 1 1 0 0 1 1 0 1 2 1 16 0.5333 22 31 0.0657 0.0925 1 1 6 15 0.2727 0.4839 1 0 0 0 0 1 2 0 0 0 2 0 1 0 1 0 1 6 2 2 3 4 7 
0 15 7 30 5 335 329 6 8 1 0 0 1 0 0 0 0 0 1 1 12 0.4000 17 12 0.0507 0.0358 1 0 5 0 0.2941 0 1 0 0 0 0 0 1 0 0 0 0 0 2 2 3 2 3 2 2 4 7 6 9 
0 15 7 30 5 335 329 6 8 1 0 0 1 0 1 1 0 0 1 3 5 0.1667 15 10 0.0448 0.0299 1 1 10 5 0.6667 0.5000 1 0 1 0 0 0 1 1 0 0 1 0 2 1 4 7 4 4 3 5 6 8 9 
1 15 8 30 5 335 329 6 8 1 0 0 1 0 1 0 0 0 2 1 10 0.3333 22 18 0.0657 0.0537 1 1 12 8 0.5455 0.4444 1 0 0 0 0 1 1 0 0 0 3 0 2 0 4 2 4 6 3 3 6 8 9 

1 16 8 30 4 336 328 8 8 1 0 1 0 0 1 0 0 0 2 1 10 0.3333 21 18 0.0625 0.0536 1 1 11 8 0.5238 0.4444 1 0 0 0 0 1 1 0 0 0 2 1 2 0 4 2 4 6 3 3 6 8 9 
0 16 7 30 4 336 328 8 8 1 0 1 0 0 1 1 1 1 2 1 15 0.5000 21 31 0.0625 0.0923 1 1 6 16 0.2857 0.5161 1 0 0 0 0 1 1 1 0 0 0 2 2 0 4 4 4 8 3 5 7 8 8 
1 16 8 30 4 336 328 8 8 0 1 1 0 0 0 1 0 0 1 2 4 0.1333 25 10 0.0744 0.0298 1 1 21 6 0.8400 0.6000 1 0 0 0 0 0 1 0 0 0 0 1 1 0 4 4 2 1 2 2 3 5 6 
0 16 7 30 4 336 328 8 8 0 1 1 0 0 1 0 0 0 2 1 7 0.2333 29 16 0.0863 0.0476 1 1 22 9 0.7586 0.5625 1 0 0 0 0 0 1 0 0 0 0 1 1 0 1 0 1 1 3 4 5 7 12 
0 16 7 30 4 336 328 8 8 1 0 1 0 0 1 0 0 0 2 1 11 0.3667 29 23 0.0863 0.0685 1 1 18 12 0.6207 0.5217 1 0 0 0 0 2 1 1 0 0 2 0 2 0 4 4 4 14 3 4 6 9 12 
0 16 7 30 4 336 328 8 8 1 0 1 0 0 1 1 1 1 1 2 12 0.4000 23 10 0.0685 0.0298 1 0 11 -2.0000 0.4783 -0.2000 1 0 0 0 0 0 1 0 0 0 0 1 2 2 4 3 2 3 3 5 6 8 10 
1 16 8 30 4 336 328 8 8 1 0 1 0 0 1 1 1 1 1 1 14 0.4667 16 14 0.0476 0.0417 1 0 2 0 0.1250 0 1 0 0 0 0 0 1 0 0 0 0 0 2 3 3 6 2 6 3 4 5 7 9 
0 16 7 30 4 336 328 8 8 1 0 0 1 0 0 0 0 0 1 1 12 0.4000 17 12 0.0506 0.0357 1 0 5 0 0.2941 0 1 0 0 0 0 0 1 0 0 0 0 0 2 2 3 2 3 2 2 4 7 6 9 

0 17 10 32 9 335 324 11 12 1 0 1 0 0 0 9 9 9 2 3 19 0.5938 25 15 0.0746 0.0448 1 0 6 -4.0000 0.2400 -0.2667 1 0 0 0 0 0 2 0 0 1 0 0 2 2 5 5 8 6 4 5 5 8 5 
0 17 11 32 9 335 324 11 12 1 0 1 0 0 1 1 1 1 1 3 11 0.3438 22 10 0.0657 0.0299 1 0 11 -1.0000 0.5000 -0.1000 1 0 0 0 0 0 1 0 0 0 1 1 2 2 4 1 4 1 3 5 6 8 10 
0 17 11 32 9 335 324 11 12 1 0 1 0 0 1 1 1 1 2 1 13 0.4062 15 14 0.0448 0.0418 1 1 2 1 0.1333 0.0714 1 0 0 0 0 0 1 0 0 0 0 0 2 1 4 2 4 2 3 4 5 7 9 
1 17 12 32 9 335 324 11 12 1 0 1 0 0 1 0 0 0 2 1 10 0.3125 21 18 0.0627 0.0537 1 1 11 8 0.5238 0.4444 1 0 0 0 0 1 1 0 0 0 2 1 2 0 4 2 4 6 3 3 6 8 9 
0 17 11 32 9 335 324 11 12 1 0 1 0 0 1 1 1 1 2 1 15 0.4688 21 31 0.0627 0.0925 1 1 6 16 0.2857 0.5161 1 0 0 0 0 1 1 1 0 0 0 2 2 0 4 4 4 8 3 5 7 8 8 
1 17 12 32 9 335 324 11 12 0 1 1 0 0 0 1 0 0 2 3 4 0.1250 25 10 0.0746 0.0299 1 1 21 6 0.8400 0.6000 1 0 1 0 0 0 1 1 0 0 0 1 1 0 4 0 2 0 2 2 3 5 6 
0 17 11 32 9 335 324 11 12 0 1 1 0 0 1 0 0 0 2 1 7 0.2188 29 16 0.0866 0.0478 1 1 22 9 0.7586 0.5625 1 0 0 0 0 0 1 0 0 0 0 1 1 0 1 0 1 1 3 4 5 7 12 
0 17 11 32 9 335 324 11 12 1 0 1 0 0 1 0 0 0 2 1 11 0.3438 29 23 0.0866 0.0687 1 1 18 12 0.6207 0.5217 1 0 0 0 0 2 1 1 0 0 2 0 2 0 4 4 4 14 3 4 6 9 12 
0 17 9 32 9 335 324 11 12 1 0 1 0 0 8 9 9 9 1 3 31 0.9688 33 15 0.0985 0.0448 1 0 2 -16.0000 0.0606 -1.0667 1 0 0 0 0 0 2 0 0 1 0 0 2 2 6 9 9 12 4 5 5 8 5 
0 17 11 32 9 335 324 11 12 1 0 0 1 0 0 0 0 0 1 1 12 0.3750 17 12 0.0507 0.0358 1 0 5 0 0.2941 0 1 0 0 0 0 0 1 0 0 0 0 0 2 2 3 2 3 2 2 4 7 6 9 
0 17 11 32 9 335 324 11 12 1 0 0 1 0 1 1 0 0 2 3 5 0.1562 15 10 0.0448 0.0299 1 1 10 5 0.6667 0.5000 1 0 1 0 0 0 1 1 0 0 1 0 2 0 4 4 4 2 3 5 6 8 9 
1 17 12 32 9 335 324 11 12 1 0 0 0 1 9 0 0 0 3 1 11 0.3438 15 14 0.0448 0.0418 1 1 4 3 0.2667 0.2143 1 0 0 0 0 0 1 0 0 2 0 0 2 0 4 0 4 8 4 5 8 10 11 

1 18 6 31 6 335 330 5 6 1 0 1 0 0 1 0 0 0 1 1 10 0.3226 21 18 0.0627 0.0537 1 1 11 8 0.5238 0.4444 1 0 0 0 0 0 1 0 0 0 0 1 2 0 5 0 6 4 3 3 6 8 9 
1 18 6 31 6 335 330 5 6 0 1 1 0 0 0 1 0 0 1 3 4 0.1290 25 10 0.0746 0.0299 1 1 21 6 0.8400 0.6000 1 0 1 0 0 0 1 1 0 0 0 1 1 0 4 4 2 1 2 2 3 5 6 
0 18 5 31 6 335 330 5 6 1 0 1 0 0 1 1 1 1 1 3 12 0.3871 23 10 0.0687 0.0299 1 0 11 -2.0000 0.4783 -0.2000 1 0 0 0 0 0 1 0 0 0 1 1 2 2 4 3 2 3 3 5 6 8 10 
0 18 5 31 6 335 330 5 6 1 0 1 0 0 2 1 0.5000 0.5000 1 1 7 0.2258 30 16 0.0896 0.0478 1 1 23 9 0.7667 0.5625 1 0 0 0 0 0 1 0 0 0 0 1 2 1 3 1 5 1 4 5 6 8 13 
0 18 5 31 6 335 330 5 6 1 0 0 1 0 0 0 0 0 1 1 12 0.3871 17 12 0.0507 0.0358 1 0 5 0 0.2941 0 1 0 0 0 0 0 1 0 0 0 0 0 2 2 3 2 3 2 2 4 7 6 9 
0 18 5 31 6 335 330 5 6 1 0 0 1 0 1 1 0 0 1 3 5 0.1613 15 10 0.0448 0.0299 1 1 10 5 0.6667 0.5000 1 0 1 0 0 0 1 1 0 0 1 0 2 1 4 7 4 4 3 5 6 8 9 

1 19 5 31 7 336 331 5 5 1 0 1 0 0 1 0 0 0 1 1 10 0.3226 21 18 0.0625 0.0536 1 1 11 8 0.5238 0.4444 1 0 0 0 0 0 1 0 0 0 0 1 2 0 5 0 6 4 3 3 6 8 9 
1 19 5 31 7 336 331 5 5 0 1 1 0 0 0 2 0 0 1 2 4 0.1290 25 10 0.0744 0.0298 1 1 21 6 0.8400 0.6000 1 0 1 0 0 0 1 1 0 0 0 0 1 0 4 4 2 1 2 2 3 5 6 
0 19 4 31 7 336 331 5 5 1 0 1 0 0 2 1 0.5000 0.5000 1 1 7 0.2258 30 16 0.0893 0.0476 1 1 23 9 0.7667 0.5625 1 0 0 0 0 0 1 0 0 0 0 1 2 1 3 1 5 1 4 5 6 8 13 
0 19 4 31 7 336 331 5 5 1 0 0 1 0 0 0 0 0 1 1 12 0.3871 17 12 0.0506 0.0357 1 0 5 0 0.2941 0 1 0 0 0 0 0 1 0 0 0 0 0 2 2 3 2 3 2 2 4 7 6 9 
0 19 4 31 7 336 331 5 5 1 0 0 1 0 1 2 0 0 1 2 5 0.1613 15 10 0.0446 0.0298 1 1 10 5 0.6667 0.5000 1 0 1 0 0 0 1 1 0 0 0 0 2 1 4 7 4 4 3 5 6 8 9 

1 20 7 31 6 335 330 5 7 1 0 1 0 0 1 0 0 0 1 1 10 0.3226 21 18 0.0627 0.0537 1 1 11 8 0.5238 0.4444 1 0 0 0 0 1 1 0 0 0 2 0 2 0 4 2 4 6 3 3 6 8 9 
1 20 7 31 6 335 330 5 7 0 1 1 0 0 0 2 0 0 1 3 4 0.1290 25 10 0.0746 0.0299 1 1 21 6 0.8400 0.6000 1 0 1 0 0 0 1 1 0 0 0 1 1 0 4 4 2 1 2 2 3 5 6 
0 20 6 31 6 335 330 5 7 1 0 1 0 0 2 0 0 0 2 1 11 0.3548 29 23 0.0866 0.0687 1 1 18 12 0.6207 0.5217 1 0 0 0 0 1 1 0 0 0 2 0 2 0 4 4 4 12 3 4 6 9 12 
0 20 6 31 6 335 330 5 7 1 0 1 0 0 2 2 2 2 1 3 12 0.3871 23 10 0.0687 0.0299 1 0 11 -2.0000 0.4783 -0.2000 1 0 0 0 0 0 1 0 0 0 1 1 2 2 4 3 2 3 3 5 6 8 10 
0 20 6 31 6 335 330 5 7 1 0 1 0 0 1 2 0.5000 0.5000 1 2 7 0.2258 17 29 0.0507 0.0866 1 1 10 22 0.5882 0.7586 1 0 0 0 0 0 1 0 0 0 2 0 2 1 3 3 3 5 4 6 6 9 12 
0 20 6 31 6 335 330 5 7 1 0 0 1 0 0 0 0 0 1 1 12 0.3871 17 12 0.0507 0.0358 1 0 5 0 0.2941 0 1 0 0 0 0 0 1 0 0 0 0 0 2 2 3 2 3 2 2 4 7 6 9 
0 20 6 31 6 335 330 5 7 1 0 0 1 0 1 2 0 0 1 3 5 0.1613 15 10 0.0448 0.0299 1 1 10 5 0.6667 0.5000 1 0 1 0 0 0 1 1 0 0 1 0 2 1 4 7 4 4 3 5 6 8 9 

1 21 6 31 7 336 331 5 6 1 0 1 0 0 1 0 0 0 1 1 10 0.3226 21 18 0.0625 0.0536 1 1 11 8 0.5238 0.4444 1 0 0 0 0 0 1 0 0 0 1 0 2 0 4 2 5 5 3 3 6 8 9 
1 21 6 31 7 336 331 5 6 0 1 1 0 0 0 2 0 0 1 3 4 0.1290 25 10 0.0744 0.0298 1 1 21 6 0.8400 0.6000 1 0 1 0 0 0 1 1 0 0 0 1 1 0 4 4 2 1 2 2 3 5 6 
0 21 5 31 7 336 331 5 6 1 0 1 0 0 2 2 2 2 1 3 12 0.3871 23 10 0.0685 0.0298 1 0 11 -2.0000 0.4783 -0.2000 1 0 0 0 0 0 1 0 0 0 1 1 2 2 4 3 2 3 3 5 6 8 10 
0 21 5 31 7 336 331 5 6 1 0 0 1 0 0 0 0 0 1 1 12 0.3871 17 12 0.0506 0.0357 1 0 5 0 0.2941 0 1 0 0 0 0 0 1 0 0 0 0 0 2 2 3 2 3 2 2 4 7 6 9 
0 21 5 31 7 336 331 5 6 1 0 0 1 0 1 2 0 0 1 3 5 0.1613 15 10 0.0446 0.0298 1 1 10 5 0.6667 0.5000 1 0 1 0 0 0 1 1 0 0 1 0 2 1 4 7 4 4 3 5 6 8 9 
0 21 5 31 7 336 331 5 6 1 0 0 1 0 3 1 0.5000 0.5000 1 1 7 0.2258 30 17 0.0893 0.0506 1 1 23 10 0.7667 0.5882 1 0 0 0 0 0 1 0 0 0 1 0 2 1 3 3 3 5 4 6 6 9 12 

1 22 7 31 7 336 331 5 7 1 0 1 0 0 1 0 0 0 1 1 10 0.3226 21 18 0.0625 0.0536 1 1 11 8 0.5238 0.4444 1 0 0 0 0 0 1 0 0 0 2 0 2 0 4 2 4 3 3 3 6 8 9 
1 22 7 31 7 336 331 5 7 0 1 1 0 0 0 2 0 0 1 3 4 0.1290 25 10 0.0744 0.0298 1 1 21 6 0.8400 0.6000 1 0 1 0 0 0 1 1 0 0 0 1 1 0 4 4 2 1 2 2 3 5 6 
0 22 6 31 7 336 331 5 7 1 0 1 0 0 2 2 2 2 1 3 12 0.3871 23 10 0.0685 0.0298 1 0 11 -2.0000 0.4783 -0.2000 1 0 0 0 0 0 1 0 0 0 1 1 2 2 4 3 2 3 3 5 6 8 10 
0 22 6 31 7 336 331 5 7 1 0 1 0 0 1 3 0.5000 0.5000 1 2 7 0.2258 17 29 0.0506 0.0863 1 1 10 22 0.5882 0.7586 1 0 0 0 0 0 1 0 0 0 2 0 2 1 3 3 3 5 4 6 6 9 12 
0 22 6 31 7 336 331 5 7 0 1 1 0 0 1 3 1 1 1 2 12 0.3871 24 29 0.0714 0.0863 1 1 12 17 0.5000 0.5862 1 0 0 0 0 0 1 0 0 0 0 0 1 0 1 3 3 1 2 3 5 5 4 
0 22 6 31 7 336 331 5 7 1 0 0 1 0 0 0 0 0 1 1 12 0.3871 17 12 0.0506 0.0357 1 0 5 0 0.2941 0 1 0 0 0 0 0 1 0 0 0 0 0 2 2 3 2 3 2 2 4 7 6 9 
0 22 6 31 7 336 331 5 7 1 0 0 1 0 1 2 0 0 1 3 5 0.1613 15 10 0.0446 0.0298 1 1 10 5 0.6667 0.5000 1 0 1 0 0 0 1 1 0 0 1 0 2 1 4 7 4 4 3 5 6 8 9 

1 23 7 30 4 335 330 5 7 1 0 1 0 0 1 0 0 0 2 1 10 0.3333 21 18 0.0627 0.0537 1 1 11 8 0.5238 0.4444 1 0 0 0 0 1 1 0 0 0 2 1 2 0 4 2 4 6 3 3 6 8 9 
0 23 6 30 4 335 330 5 7 1 0 1 0 0 1 1 1 1 2 1 15 0.5000 21 31 0.0627 0.0925 1 1 6 16 0.2857 0.5161 1 0 0 0 0 1 1 1 0 0 0 2 2 0 4 4 4 8 3 5 7 8 8 
0 23 6 30 4 335 330 5 7 0 1 1 0 0 3 1 0.5000 0.5000 2 1 7 0.2333 29 16 0.0866 0.0478 1 1 22 9 0.7586 0.5625 1 0 0 0 0 0 1 0 0 0 0 1 1 0 1 0 1 1 3 4 5 7 12 
0 23 6 30 4 335 330 5 7 1 0 1 0 0 3 1 1 1 2 1 11 0.3667 29 23 0.0866 0.0687 1 1 18 12 0.6207 0.5217 1 0 0 0 0 2 1 1 0 0 2 0 2 0 4 4 4 14 3 4 6 9 12 
0 23 6 30 4 335 330 5 7 1 0 0 1 0 0 0 0 0 1 1 12 0.4000 17 12 0.0507 0.0358 1 0 5 0 0.2941 0 1 0 0 0 0 0 1 0 0 0 0 0 2 2 3 2 3 2 2 4 7 6 9 
1 23 7 30 4 335 330 5 7 0 1 0 1 0 2 0 0 0 2 1 4 0.1333 13 25 0.0388 0.0746 1 1 9 21 0.6923 0.8400 1 0 0 0 0 0 1 0 0 0 0 0 1 0 1 0 1 5 1 2 3 3 2 
0 23 6 30 4 335 330 5 7 0 1 0 0 1 2 2 0 0 2 1 6 0.2000 13 15 0.0388 0.0448 1 1 7 9 0.5385 0.6000 1 0 1 0 0 0 2 0 0 0 0 0 1 2 1 6 1 4 2 2 4 7 8 

1 24 6 31 5 336 331 5 6 1 0 1 0 0 2 0 0 0 1 1 10 0.3226 21 18 0.0625 0.0536 1 1 11 8 0.5238 0.4444 1 0 0 0 0 1 1 0 0 0 2 0 2 0 4 2 4 6 3 3 6 8 9 
0 24 5 31 5 336 331 5 6 0 1 1 0 0 3 1 0.5000 0.5000 2 1 7 0.2258 29 16 0.0863 0.0476 1 1 22 9 0.7586 0.5625 1 0 0 0 0 0 1 0 0 0 0 1 1 0 1 0 1 1 3 4 5 7 12 
0 24 5 31 5 336 331 5 6 1 0 1 0 0 3 1 1 1 2 1 11 0.3548 29 23 0.0863 0.0685 1 1 18 12 0.6207 0.5217 1 0 0 0 0 1 1 0 0 0 2 0 2 0 4 4 4 12 3 4 6 9 12 
0 24 5 31 5 336 331 5 6 1 0 0 1 0 0 0 0 0 1 1 12 0.3871 17 12 0.0506 0.0357 1 0 5 0 0.2941 0 1 0 0 0 0 0 1 0 0 0 0 0 2 2 3 2 3 2 2 4 7 6 9 
1 24 6 31 5 336 331 5 6 0 1 0 1 0 2 0 0 0 2 1 4 0.1290 13 25 0.0387 0.0744 1 1 9 21 0.6923 0.8400 1 0 0 0 0 0 1 0 0 0 0 0 1 0 1 0 1 5 1 2 3 3 2 
0 24 5 31 5 336 331 5 6 0 1 0 0 1 2 2 0 0 2 1 6 0.1935 13 15 0.0387 0.0446 1 1 7 9 0.5385 0.6000 1 0 1 0 0 0 2 0 0 0 0 0 1 2 1 6 1 4 2 2 4 7 8 

0 25 6 30 5 336 331 5 7 0 1 1 0 0 3 1 0.5000 0.5000 2 1 7 0.2333 29 16 0.0863 0.0476 1 1 22 9 0.7586 0.5625 1 0 0 0 0 0 1 0 0 0 0 1 1 0 1 0 1 1 3 4 5 7 12 
0 25 6 30 5 336 331 5 7 1 0 1 0 0 3 1 1 1 2 1 11 0.3667 29 23 0.0863 0.0685 1 1 18 12 0.6207 0.5217 1 0 0 0 0 2 2 0 0 0 2 0 2 0 4 4 5 13 3 4 6 9 12 
0 25 6 30 5 336 331 5 7 0 1 1 0 0 2 2 1 2 2 1 16 0.5333 22 31 0.0655 0.0923 1 1 6 15 0.2727 0.4839 1 0 0 0 0 1 2 0 0 0 2 0 1 0 1 0 1 6 2 2 3 4 7 
0 25 6 30 5 336 331 5 7 1 0 0 1 0 0 0 0 0 1 1 12 0.4000 17 12 0.0506 0.0357 1 0 5 0 0.2941 0 1 0 0 0 0 0 1 0 0 0 0 0 2 2 3 2 3 2 2 4 7 6 9 
1 25 7 30 5 336 331 5 7 0 1 0 1 0 2 0 0 0 2 1 4 0.1333 13 25 0.0387 0.0744 1 1 9 21 0.6923 0.8400 1 0 0 0 0 0 1 0 0 0 0 0 1 0 1 0 1 5 1 2 3 3 2 
1 25 7 30 5 336 331 5 7 1 0 0 1 0 2 0 0 0 2 1 10 0.3333 22 18 0.0655 0.0536 1 1 12 8 0.5455 0.4444 1 0 0 0 0 1 1 0 0 0 3 0 2 0 4 2 4 6 3 3 6 8 9 
0 25 6 30 5 336 331 5 7 0 1 0 0 1 2 2 0 0 2 1 6 0.2000 13 15 0.0387 0.0446 1 1 7 9 0.5385 0.6000 1 0 1 0 0 0 2 0 0 0 0 0 1 2 1 6 1 4 2 2 4 7 8 

1 26 7 30 4 337 330 7 7 1 0 1 0 0 2 0 0 0 2 1 10 0.3333 21 18 0.0623 0.0534 1 1 11 8 0.5238 0.4444 1 0 0 0 0 1 1 0 0 0 2 1 2 0 4 2 4 6 3 3 6 8 9 
0 26 6 30 4 337 330 7 7 1 0 1 0 0 2 2 2 2 2 1 15 0.5000 21 31 0.0623 0.0920 1 1 6 16 0.2857 0.5161 1 0 0 0 0 1 1 1 0 0 0 2 2 0 4 4 4 8 3 5 7 8 8 
0 26 6 30 4 337 330 7 7 0 1 1 0 0 3 1 0.5000 0.5000 2 1 7 0.2333 29 16 0.0861 0.0475 1 1 22 9 0.7586 0.5625 1 0 0 0 0 0 1 0 0 0 0 1 1 0 1 0 1 1 3 4 5 7 12 
0 26 6 30 4 337 330 7 7 1 0 1 0 0 3 1 1 1 2 1 11 0.3667 29 23 0.0861 0.0682 1 1 18 12 0.6207 0.5217 1 0 0 0 0 2 1 1 0 0 2 0 2 0 4 4 4 14 3 4 6 9 12 
1 26 7 30 4 337 330 7 7 1 0 1 0 0 2 2 2 2 1 1 14 0.4667 16 14 0.0475 0.0415 1 0 2 0 0.1250 0 1 0 0 0 0 0 1 0 0 0 0 0 2 3 3 6 2 6 3 4 5 7 9 
0 26 6 30 4 337 330 7 7 1 0 0 1 0 0 0 0 0 1 1 12 0.4000 17 12 0.0504 0.0356 1 0 5 0 0.2941 0 1 0 0 0 0 0 1 0 0 0 0 0 2 2 3 2 3 2 2 4 7 6 9 
1 26 7 30 4 337 330 7 7 0 1 0 1 0 2 0 0 0 1 1 4 0.1333 13 25 0.0386 0.0742 1 1 9 21 0.6923 0.8400 1 0 0 0 0 0 1 0 0 0 0 0 1 0 1 0 1 5 1 2 3 3 2 

1 27 7 30 6 335 330 5 7 0 1 1 0 0 0 2 0 0 1 3 4 0.1333 25 10 0.0746 0.0299 1 1 21 6 0.8400 0.6000 1 0 1 0 0 0 1 1 0 0 0 1 1 0 4 4 2 1 2 2 3 5 6 
0 27 6 30 6 335 330 5 7 1 0 1 0 0 2 2 2 2 1 3 12 0.4000 23 10 0.0687 0.0299 1 0 11 -2.0000 0.4783 -0.2000 1 0 0 0 0 0 1 0 0 0 1 1 2 2 4 3 2 3 3 5 6 8 10 
0 27 6 30 6 335 330 5 7 0 1 1 0 0 2 2 1 2 2 1 16 0.5333 22 31 0.0657 0.0925 1 1 6 15 0.2727 0.4839 1 0 0 0 0 0 1 0 0 0 1 1 1 0 1 0 1 6 2 2 3 4 7 
0 27 6 30 6 335 330 5 7 1 0 1 0 0 4 2 1 1 1 1 7 0.2333 30 16 0.0896 0.0478 1 1 23 9 0.7667 0.5625 1 0 0 0 0 0 1 0 0 0 0 2 2 1 3 1 5 1 4 5 6 8 13 
0 27 6 30 6 335 330 5 7 1 0 0 1 0 0 0 0 0 1 1 12 0.4000 17 12 0.0507 0.0358 1 0 5 0 0.2941 0 1 0 0 0 0 0 1 0 0 0 0 0 2 2 3 2 3 2 2 4 7 6 9 
0 27 6 30 6 335 330 5 7 1 0 0 1 0 2 2 0 0 1 3 5 0.1667 15 10 0.0448 0.0299 1 1 10 5 0.6667 0.5000 1 0 1 0 0 0 1 1 0 0 1 0 2 1 4 7 4 4 3 5 6 8 9 
1 27 7 30 6 335 330 5 7 1 0 0 1 0 2 0 0 0 2 1 10 0.3333 22 18 0.0657 0.0537 1 1 12 8 0.5455 0.4444 1 0 0 0 0 0 1 0 0 0 1 1 2 0 5 0 6 4 3 3 6 8 9 

1 28 6 30 7 336 331 5 6 0 1 1 0 0 0 3 0 0 1 2 4 0.1333 25 10 0.0744 0.0298 1 1 21 6 0.8400 0.6000 1 0 1 0 0 0 1 1 0 0 0 0 1 0 4 4 2 1 2 2 3 5 6 
0 28 5 30 7 336 331 5 6 0 1 1 0 0 2 2 1 2 2 1 16 0.5333 22 31 0.0655 0.0923 1 1 6 15 0.2727 0.4839 1 0 0 0 0 0 1 0 0 0 1 1 1 0 1 0 1 6 2 2 3 4 7 
0 28 5 30 7 336 331 5 6 1 0 1 0 0 4 2 1 1 1 1 7 0.2333 30 16 0.0893 0.0476 1 1 23 9 0.7667 0.5625 1 0 0 0 0 0 1 0 0 0 0 2 2 1 3 1 5 1 4 5 6 8 13 
0 28 5 30 7 336 331 5 6 1 0 0 1 0 0 0 0 0 1 1 12 0.4000 17 12 0.0506 0.0357 1 0 5 0 0.2941 0 1 0 0 0 0 0 1 0 0 0 0 0 2 2 3 2 3 2 2 4 7 6 9 
0 28 5 30 7 336 331 5 6 1 0 0 1 0 2 3 0 0 1 2 5 0.1667 15 10 0.0446 0.0298 1 1 10 5 0.6667 0.5000 1 0 1 0 0 0 1 1 0 0 0 0 2 1 4 7 4 4 3 5 6 8 9 
1 28 6 30 7 336 331 5 6 1 0 0 1 0 2 0 0 0 2 1 10 0.3333 22 18 0.0655 0.0536 1 1 12 8 0.5455 0.4444 1 0 0 0 0 0 1 0 0 0 1 1 2 0 5 0 6 4 3 3 6 8 9 

1 29 8 30 6 335 330 5 8 0 1 1 0 0 0 3 0 0 1 3 4 0.1333 25 10 0.0746 0.0299 1 1 21 6 0.8400 0.6000 1 0 1 0 0 0 1 1 0 0 0 1 1 0 4 4 2 1 2 2 3 5 6 
0 29 7 30 6 335 330 5 8 1 0 1 0 0 4 1 1 1 2 1 11 0.3667 29 23 0.0866 0.0687 1 1 18 12 0.6207 0.5217 1 0 0 0 0 2 2 0 0 0 2 0 2 0 4 4 5 13 3 4 6 9 12 
0 29 7 30 6 335 330 5 8 1 0 1 0 0 3 3 3 3 1 3 12 0.4000 23 10 0.0687 0.0299 1 0 11 -2.0000 0.4783 -0.2000 1 0 0 0 0 0 1 0 0 0 1 1 2 2 4 3 2 3 3 5 6 8 10 
0 29 7 30 6 335 330 5 8 0 1 1 0 0 2 2 1 2 2 1 16 0.5333 22 31 0.0657 0.0925 1 1 6 15 0.2727 0.4839 1 0 0 0 0 1 2 0 0 0 2 0 1 0 1 0 1 6 2 2 3 4 7 
0 29 7 30 6 335 330 5 8 1 0 1 0 0 2 4 1 1 1 2 7 0.2333 17 29 0.0507 0.0866 1 1 10 22 0.5882 0.7586 1 0 0 0 0 0 1 0 0 0 3 0 2 1 3 3 3 5 4 6 6 9 12 
0 29 7 30 6 335 330 5 8 1 0 0 1 0 0 0 0 0 1 1 12 0.4000 17 12 0.0507 0.0358 1 0 5 0 0.2941 0 1 0 0 0 0 0 1 0 0 0 0 0 2 2 3 2 3 2 2 4 7 6 9 
0 29 7 30 6 335 330 5 8 1 0 0 1 0 2 3 0 0 1 3 5 0.1667 15 10 0.0448 0.0299 1 1 10 5 0.6667 0.5000 1 0 1 0 0 0 1 1 0 0 1 0 2 1 4 7 4 4 3 5 6 8 9 
1 29 8 30 6 335 330 5 8 1 0 0 1 0 2 0 0 0 2 1 10 0.3333 22 18 0.0657 0.0537 1 1 12 8 0.5455 0.4444 1 0 0 0 0 1 1 0 0 0 3 0 2 0 4 2 4 6 3 3 6 8 9 

1 30 7 30 7 336 331 5 7 0 1 1 0 0 0 3 0 0 1 3 4 0.1333 25 10 0.0744 0.0298 1 1 21 6 0.8400 0.6000 1 0 1 0 0 0 1 1 0 0 0 1 1 0 4 4 2 1 2 2 3 5 6 
0 30 6 30 7 336 331 5 7 1 0 1 0 0 3 3 3 3 1 3 12 0.4000 23 10 0.0685 0.0298 1 0 11 -2.0000 0.4783 -0.2000 1 0 0 0 0 0 1 0 0 0 1 1 2 2 4 3 2 3 3 5 6 8 10 
0 30 6 30 7 336 331 5 7 0 1 1 0 0 2 2 2 2 2 1 16 0.5333 22 31 0.0655 0.0923 1 1 6 15 0.2727 0.4839 1 0 0 0 0 0 1 0 0 0 2 0 1 0 1 0 1 6 2 2 3 4 7 
0 30 6 30 7 336 331 5 7 1 0 0 1 0 0 0 0 0 1 1 12 0.4000 17 12 0.0506 0.0357 1 0 5 0 0.2941 0 1 0 0 0 0 0 1 0 0 0 0 0 2 2 3 2 3 2 2 4 7 6 9 
0 30 6 30 7 336 331 5 7 1 0 0 1 0 2 3 0 0 1 3 5 0.1667 15 10 0.0446 0.0298 1 1 10 5 0.6667 0.5000 1 0 1 0 0 0 1 1 0 0 1 0 2 1 4 7 4 4 3 5 6 8 9 
1 30 7 30 7 336 331 5 7 1 0 0 1 0 2 0 0 0 2 1 10 0.3333 22 18 0.0655 0.0536 1 1 12 8 0.5455 0.4444 1 0 0 0 0 0 1 0 0 0 2 0 2 0 4 2 5 5 3 3 6 8 9 
0 30 6 30 7 336 331 5 7 1 0 0 1 0 5 2 1 1 1 1 7 0.2333 30 17 0.0893 0.0506 1 1 23 10 0.7667 0.5882 1 0 0 0 0 0 1 0 0 0 2 0 2 1 3 3 3 5 4 6 6 9 12 

1 31 8 30 7 336 331 5 8 0 1 1 0 0 0 3 0 0 1 3 4 0.1333 25 10 0.0744 0.0298 1 1 21 6 0.8400 0.6000 1 0 1 0 0 0 1 1 0 0 0 1 1 0 4 4 2 1 2 2 3 5 6 
0 31 7 30 7 336 331 5 8 1 0 1 0 0 3 3 3 3 1 3 12 0.4000 23 10 0.0685 0.0298 1 0 11 -2.0000 0.4783 -0.2000 1 0 0 0 0 0 1 0 0 0 1 1 2 2 4 3 2 3 3 5 6 8 10 
1 31 8 30 7 336 331 5 8 0 1 1 0 0 2 2 2 2 2 1 16 0.5333 22 31 0.0655 0.0923 1 1 6 15 0.2727 0.4839 1 0 0 0 1 0 2 0 0 0 2 0 1 0 1 0 6 0 2 2 3 4 7 
0 31 7 30 7 336 331 5 8 1 0 1 0 0 2 5 1 1 1 2 7 0.2333 17 29 0.0506 0.0863 1 1 10 22 0.5882 0.7586 1 0 0 0 0 0 1 0 0 0 3 0 2 1 3 3 3 5 4 6 6 9 12 
0 31 7 30 7 336 331 5 8 0 1 1 0 0 2 5 2 2 1 2 12 0.4000 24 29 0.0714 0.0863 1 1 12 17 0.5000 0.5862 1 0 0 0 1 0 2 0 0 0 0 0 1 0 1 4 1 1 2 3 5 5 4 
0 31 7 30 7 336 331 5 8 1 0 0 1 0 0 0 0 0 1 1 12 0.4000 17 12 0.0506 0.0357 1 0 5 0 0.2941 0 1 0 0 0 0 0 1 0 0 0 0 0 2 2 3 2 3 2 2 4 7 6 9 
0 31 7 30 7 336 331 5 8 1 0 0 1 0 2 3 0 0 1 3 5 0.1667 15 10 0.0446 0.0298 1 1 10 5 0.6667 0.5000 1 0 1 0 0 0 1 1 0 0 1 0 2 1 4 7 4 4 3 5 6 8 9 
1 31 8 30 7 336 331 5 8 1 0 0 1 0 2 0 0 0 2 1 10 0.3333 22 18 0.0655 0.0536 1 1 12 8 0.5455 0.4444 1 0 0 0 0 0 1 0 0 0 3 0 2 0 4 2 4 3 3 3 6 8 9 

0 32 8 30 3 335 328 7 9 1 0 1 0 0 3 3 3 3 1 3 11 0.3667 22 10 0.0657 0.0299 1 0 11 -1.0000 0.5000 -0.1000 1 0 0 0 0 0 1 0 0 0 1 1 2 2 4 1 4 1 3 5 6 8 10 
0 32 8 30 3 335 328 7 9 1 0 1 0 0 2 2 2 2 2 1 13 0.4333 15 14 0.0448 0.0418 1 1 2 1 0.1333 0.0714 1 0 0 0 0 0 1 0 0 0 0 0 2 1 4 5 4 6 3 4 5 7 9 
1 32 9 30 3 335 328 7 9 1 0 1 0 0 2 0 0 0 2 1 10 0.3333 21 18 0.0627 0.0537 1 1 11 8 0.5238 0.4444 1 0 0 0 0 1 1 0 0 0 2 1 2 0 4 2 4 6 3 3 6 8 9 
0 32 8 30 3 335 328 7 9 1 0 1 0 0 2 2 2 2 2 1 15 0.5000 21 31 0.0627 0.0925 1 1 6 16 0.2857 0.5161 1 0 0 0 0 1 1 1 0 0 0 2 2 0 4 4 4 8 3 5 7 8 8 
1 32 9 30 3 335 328 7 9 0 1 1 0 0 0 3 0 0 1 3 4 0.1333 25 10 0.0746 0.0299 1 1 21 6 0.8400 0.6000 1 0 1 0 0 0 1 1 0 0 0 1 1 0 4 4 2 1 2 2 3 5 6 
0 32 8 30 3 335 328 7 9 0 1 1 0 0 5 2 1 1 2 1 7 0.2333 29 16 0.0866 0.0478 1 1 22 9 0.7586 0.5625 1 0 0 0 0 0 1 0 0 0 0 1 1 0 1 0 1 1 3 4 5 7 12 
0 32 8 30 3 335 328 7 9 1 0 1 0 0 5 2 2 2 2 1 11 0.3667 29 23 0.0866 0.0687 1 1 18 12 0.6207 0.5217 1 0 0 0 0 2 1 1 0 0 2 0 2 0 4 4 4 14 3 4 6 9 12 
0 32 8 30 3 335 328 7 9 1 0 0 1 0 0 0 0 0 1 1 12 0.4000 17 12 0.0507 0.0358 1 0 5 0 0.2941 0 1 0 0 0 0 0 1 0 0 0 0 0 2 2 3 2 3 2 2 4 7 6 9 
0 32 8 30 3 335 328 7 9 1 0 0 1 0 2 3 0 0 2 3 5 0.1667 15 10 0.0448 0.0299 1 1 10 5 0.6667 0.5000 1 0 1 0 0 0 1 1 0 0 1 0 2 1 4 7 4 4 3 5 6 8 9 

0 33 8 30 4 336 329 7 9 1 0 1 0 0 2 2 2 2 2 1 13 0.4333 15 14 0.0446 0.0417 1 1 2 1 0.1333 0.0714 1 0 0 0 0 0 1 0 0 0 0 0 2 1 4 5 4 6 3 4 5 7 9 
1 33 9 30 4 336 329 7 9 1 0 1 0 0 2 0 0 0 2 1 10 0.3333 21 18 0.0625 0.0536 1 1 11 8 0.5238 0.4444 1 0 0 0 0 1 1 0 0 0 2 1 2 0 4 2 4 6 3 3 6 8 9 
0 33 8 30 4 336 329 7 9 1 0 1 0 0 2 2 2 2 2 1 15 0.5000 21 31 0.0625 0.0923 1 1 6 16 0.2857 0.5161 1 0 0 0 0 1 1 1 0 0 0 2 2 0 4 4 4 8 3 5 7 8 8 
1 33 9 30 4 336 329 7 9 0 1 1 0 0 0 4 0 0 1 3 4 0.1333 25 10 0.0744 0.0298 1 1 21 6 0.8400 0.6000 1 0 1 0 0 0 1 1 0 0 0 1 1 0 4 4 2 1 2 2 3 5 6 
0 33 8 30 4 336 329 7 9 0 1 1 0 0 5 2 1 1 2 1 7 0.2333 29 16 0.0863 0.0476 1 1 22 9 0.7586 0.5625 1 0 0 0 0 0 1 0 0 0 0 1 1 0 1 0 1 1 3 4 5 7 12 
0 33 8 30 4 336 329 7 9 1 0 1 0 0 5 2 2 2 2 1 11 0.3667 29 23 0.0863 0.0685 1 1 18 12 0.6207 0.5217 1 0 0 0 0 2 1 1 0 0 2 0 2 0 4 4 4 14 3 4 6 9 12 
0 33 8 30 4 336 329 7 9 1 0 1 0 0 4 4 4 4 1 3 12 0.4000 23 10 0.0685 0.0298 1 0 11 -2.0000 0.4783 -0.2000 1 0 0 0 0 0 1 0 0 0 1 1 2 2 4 3 2 3 3 5 6 8 10 
0 33 8 30 4 336 329 7 9 1 0 0 1 0 0 0 0 0 1 1 12 0.4000 17 12 0.0506 0.0357 1 0 5 0 0.2941 0 1 0 0 0 0 0 1 0 0 0 0 0 2 2 3 2 3 2 2 4 7 6 9 
0 33 8 30 4 336 329 7 9 1 0 0 1 0 2 4 0 0 2 3 5 0.1667 15 10 0.0446 0.0298 1 1 10 5 0.6667 0.5000 1 0 1 0 0 0 1 1 0 0 1 0 2 1 4 7 4 4 3 5 6 8 9 

0 34 10 33 10 336 325 11 12 1 0 1 0 0 0 10 10 10 2 3 19 0.5758 25 15 0.0744 0.0446 1 0 6 -4.0000 0.2400 -0.2667 1 0 0 0 0 0 2 0 0 1 0 0 2 2 5 5 8 6 4 5 5 8 5 
0 34 11 33 10 336 325 11 12 1 0 1 0 0 4 4 4 4 1 3 11 0.3333 22 10 0.0655 0.0298 1 0 11 -1.0000 0.5000 -0.1000 1 0 0 0 0 0 1 0 0 0 1 1 2 2 4 4 4 3 3 5 6 8 10 
0 34 11 33 10 336 325 11 12 1 0 1 0 0 2 2 2 2 2 1 13 0.3939 15 14 0.0446 0.0417 1 1 2 1 0.1333 0.0714 1 0 0 0 0 0 1 0 0 0 0 0 2 1 4 2 4 2 3 4 5 7 9 
1 34 12 33 10 336 325 11 12 1 0 1 0 0 2 0 0 0 2 1 10 0.3030 21 18 0.0625 0.0536 1 1 11 8 0.5238 0.4444 1 0 0 0 0 1 1 0 0 0 2 1 2 0 4 2 4 6 3 3 6 8 9 
0 34 11 33 10 336 325 11 12 1 0 1 0 0 2 2 2 2 2 1 15 0.4545 21 31 0.0625 0.0923 1 1 6 16 0.2857 0.5161 1 0 0 0 0 1 1 1 0 0 0 2 2 0 4 4 4 8 3 5 7 8 8 
1 34 12 33 10 336 325 11 12 0 1 1 0 0 0 4 0 0 2 3 4 0.1212 25 10 0.0744 0.0298 1 1 21 6 0.8400 0.6000 1 0 1 0 0 0 1 1 0 0 0 1 1 0 4 0 2 0 2 2 3 5 6 
0 34 11 33 10 336 325 11 12 0 1 1 0 0 5 2 1 1 2 1 7 0.2121 29 16 0.0863 0.0476 1 1 22 9 0.7586 0.5625 1 0 0 0 0 0 1 0 0 0 0 1 1 0 1 0 1 1 3 4 5 7 12 
0 34 11 33 10 336 325 11 12 1 0 1 0 0 5 2 2 2 2 1 11 0.3333 29 23 0.0863 0.0685 1 1 18 12 0.6207 0.5217 1 0 0 0 0 2 1 1 0 0 2 0 2 0 4 4 4 14 3 4 6 9 12 
0 34 9 33 10 336 325 11 12 1 0 1 0 0 9 10 10 10 1 3 32 0.9697 34 15 0.1012 0.0446 1 0 2 -17.0000 0.0588 -1.1333 1 0 0 0 0 0 2 0 0 1 0 0 2 2 6 9 9 11 4 5 5 8 5 
0 34 11 33 10 336 325 11 12 1 0 0 1 0 0 0 0 0 1 1 12 0.3636 17 12 0.0506 0.0357 1 0 5 0 0.2941 0 1 0 0 0 0 0 1 0 0 0 0 0 2 2 3 2 3 2 2 4 7 6 9 
0 34 11 33 10 336 325 11 12 1 0 0 1 0 2 4 0 0 2 3 5 0.1515 15 10 0.0446 0.0298 1 1 10 5 0.6667 0.5000 1 0 1 0 0 0 1 1 0 0 1 0 2 0 4 4 4 2 3 5 6 8 9 
1 34 12 33 10 336 325 11 12 1 0 0 0 1 10 0 0 0 3 1 11 0.3333 15 14 0.0446 0.0417 1 1 4 3 0.2667 0.2143 1 0 0 0 0 0 1 0 0 2 0 0 2 0 4 0 4 8 4 5 8 10 11 

1 35 5 31 8 336 332 4 4 1 0 1 0 0 2 0 0 0 1 1 10 0.3226 21 18 0.0625 0.0536 1 1 11 8 0.5238 0.4444 1 0 0 0 0 0 1 0 0 0 0 0 2 1 4 2 4 6 3 3 6 8 9 
0 35 4 31 8 336 332 4 4 0 1 1 0 0 0 4 0 0 1 2 4 0.1290 25 10 0.0744 0.0298 1 1 21 6 0.8400 0.6000 1 0 1 0 0 0 1 1 0 0 0 0 1 0 4 4 2 1 2 2 3 5 6 
0 35 3 31 8 336 332 4 4 1 0 0 1 0 0 0 0 0 1 1 12 0.3871 17 12 0.0506 0.0357 1 0 5 0 0.2941 0 1 0 0 0 0 0 1 0 0 0 0 0 2 2 3 2 3 2 2 4 7 6 9 
0 35 3 31 8 336 332 4 4 1 0 0 1 0 2 4 0 0 1 2 5 0.1613 15 10 0.0446 0.0298 1 1 10 5 0.6667 0.5000 1 0 1 0 0 0 1 1 0 0 0 0 2 1 4 7 4 4 3 5 6 8 9 

1 36 5 31 9 336 332 4 4 1 0 1 0 0 2 0 0 0 1 1 10 0.3226 21 18 0.0625 0.0536 1 1 11 8 0.5238 0.4444 1 0 0 0 0 0 1 0 0 0 0 0 2 1 4 2 4 6 3 3 6 8 9 
0 36 4 31 9 336 332 4 4 0 1 1 0 0 0 4 0 0 1 2 4 0.1290 25 10 0.0744 0.0298 1 1 21 6 0.8400 0.6000 1 0 1 0 0 0 1 1 0 0 0 0 1 0 4 4 2 1 2 2 3 5 6 
0 36 3 31 9 336 332 4 4 1 0 0 1 0 2 4 0 0 1 2 5 0.1613 15 10 0.0446 0.0298 1 1 10 5 0.6667 0.5000 1 0 1 0 0 0 1 1 0 0 0 0 2 1 4 7 4 4 3 5 6 8 9 
0 36 3 31 9 336 332 4 4 1 0 0 1 0 1 2 0 0 1 1 5 0.1613 17 15 0.0506 0.0446 1 1 12 10 0.7059 0.6667 1 0 0 0 0 0 1 0 0 0 0 0 2 0 4 3 9 8 4 6 8 12 12 

1 37 4 31 10 336 332 4 3 1 0 1 0 0 2 0 0 0 1 1 10 0.3226 21 18 0.0625 0.0536 1 1 11 8 0.5238 0.4444 1 0 0 0 0 0 1 0 0 0 0 0 2 1 4 2 4 6 3 3 6 8 9 
0 37 3 31 10 336 332 4 3 0 1 1 0 0 0 5 0 0 1 1 4 0.1290 25 10 0.0744 0.0298 1 1 21 6 0.8400 0.6000 1 0 0 0 0 0 1 0 0 0 0 0 1 0 4 4 2 1 2 2 3 5 6 
0 37 2 31 10 336 332 4 3 1 0 0 1 0 1 2 0 0 1 1 5 0.1613 17 15 0.0506 0.0446 1 1 12 10 0.7059 0.6667 1 0 0 0 0 0 1 0 0 0 0 0 2 0 4 3 9 8 4 6 8 12 12 

1 38 3 31 11 336 332 4 2 1 0 1 0 0 2 0 0 0 1 1 10 0.3226 21 18 0.0625 0.0536 1 1 11 8 0.5238 0.4444 1 0 0 0 0 0 1 0 0 0 0 0 2 1 4 2 4 6 3 3 6 8 9 
0 38 2 31 11 336 332 4 2 0 1 1 0 0 0 5 0 0 1 1 4 0.1290 25 10 0.0744 0.0298 1 1 21 6 0.8400 0.6000 1 0 0 0 0 0 1 0 0 0 0 0 1 0 4 4 2 1 2 2 3 5 6 

1 39 3 31 12 338 333 5 2 1 0 1 0 0 2 0 0 0 1 1 10 0.3226 21 18 0.0621 0.0533 1 1 11 8 0.5238 0.4444 1 0 0 0 0 0 1 0 0 0 0 0 2 1 4 2 4 6 3 3 6 8 9 
0 39 2 31 12 338 333 5 2 1 0 1 0 0 6 1 0.5000 0.5000 1 1 4 0.1290 11 25 0.0325 0.0740 1 1 7 21 0.6364 0.8400 1 0 0 0 0 0 1 0 0 0 0 0 2 1 3 5 8 8 2 4 5 6 7 

1 40 3 31 12 336 333 3 2 1 0 1 0 0 2 0 0 0 1 1 10 0.3226 21 18 0.0625 0.0536 1 1 11 8 0.5238 0.4444 1 0 0 0 0 0 1 0 0 0 0 0 2 1 4 2 4 6 3 3 6 8 9 
0 40 1 31 12 336 333 3 2 1 0 1 0 0 1 6 0.5000 0.5000 1 1 4 0.1290 26 10 0.0774 0.0298 1 1 22 6 0.8462 0.6000 1 0 0 0 0 0 1 0 0 0 0 0 2 1 6 5 5 3 3 3 5 8 9 

1 41 4 31 14 336 335 1 2 0 1 1 0 0 1 3 0 1 2 1 11 0.3548 19 21 0.0565 0.0625 1 1 8 10 0.4211 0.4762 1 1 0 0 0 0 2 0 0 0 0 0 1 2 1 5 1 4 2 4 5 5 8 
0 41 1 31 14 336 335 1 2 1 0 0 1 0 1 6 0 0 2 1 10 0.3226 19 31 0.0565 0.0923 1 1 9 21 0.4737 0.6774 1 1 0 0 0 0 2 0 0 0 0 0 2 3 3 3 7 3 3 6 6 6 8 

