0 1 213 32 0 213 206 7 5 1 0 1 0 0 0 0 0 0 2 2 19 0.5938 23 6 0.1080 0.0282 1 0 4 -13.0000 0.1739 -2.1667 1 0 0 0 0 0 1 0 0 1 0 0 2 2 4 3 6 4 3 5 8 12 16 
0 1 213 32 0 213 206 7 5 1 0 1 0 0 0 0 0 0 1 1 7 0.2188 9 6 0.0423 0.0282 1 0 2 -1.0000 0.2222 -0.1667 1 0 0 0 0 0 1 0 0 0 0 1 2 3 4 4 8 10 4 6 7 12 11 
0 1 213 32 0 213 206 7 5 1 0 1 0 0 0 0 0 0 2 2 8 0.2500 23 12 0.1080 0.0563 1 1 15 4 0.6522 0.3333 1 0 0 1 0 0 1 1 0 0 0 1 2 0 4 5 5 5 2 2 4 6 10 
0 1 213 32 0 213 206 7 5 1 0 1 0 0 0 0 0 0 2 1 2 0.0625 6 8 0.0282 0.0376 1 1 4 6 0.6667 0.7500 1 0 0 0 0 0 1 0 0 1 0 0 2 0 4 0 4 0 4 7 8 9 11 
1 1 214 32 0 213 206 7 5 0 1 1 0 0 0 0 0 0 2 1 10 0.3125 12 11 0.0563 0.0516 1 1 2 1 0.1667 0.0909 1 0 0 1 0 0 1 1 0 0 0 0 1 1 1 5 3 2 1 1 1 2 3 

0 2 214 32 1 214 207 7 5 1 0 1 0 0 0 0 0 0 2 2 19 0.5938 23 6 0.1075 0.0280 1 0 4 -13.0000 0.1739 -2.1667 1 0 0 0 0 0 1 0 0 1 0 0 2 2 4 3 6 4 3 5 8 12 16 
0 2 214 32 1 214 207 7 5 1 0 1 0 0 0 0 0 0 1 1 7 0.2188 9 6 0.0421 0.0280 1 0 2 -1.0000 0.2222 -0.1667 1 0 0 0 0 0 1 0 0 0 0 1 2 3 4 4 8 10 4 6 7 12 11 
1 2 215 32 1 214 207 7 5 1 0 1 0 0 0 0 0 0 2 1 2 0.0625 6 8 0.0280 0.0374 1 1 4 6 0.6667 0.7500 1 0 0 0 0 0 1 0 0 1 0 0 2 0 4 0 4 0 4 7 8 9 11 
1 2 215 32 1 214 207 7 5 1 0 1 0 0 1 1 0.5000 0.5000 2 1 10 0.3125 13 11 0.0607 0.0514 1 1 3 1 0.2308 0.0909 1 0 0 1 0 0 1 1 0 0 0 0 2 2 3 6 5 5 2 3 4 6 6 
0 2 214 32 1 214 207 7 5 1 0 0 1 0 1 0 0 0 2 2 8 0.2500 13 23 0.0607 0.1075 1 1 5 15 0.3846 0.6522 1 0 0 1 0 0 1 1 0 0 0 1 2 0 4 6 4 6 2 2 4 6 10 

0 3 215 32 2 215 208 7 5 1 0 1 0 0 1 2 1 1 2 2 19 0.5938 23 6 0.1070 0.0279 1 0 4 -13.0000 0.1739 -2.1667 1 0 0 0 0 0 1 0 1 0 0 0 2 2 4 3 6 4 3 5 8 12 16 
0 3 215 32 2 215 208 7 5 1 0 1 0 0 1 1 1 1 1 1 7 0.2188 9 6 0.0419 0.0279 1 0 2 -1.0000 0.2222 -0.1667 1 0 0 0 0 0 1 0 0 0 0 1 2 3 4 4 8 10 4 6 7 12 11 
1 3 216 32 2 215 208 7 5 1 0 1 0 0 1 1 0.5000 0.5000 2 1 10 0.3125 13 11 0.0605 0.0512 1 1 3 1 0.2308 0.0909 1 0 0 1 0 0 1 1 0 0 0 0 2 2 3 6 5 5 2 3 4 6 6 
0 3 215 32 2 215 208 7 5 0 1 1 0 0 1 2 0 1 1 2 3 0.0938 9 6 0.0419 0.0279 1 1 6 3 0.6667 0.5000 1 0 0 0 0 0 1 0 1 0 0 0 1 0 1 0 1 5 2 4 6 7 11 
0 3 215 32 2 215 208 7 5 1 0 0 1 0 1 1 0 0 2 2 8 0.2500 13 23 0.0605 0.1070 1 1 5 15 0.3846 0.6522 1 0 0 1 0 0 1 1 0 0 0 1 2 0 4 6 4 6 2 2 4 6 10 

0 4 215 32 5 215 211 4 6 1 0 1 0 0 1 1 1 1 2 1 8 0.2500 10 6 0.0465 0.0279 1 0 2 -2.0000 0.2000 -0.3333 1 0 1 0 0 1 1 1 0 0 0 1 2 2 6 5 8 14 4 6 7 12 11 
0 4 215 32 5 215 211 4 6 1 0 1 0 0 1 3 1 1 2 2 20 0.6250 24 7 0.1116 0.0326 1 0 4 -13.0000 0.1667 -1.8571 1 0 0 0 0 0 1 0 0 1 0 0 2 2 4 4 5 5 3 5 8 12 16 
1 4 216 32 5 215 211 4 6 0 1 1 0 0 2 2 0.5000 1.5000 2 1 11 0.3438 13 12 0.0605 0.0558 1 1 2 1 0.1538 0.0833 1 0 0 0 1 0 1 1 0 0 0 1 1 1 1 1 6 4 1 1 1 2 3 
0 4 215 32 5 215 211 4 6 1 0 0 1 0 1 0 0 0 2 1 7 0.2188 10 33 0.0465 0.1535 1 1 3 26 0.3000 0.7879 1 0 1 0 0 1 1 1 0 0 1 1 2 2 5 5 4 15 4 7 9 8 12 
0 4 215 32 5 215 211 4 6 0 1 0 1 0 3 2 0 2 2 1 3 0.0938 7 8 0.0326 0.0372 1 1 4 5 0.5714 0.6250 1 0 0 0 0 0 1 0 0 0 0 0 1 0 1 0 1 0 2 4 4 5 9 
0 4 215 32 5 215 211 4 6 1 0 0 0 1 2 1 0 0 2 2 8 0.2500 13 24 0.0605 0.1116 1 1 5 16 0.3846 0.6667 1 0 0 0 1 2 1 1 0 0 1 1 2 0 4 5 5 8 2 2 4 6 10 

0 5 216 32 5 216 213 3 4 1 0 1 0 0 1 4 1 1 2 2 20 0.6250 24 7 0.1111 0.0324 1 0 4 -13.0000 0.1667 -1.8571 1 0 0 0 0 0 1 0 0 1 0 0 2 2 4 4 5 5 3 5 8 12 16 
1 5 217 32 5 216 213 3 4 0 1 1 0 0 3 3 0.5000 2.5000 2 1 11 0.3438 13 12 0.0602 0.0556 1 1 2 1 0.1538 0.0833 1 0 0 0 1 0 1 1 0 0 0 0 1 1 1 1 6 4 1 1 1 2 3 
0 5 216 32 5 216 213 3 4 0 1 0 1 0 4 3 0 3 2 1 3 0.0938 7 8 0.0324 0.0370 1 1 4 5 0.5714 0.6250 1 0 0 0 0 0 1 0 0 0 0 0 1 0 1 0 1 0 2 4 4 5 9 
0 5 216 32 5 216 213 3 4 1 0 0 0 1 3 1 0 0 2 2 8 0.2500 13 24 0.0602 0.1111 1 1 5 16 0.3846 0.6667 1 0 0 0 1 0 1 1 0 0 0 0 2 0 4 5 5 6 2 2 4 6 10 

1 6 217 32 9 216 214 2 2 1 0 1 0 0 5 4 2.5000 2.5000 2 1 11 0.3438 13 13 0.0602 0.0602 1 1 2 2 0.1538 0.1538 1 0 0 0 1 0 1 0 1 0 0 0 2 0 5 2 4 8 3 4 5 4 5 
0 6 216 32 9 216 214 2 2 0 1 0 1 0 5 3 0 1 2 1 9 0.2812 13 25 0.0602 0.1157 1 1 4 16 0.3077 0.6400 1 0 0 0 0 0 1 0 0 0 0 0 1 1 1 2 2 4 1 2 3 6 8 

1 7 217 32 11 216 215 1 2 1 0 1 0 0 6 4 2.5000 2.5000 2 1 11 0.3438 13 13 0.0602 0.0602 1 1 2 2 0.1538 0.1538 1 0 0 0 1 0 1 0 1 0 0 0 2 0 5 2 9 3 3 4 5 4 5 
0 7 216 32 11 216 215 1 2 1 0 0 1 0 6 5 1.5000 1.5000 2 1 9 0.2812 13 26 0.0602 0.1204 1 1 4 17 0.3077 0.6538 1 0 0 0 1 0 1 0 1 0 0 0 2 1 5 1 9 3 2 2 4 6 10 

0 8 216 32 5 216 211 5 6 1 0 1 0 0 8 8 4 4 2 2 20 0.6250 24 6 0.1111 0.0278 1 0 4 -14.0000 0.1667 -2.3333 1 0 0 0 0 0 1 0 1 0 0 0 2 2 4 4 5 5 3 5 8 12 16 
0 8 216 32 5 216 211 5 6 1 0 1 0 0 3 3 3 3 2 1 8 0.2500 10 6 0.0463 0.0278 1 0 2 -2.0000 0.2000 -0.3333 1 0 1 0 0 1 1 1 0 0 0 1 2 2 6 5 8 14 4 6 7 12 11 
0 8 216 32 5 216 211 5 6 0 1 1 0 0 4 8 0 3.5000 1 2 3 0.0938 9 6 0.0417 0.0278 1 1 6 3 0.6667 0.5000 1 0 0 0 0 0 1 0 1 0 0 0 1 0 1 0 1 5 2 4 6 7 11 
1 8 217 32 5 216 211 5 6 0 1 1 0 0 8 5 3 3.5000 2 1 11 0.3438 13 12 0.0602 0.0556 1 1 2 1 0.1538 0.0833 1 0 0 0 1 0 1 1 0 0 0 1 1 1 1 1 6 4 1 1 1 2 3 
0 8 216 32 5 216 211 5 6 1 0 0 1 0 3 0 0 0 2 1 7 0.2188 10 33 0.0463 0.1528 1 1 3 26 0.3000 0.7879 1 0 1 0 0 1 1 1 0 0 1 1 2 2 5 5 4 15 4 7 9 8 12 
0 8 216 32 5 216 211 5 6 1 0 0 0 1 8 8 1.5000 1.5000 2 2 8 0.2500 13 24 0.0602 0.1111 1 1 5 16 0.3846 0.6667 1 0 0 0 1 2 1 1 0 0 1 1 2 0 4 5 5 8 2 2 4 6 10 

1 9 218 32 9 217 215 2 2 1 0 1 0 0 12 8 4.5000 4.5000 2 1 11 0.3438 13 13 0.0599 0.0599 1 1 2 2 0.1538 0.1538 1 0 0 0 1 0 1 0 1 0 0 0 2 0 5 2 4 8 3 4 5 4 5 
0 9 217 32 9 217 215 2 2 0 1 0 1 0 12 10 0 2.5000 2 1 9 0.2812 13 25 0.0599 0.1152 1 1 4 16 0.3077 0.6400 1 0 0 0 0 0 1 0 0 0 0 0 1 1 1 2 2 4 1 2 3 6 8 

1 10 218 32 11 217 216 1 2 1 0 1 0 0 13 8 4.5000 4.5000 2 1 11 0.3438 13 13 0.0599 0.0599 1 1 2 2 0.1538 0.1538 1 0 0 0 1 0 1 0 1 0 0 0 2 0 5 2 9 3 3 4 5 4 5 
0 10 217 32 11 217 216 1 2 1 0 0 1 0 13 12 3 3 2 1 9 0.2812 13 26 0.0599 0.1198 1 1 4 17 0.3077 0.6538 1 0 0 0 1 0 1 0 1 0 0 0 2 1 5 1 9 3 2 2 4 6 10 

1 11 218 32 10 217 215 2 2 0 1 1 0 0 15 9 6.5000 5.5000 2 1 12 0.3750 14 13 0.0645 0.0599 1 1 2 1 0.1429 0.0769 1 0 0 0 1 0 1 1 0 0 0 0 1 1 1 1 1 7 1 1 1 2 3 
0 11 217 32 10 217 215 2 2 0 1 0 0 1 15 15 0 3 2 1 9 0.2812 14 25 0.0645 0.1152 1 1 5 16 0.3571 0.6400 1 0 0 0 0 0 1 0 0 0 0 0 1 1 1 2 2 4 1 2 3 6 8 

1 12 217 32 16 216 216 0 2 1 0 0 1 0 17 12 8 8 2 1 24 0.7500 28 7 0.1296 0.0324 1 0 4 -17.0000 0.1429 -2.4286 1 0 0 0 0 0 1 0 0 0 0 0 2 2 4 3 6 4 3 5 8 12 16 
0 12 216 32 16 216 216 0 2 1 0 0 1 0 17 16 6.5000 6.5000 2 1 10 0.3125 28 12 0.1296 0.0556 1 1 18 2 0.6429 0.1667 1 0 0 0 0 0 1 0 0 0 0 0 2 3 4 3 5 5 3 4 5 4 5 

1 13 218 32 8 217 215 2 2 1 0 1 0 0 17 10 6.5000 6.5000 2 1 11 0.3438 13 13 0.0599 0.0599 1 1 2 2 0.1538 0.1538 1 0 0 0 1 0 1 0 1 0 0 0 2 0 5 2 4 8 3 4 5 4 5 
0 13 217 32 8 217 215 2 2 0 1 0 1 0 17 20 0 4 2 1 9 0.2812 13 25 0.0599 0.1152 1 1 4 16 0.3077 0.6400 1 0 0 0 0 0 1 0 0 0 0 0 1 1 1 2 2 5 1 2 3 6 8 

1 14 218 32 10 217 216 1 2 1 0 1 0 0 18 10 6.5000 6.5000 2 1 11 0.3438 13 13 0.0599 0.0599 1 1 2 2 0.1538 0.1538 1 0 0 0 1 0 1 0 1 0 0 0 2 0 5 2 9 3 3 4 5 4 5 
0 14 217 32 10 217 216 1 2 1 0 0 1 0 18 22 4.5000 4.5000 2 1 9 0.2812 13 26 0.0599 0.1198 1 1 4 17 0.3077 0.6538 1 0 0 0 1 0 1 0 1 0 0 0 2 1 5 1 9 3 2 2 4 6 10 

1 15 218 32 9 217 215 2 3 0 1 1 0 0 20 11 8 7.5000 2 1 12 0.3750 14 13 0.0645 0.0599 1 1 2 1 0.1429 0.0769 1 0 0 0 1 0 1 1 0 0 0 0 1 1 1 1 1 7 1 1 1 2 3 
0 15 217 32 9 217 215 2 3 0 1 0 1 0 18 5 1 4 1 1 3 0.0938 7 8 0.0323 0.0369 1 1 4 5 0.5714 0.6250 1 0 0 0 0 0 1 0 0 0 0 0 1 0 1 0 1 0 2 4 4 5 9 
0 15 217 32 9 217 215 2 3 0 1 0 0 1 20 26 0 4.5000 2 1 9 0.2812 14 25 0.0645 0.1152 1 1 5 16 0.3571 0.6400 1 0 0 0 0 0 1 0 0 0 0 0 1 1 1 2 2 4 1 2 3 6 8 

0 16 217 32 5 217 213 4 4 1 0 1 0 0 27 19 14 14 2 2 20 0.6250 24 6 0.1106 0.0276 1 0 4 -14.0000 0.1667 -2.3333 1 0 0 0 0 0 1 0 1 0 0 0 2 2 4 4 5 5 3 5 8 12 16 
0 16 217 32 5 217 213 4 4 0 1 1 0 0 5 19 0 4 1 2 3 0.0938 9 6 0.0415 0.0276 1 1 6 3 0.6667 0.5000 1 0 0 0 0 0 1 0 1 0 0 0 1 0 1 0 1 7 2 4 6 7 11 
1 16 218 32 5 217 213 4 4 0 1 1 0 0 24 15 10 9.5000 2 1 11 0.3438 13 12 0.0599 0.0553 1 1 2 1 0.1538 0.0833 1 0 0 0 1 0 1 1 0 0 0 0 1 1 1 1 6 4 1 1 1 2 3 
0 16 217 32 5 217 213 4 4 1 0 0 0 1 24 27 4.5000 4.5000 2 2 8 0.2500 13 24 0.0599 0.1106 1 1 5 16 0.3846 0.6667 1 0 0 0 1 0 1 1 0 0 0 0 2 0 4 5 5 6 2 2 4 6 10 

1 17 218 32 9 217 215 2 2 1 0 1 0 0 25 15 9.5000 9.5000 2 1 11 0.3438 13 13 0.0599 0.0599 1 1 2 2 0.1538 0.1538 1 0 0 0 1 0 1 0 1 0 0 0 2 0 5 2 4 8 3 4 5 4 5 
0 17 217 32 9 217 215 2 2 0 1 0 1 0 25 30 0 5.5000 2 1 9 0.2812 13 25 0.0599 0.1152 1 1 4 16 0.3077 0.6400 1 0 0 0 0 0 1 0 0 0 0 0 1 1 1 2 2 4 1 2 3 6 8 

1 18 218 32 11 217 216 1 2 1 0 1 0 0 26 15 9.5000 9.5000 2 1 11 0.3438 13 13 0.0599 0.0599 1 1 2 2 0.1538 0.1538 1 0 0 0 1 0 1 0 1 0 0 0 2 0 5 2 9 3 3 4 5 4 5 
0 18 217 32 11 217 216 1 2 1 0 0 1 0 26 32 6 6 2 1 9 0.2812 13 26 0.0599 0.1198 1 1 4 17 0.3077 0.6538 1 0 0 0 1 0 1 0 1 0 0 0 2 1 5 1 9 3 2 2 4 6 10 

1 19 218 32 6 217 212 5 6 1 0 1 0 0 35 24 18 18 2 2 20 0.6250 24 6 0.1106 0.0276 1 0 4 -14.0000 0.1667 -2.3333 1 0 0 0 0 0 1 0 1 0 0 0 2 2 4 4 5 5 3 5 8 12 16 
0 19 217 32 6 217 212 5 6 1 0 1 0 0 6 6 6 6 2 1 8 0.2500 10 6 0.0461 0.0276 1 0 2 -2.0000 0.2000 -0.3333 1 0 1 0 0 1 1 1 0 0 1 0 2 2 6 5 10 11 4 6 7 12 11 
0 19 217 32 6 217 212 5 6 0 1 1 0 0 6 24 0.5000 4.5000 1 2 3 0.0938 9 6 0.0415 0.0276 1 1 6 3 0.6667 0.5000 1 0 0 0 0 0 1 0 1 0 0 0 1 0 1 0 1 5 2 4 6 7 11 
1 19 218 32 6 217 212 5 6 1 0 1 0 0 28 16 12 12 2 1 11 0.3438 14 12 0.0645 0.0553 1 1 3 1 0.2143 0.0833 1 0 0 1 0 0 1 1 0 0 0 1 2 2 3 3 7 7 2 3 4 6 6 
0 19 217 32 6 217 212 5 6 1 0 0 1 0 6 0 0 0 2 1 7 0.2188 10 33 0.0461 0.1521 1 1 3 26 0.3000 0.7879 1 0 1 0 0 1 1 1 0 1 0 1 2 2 6 3 6 13 4 7 9 8 12 
0 19 217 32 6 217 212 5 6 0 1 0 0 1 28 35 0 6 2 2 9 0.2812 14 24 0.0645 0.1106 1 1 5 15 0.3571 0.6250 1 0 0 0 0 2 1 0 0 1 1 0 1 1 1 2 2 7 1 2 3 6 8 

1 20 218 32 9 217 215 2 3 0 1 1 0 0 30 18 12.5000 11.5000 2 1 12 0.3750 14 13 0.0645 0.0599 1 1 2 1 0.1429 0.0769 1 0 0 0 1 0 1 1 0 0 0 0 1 1 1 1 1 7 1 1 1 2 3 
0 20 217 32 9 217 215 2 3 0 1 0 1 0 26 7 1 5 1 1 3 0.0938 7 8 0.0323 0.0369 1 1 4 5 0.5714 0.6250 1 0 0 0 0 0 1 0 0 0 0 0 1 0 1 0 1 0 2 4 4 5 9 
0 20 217 32 9 217 215 2 3 0 1 0 0 1 30 36 0 6 2 1 9 0.2812 14 25 0.0645 0.1152 1 1 5 16 0.3571 0.6400 1 0 0 0 0 0 1 0 0 0 0 0 1 1 1 2 2 4 1 2 3 6 8 

1 21 219 32 8 218 216 2 2 1 0 1 0 0 33 18 11.5000 11.5000 2 1 11 0.3438 13 13 0.0596 0.0596 1 1 2 2 0.1538 0.1538 1 0 0 0 1 0 1 0 1 0 0 0 2 0 5 2 4 8 3 4 5 4 5 
0 21 218 32 8 218 216 2 2 0 1 0 1 0 33 39 0.5000 8.5000 2 1 9 0.2812 13 25 0.0596 0.1147 1 1 4 16 0.3077 0.6400 1 0 0 0 0 0 1 0 0 0 0 0 1 1 1 2 2 5 1 2 3 6 8 

1 22 219 32 10 218 217 1 2 1 0 1 0 0 34 18 11.5000 11.5000 2 1 11 0.3438 13 13 0.0596 0.0596 1 1 2 2 0.1538 0.1538 1 0 0 0 1 0 1 0 1 0 0 0 2 0 5 2 9 3 3 4 5 4 5 
0 22 218 32 10 218 217 1 2 1 0 0 1 0 34 41 9 9 2 1 9 0.2812 13 26 0.0596 0.1193 1 1 4 17 0.3077 0.6538 1 0 0 0 1 0 1 0 1 0 0 0 2 1 5 1 9 3 2 2 4 6 10 

1 23 219 32 13 218 217 1 2 1 0 1 0 0 36 18 11.5000 11.5000 2 1 12 0.3750 14 14 0.0642 0.0642 1 1 2 2 0.1429 0.1429 1 0 0 0 1 0 1 0 1 0 0 0 2 0 4 4 3 9 3 4 5 4 5 
0 23 218 32 13 218 217 1 2 0 1 0 1 0 36 46 0.5000 10 2 1 10 0.3125 14 26 0.0642 0.1193 1 1 4 16 0.2857 0.6154 1 0 0 0 0 0 1 0 0 0 0 0 1 0 3 0 4 3 1 2 3 6 8 

