1 1 11119994 1 0 1 0 0 0 0 0 0 0 0 1 2 3 13 0.5000 16 12 28 4 1.3333 0 0 1 1 0.0578 0.0433 1 0 3 -1.0000 0.1875 -0.0833 1 0 0 0 0 0 1 0 0 1 0 0 2 2 7 1 6 8 2 3 4 6 6 1 1 1 0 1 0 1 0 1 0 3 
0 1 11119992 0 1 1 0 0 0 0 0 0 0 0 1 3 4 8 0.3077 21 21 42 0 1 0 0 1 1 0.0758 0.0758 1 1 13 13 0.6190 0.6190 1 0 0 1 0 0 1 1 0 1 0 0 1 0 1 4 1 1 2 5 6 8 7 1 1 1 1 1 1 1 1 1 1 2 
0 1 11119993 1 0 1 0 0 0 0 0 0 0 0 2 1 3 2 0.0769 12 9 21 3 1.3333 0 0 1 1 0.0433 0.0325 1 1 10 7 0.8333 0.7778 1 0 0 0 0 0 1 0 0 0 0 0 2 0 5 0 7 5 4 6 8 9 10 1 1 1 1 1 1 1 1 1 1 1 
0 1 11119993 1 0 1 0 0 0 0 0 0 0 0 1 2 3 8 0.3077 21 12 33 9 1.7500 0 0 1 1 0.0758 0.0433 1 1 13 4 0.6190 0.3333 1 0 0 0 0 0 1 0 0 1 0 0 2 0 7 5 7 4 3 4 7 9 11 3 1 2 1 1 1 1 1 1 1 1 
0 1 11119992 0 1 1 0 0 0 0 0 0 0 0 1 3 4 10 0.3846 14 21 35 7 1.5000 0 0 1 1 0.0505 0.0758 1 1 4 11 0.2857 0.5238 1 0 0 1 0 0 1 1 0 0 0 0 1 0 1 3 1 2 2 4 4 6 7 1 1 1 1 1 1 1 1 1 1 2 
0 1 11119993 0 1 0 1 0 0 0 0 0 0 0 1 3 4 12 0.4615 18 21 39 3 1.1667 0 0 1 1 0.0650 0.0758 1 1 6 9 0.3333 0.4286 1 0 0 0 0 0 1 0 0 0 0 0 1 0 1 0 1 0 1 2 3 5 3 2 1 3 1 3 1 4 1 5 2 0 
0 1 11119992 0 1 0 0 1 0 0 0 0 0 0 2 1 3 9 0.3462 12 16 28 4 1.3333 0 0 1 1 0.0433 0.0578 1 1 3 7 0.2500 0.4375 1 0 0 0 0 0 1 0 0 0 0 0 1 0 3 3 4 4 3 5 7 10 12 2 2 2 2 2 2 1 2 1 2 0 
0 1 11119992 1 0 0 0 1 0 0 0 0 0 0 1 1 2 5 0.1923 23 14 37 9 1.6429 0 0 1 1 0.0830 0.0505 1 1 18 9 0.7826 0.6429 1 0 0 0 0 0 1 0 0 1 0 0 2 0 6 0 6 0 3 5 8 12 13 2 1 3 2 3 2 2 2 2 2 0 

0 2 11119994 0 1 1 0 0 0 0 0 0 0 0 1 3 4 8 0.3077 21 21 42 0 1 0 0 1 1 0.0758 0.0758 1 1 13 13 0.6190 0.6190 1 0 0 1 0 0 1 1 0 1 0 0 1 0 1 4 1 1 2 5 6 8 7 1 1 1 1 1 1 1 1 1 1 2 
1 2 11119995 1 0 1 0 0 0 0 0 0 0 0 2 1 3 2 0.0769 12 9 21 3 1.3333 0 0 1 1 0.0433 0.0325 1 1 10 7 0.8333 0.7778 1 0 0 0 0 0 1 0 0 0 0 0 2 0 5 0 7 5 4 6 8 9 10 1 1 1 1 1 1 1 1 1 1 1 
0 2 11119994 0 1 1 0 0 0 0 0 0 0 0 1 3 4 10 0.3846 14 21 35 7 1.5000 0 0 1 1 0.0505 0.0758 1 1 4 11 0.2857 0.5238 1 0 0 1 0 0 1 1 0 0 0 0 1 0 1 3 1 2 2 4 4 6 7 1 1 1 1 1 1 1 1 1 1 2 
1 2 11119995 0 1 0 1 0 0 0 0 0 0 0 1 3 4 12 0.4615 18 21 39 3 1.1667 0 0 1 1 0.0650 0.0758 1 1 6 9 0.3333 0.4286 1 0 0 0 0 0 1 0 0 0 0 0 1 0 1 0 1 0 1 2 3 5 3 2 1 3 1 3 1 4 1 5 2 0 
0 2 11119994 0 1 0 0 1 0 0 0 0 0 0 2 1 3 9 0.3462 12 16 28 4 1.3333 0 0 1 1 0.0433 0.0578 1 1 3 7 0.2500 0.4375 1 0 0 0 0 0 1 0 0 0 0 0 1 0 3 3 4 4 3 5 7 10 12 2 2 2 2 2 2 1 2 1 2 0 
0 2 11119994 1 0 0 0 1 0 0 0 0 0 0 1 1 2 5 0.1923 23 14 37 9 1.6429 0 0 1 1 0.0830 0.0505 1 1 18 9 0.7826 0.6429 1 0 0 0 0 0 1 0 0 1 0 0 2 0 6 0 6 0 3 5 8 12 13 2 1 3 2 3 2 2 2 2 2 0 

0 3 11119995 0 1 1 0 0 0 0 0 0 0 0 1 3 4 8 0.3077 21 21 42 0 1 0 0 1 1 0.0758 0.0758 1 1 13 13 0.6190 0.6190 1 0 0 1 0 0 1 1 0 1 0 0 1 0 1 4 1 1 2 5 6 8 7 1 1 1 1 1 1 1 1 1 1 2 
0 3 11119995 0 1 1 0 0 0 0 0 0 0 0 1 3 4 10 0.3846 14 21 35 7 1.5000 0 0 1 1 0.0505 0.0758 1 1 4 11 0.2857 0.5238 1 0 0 1 0 0 1 1 0 0 0 0 1 0 1 3 1 2 2 4 4 6 7 1 1 1 1 1 1 1 1 1 1 2 
1 3 11119996 0 1 0 1 0 0 0 0 0 0 0 1 3 4 12 0.4615 18 21 39 3 1.1667 0 0 1 1 0.0650 0.0758 1 1 6 9 0.3333 0.4286 1 0 0 0 0 0 1 0 0 0 0 0 1 0 1 0 1 0 1 2 3 5 3 2 1 3 1 3 1 4 1 5 2 0 
1 3 11119996 0 1 0 0 1 1 0 1 0 0 0 1 1 2 9 0.3462 12 16 28 4 1.3333 0 0 1 1 0.0433 0.0578 1 1 3 7 0.2500 0.4375 1 0 0 0 0 0 1 0 0 0 0 0 1 0 4 1 5 3 3 5 7 10 12 2 2 2 2 2 2 1 2 1 2 0 
0 3 11119995 1 0 0 0 1 0 0 0 0 0 0 1 1 2 5 0.1923 23 14 37 9 1.6429 0 0 1 1 0.0830 0.0505 1 1 18 9 0.7826 0.6429 1 0 0 0 0 0 1 0 0 1 0 0 2 0 6 0 6 0 3 5 8 12 13 2 1 3 2 3 2 2 2 2 2 0 

0 4 11119996 0 1 1 0 0 0 1 1 0 0 0 1 2 3 8 0.3077 21 21 42 0 1 0 0 1 1 0.0758 0.0758 1 1 13 13 0.6190 0.6190 1 0 0 1 0 0 1 1 0 0 0 0 1 0 1 4 1 1 2 5 6 8 7 1 1 1 1 1 1 1 1 1 1 2 
0 4 11119996 0 1 1 0 0 0 1 1 0 0 0 1 2 3 10 0.3846 14 21 35 7 1.5000 0 0 1 1 0.0505 0.0758 1 1 4 11 0.2857 0.5238 1 0 0 0 0 0 1 0 0 0 0 0 1 0 1 0 1 0 2 4 4 6 7 1 1 1 1 1 1 1 1 1 1 2 
1 4 11119997 0 1 0 0 1 1 0 1 0 0 0 1 1 2 9 0.3462 12 16 28 4 1.3333 0 0 1 1 0.0433 0.0578 1 1 3 7 0.2500 0.4375 1 0 0 0 0 0 1 0 0 0 0 0 1 0 4 1 5 3 3 5 7 10 12 2 2 2 2 2 2 1 2 1 2 0 
0 4 11119996 1 0 0 0 1 0 0 0 0 0 0 1 1 2 5 0.1923 23 14 37 9 1.6429 0 0 1 1 0.0830 0.0505 1 1 18 9 0.7826 0.6429 1 0 0 0 0 0 1 0 0 1 0 0 2 0 6 0 6 0 3 5 8 12 13 2 1 3 2 3 2 2 2 2 2 0 

1 5 11199998 1 0 1 0 0 2 1 3 0.5000 0.5000 1 2 1 3 8 0.3077 22 21 43 1 1.0476 1 0 1.0476 1 0.0791 0.0755 1 1 14 13 0.6364 0.6190 1 0 0 0 1 0 1 0 1 0 0 0 2 1 3 1 8 7 3 5 9 11 13 1 3 1 2 1 1 1 1 1 1 1 
0 5 11159998 1 0 1 0 0 2 0 2 0 0 0 2 1 3 10 0.3846 22 14 36 8 1.5714 1 0 1.0476 1 0.0791 0.0504 1 1 12 4 0.5455 0.2857 1 0 0 0 1 0 1 0 1 0 0 0 2 0 4 0 9 1 3 5 9 9 11 1 1 1 1 1 1 1 1 1 1 2 
0 5 11159997 1 0 0 0 1 0 0 0 0 0 0 1 1 2 5 0.1923 23 14 37 9 1.6429 0 0 1 1 0.0827 0.0504 1 1 18 9 0.7826 0.6429 1 0 0 0 0 0 1 0 0 0 0 0 2 0 6 0 6 0 3 5 8 12 13 2 1 3 2 3 2 2 2 2 2 0 

0 6 11159997 0 1 1 0 0 0 2 2 0 0 0 1 2 3 10 0.3846 14 21 35 7 1.5000 0 0 1 1 0.0504 0.0755 1 1 4 11 0.2857 0.5238 1 0 0 0 0 0 1 0 0 0 0 0 1 0 1 0 1 0 2 4 4 6 7 1 1 1 1 1 1 1 1 1 1 2 
1 6 11159998 1 0 1 0 0 1 2 3 0.5000 0.5000 1 1 2 3 8 0.3077 22 21 43 1 1.0476 1 0 1.0476 1 0.0791 0.0755 1 1 14 13 0.6364 0.6190 1 0 0 1 0 0 1 1 0 0 0 0 2 1 3 5 3 3 3 6 8 12 11 2 1 2 1 1 1 1 1 1 1 1 
0 6 11159997 1 0 0 0 1 0 0 0 0 0 0 1 1 2 5 0.1923 23 14 37 9 1.6429 0 0 1 1 0.0827 0.0504 1 1 18 9 0.7826 0.6429 1 0 0 0 0 0 1 0 0 0 0 0 2 0 6 0 6 0 3 5 8 12 13 2 1 3 2 3 2 2 2 2 2 0 

0 7 11159996 0 1 1 0 0 1 2 3 0.5000 0.5000 1 1 2 3 8 0.3077 21 21 42 0 1 0 0 1 1 0.0755 0.0755 1 1 13 13 0.6190 0.6190 1 0 0 1 0 0 1 1 0 0 0 0 1 0 1 4 1 1 2 5 6 8 7 1 1 1 1 1 1 1 1 1 1 2 
0 7 11159996 0 1 1 0 0 0 2 2 0 0 0 1 2 3 10 0.3846 14 21 35 7 1.5000 0 0 1 1 0.0504 0.0755 1 1 4 11 0.2857 0.5238 1 0 0 0 0 0 1 0 0 0 0 0 1 0 1 0 1 0 2 4 4 6 7 1 1 1 1 1 1 1 1 1 1 2 
0 7 11159996 1 0 1 0 0 1 1 2 0 0 0 1 1 2 9 0.3462 16 10 26 6 1.6000 0 1 1 1.1111 0.0576 0.0360 1 1 7 1 0.4375 0.1000 1 0 0 0 0 0 1 0 0 0 1 0 2 2 4 3 9 3 3 6 9 10 9 1 2 1 2 1 1 0 1 0 1 1 
1 7 11159997 1 0 0 0 1 0 0 0 0 0 0 1 1 2 5 0.1923 23 14 37 9 1.6429 0 0 1 1 0.0827 0.0504 1 1 18 9 0.7826 0.6429 1 0 0 0 0 0 1 0 0 0 1 0 2 0 4 0 8 0 3 5 8 12 13 2 1 3 2 3 2 2 2 2 2 0 

1 8 11159995 0 1 0 1 0 2 1 3 0.5000 0.5000 1 3 1 4 8 0.3077 22 21 43 1 1.0476 1 0 1.0476 1 0.0794 0.0758 1 1 14 13 0.6364 0.6190 1 0 0 0 0 0 1 0 0 0 0 0 1 0 1 0 1 6 2 4 7 8 9 1 3 1 2 1 2 1 2 1 2 1 
0 8 11119995 0 1 0 1 0 2 0 2 0 0 0 3 1 4 10 0.3846 22 14 36 8 1.5714 1 0 1.0476 1 0.0794 0.0505 1 1 12 4 0.5455 0.2857 1 0 0 1 0 0 1 1 0 0 1 0 1 0 1 0 6 1 2 4 8 9 10 1 2 1 2 1 2 1 2 1 1 1 
0 8 11119997 1 0 0 1 0 2 1 3 0.5000 0.5000 1 3 1 4 12 0.4615 22 18 40 4 1.2222 1 0 1.0476 1 0.0794 0.0650 1 1 10 6 0.4545 0.3333 1 0 0 1 0 0 1 1 0 1 0 0 2 1 3 1 8 1 3 4 6 9 14 2 2 3 2 3 1 4 1 5 1 0 
0 8 11119996 0 1 0 0 1 2 1 3 0.5000 0.5000 1 1 1 2 9 0.3462 12 16 28 4 1.3333 0 0 1 1 0.0433 0.0578 1 1 3 7 0.2500 0.4375 1 0 0 0 0 0 1 0 0 0 0 0 1 0 4 1 5 3 3 5 7 10 12 2 2 2 2 2 2 1 2 1 2 0 
0 8 11119995 1 0 0 0 1 0 0 0 0 0 0 1 1 2 5 0.1923 23 14 37 9 1.6429 0 0 1 1 0.0830 0.0505 1 1 18 9 0.7826 0.6429 1 0 0 0 0 0 1 0 0 1 0 0 2 0 6 0 6 0 3 5 8 12 13 2 1 3 2 3 2 2 2 2 2 0 

0 9 11159995 0 1 0 1 0 3 0 3 0 0 0 3 1 4 10 0.3846 22 14 36 8 1.5714 1 0 1.0476 1 0.0791 0.0504 1 1 12 4 0.5455 0.2857 1 0 0 1 0 0 1 1 0 0 1 0 1 0 1 3 3 2 2 4 8 9 10 1 2 1 2 1 2 1 2 1 1 1 
1 9 11159997 1 0 0 1 0 3 1 4 0.5000 0.5000 1 3 1 4 12 0.4615 22 18 40 4 1.2222 1 0 1.0476 1 0.0791 0.0647 1 1 10 6 0.4545 0.3333 1 0 0 1 0 0 1 1 0 1 0 0 2 1 3 1 8 1 3 4 6 9 14 2 2 3 2 3 1 4 1 5 1 0 
0 9 11159996 1 0 0 1 0 2 3 5 1 1 2 1 3 4 8 0.3077 22 22 44 0 1 1 1 1.0476 1.0476 0.0791 0.0791 1 1 14 14 0.6364 0.6364 1 0 0 1 0 0 1 1 0 1 0 0 2 1 3 5 3 3 3 6 8 12 11 2 3 2 2 1 2 1 2 1 2 1 
0 9 11159996 0 1 0 0 1 2 1 3 0.5000 0.5000 1 1 1 2 9 0.3462 12 16 28 4 1.3333 0 0 1 1 0.0432 0.0576 1 1 3 7 0.2500 0.4375 1 0 0 0 0 0 1 0 0 0 0 0 1 0 4 1 5 3 3 5 7 10 12 2 2 2 2 2 2 1 2 1 2 0 
0 9 11159995 1 0 0 0 1 0 0 0 0 0 0 1 1 2 5 0.1923 23 14 37 9 1.6429 0 0 1 1 0.0827 0.0504 1 1 18 9 0.7826 0.6429 1 0 0 0 0 0 1 0 0 1 0 0 2 0 6 0 6 0 3 5 8 12 13 2 1 3 2 3 2 2 2 2 2 0 

1 10 11199997 1 0 1 0 0 3 2 5 1 1 2 3 1 4 8 0.3077 22 21 43 1 1.0476 1 0 1.0476 1 0.0791 0.0755 1 1 14 13 0.6364 0.6190 1 0 0 0 1 0 1 0 1 0 1 0 2 0 4 0 9 6 3 5 9 11 13 1 3 1 2 1 1 1 1 1 1 1 
0 10 11159997 1 0 1 0 0 3 0 3 0 0 0 3 1 4 10 0.3846 22 14 36 8 1.5714 1 0 1.0476 1 0.0791 0.0504 1 1 12 4 0.5455 0.2857 1 0 0 0 2 0 1 0 2 0 0 0 2 0 4 0 12 0 3 5 9 9 11 1 1 1 1 1 1 1 1 1 1 2 
0 10 11159997 1 0 0 1 0 3 1 4 0.5000 0.5000 1 3 1 4 12 0.4615 22 18 40 4 1.2222 1 0 1.0476 1 0.0791 0.0647 1 1 10 6 0.4545 0.3333 1 0 0 0 1 0 1 0 1 0 1 0 2 0 4 0 9 0 3 4 6 9 14 2 1 3 1 3 1 4 1 5 1 0 
0 10 11159996 0 1 0 0 1 2 1 3 0.5000 0.5000 1 1 1 2 9 0.3462 12 16 28 4 1.3333 0 0 1 1 0.0432 0.0576 1 1 3 7 0.2500 0.4375 1 0 0 0 0 0 1 0 0 0 0 0 1 0 4 1 5 3 3 5 7 10 12 2 2 2 2 2 2 1 2 1 2 0 
0 10 11159995 1 0 0 0 1 0 0 0 0 0 0 1 1 2 5 0.1923 23 14 37 9 1.6429 0 0 1 1 0.0827 0.0504 1 1 18 9 0.7826 0.6429 1 0 0 0 0 0 1 0 0 1 0 0 2 0 6 0 6 0 3 5 8 12 13 2 1 3 2 3 2 2 2 2 2 0 

0 11 11159994 0 1 1 0 0 2 3 5 1 1 2 1 3 4 8 0.3077 21 21 42 0 1 0 0 1 1 0.0755 0.0755 1 1 13 13 0.6190 0.6190 1 0 0 1 0 0 1 1 0 1 0 0 1 0 1 4 1 1 2 5 6 8 7 1 1 1 1 1 1 1 1 1 1 2 
0 11 11159994 0 1 1 0 0 0 3 3 0 0 0 1 3 4 10 0.3846 14 21 35 7 1.5000 0 0 1 1 0.0504 0.0755 1 1 4 11 0.2857 0.5238 1 0 0 1 0 0 1 1 0 0 0 0 1 0 1 3 1 2 2 4 4 6 7 1 1 1 1 1 1 1 1 1 1 2 
1 11 11159995 0 1 0 1 0 1 3 4 0.5000 0.5000 1 1 3 4 12 0.4615 18 21 39 3 1.1667 0 0 1 1 0.0647 0.0755 1 1 6 9 0.3333 0.4286 1 0 0 0 0 0 1 0 0 0 0 0 1 0 1 0 1 0 1 2 3 5 3 2 1 3 1 3 1 4 1 5 2 0 
1 11 11159995 1 0 0 1 0 2 1 3 0 0 0 2 1 3 9 0.3462 13 9 22 4 1.4444 1 0 1.0833 1 0.0468 0.0324 1 0 4 0 0.3077 0 1 0 0 0 1 0 1 0 1 0 1 0 2 2 6 2 10 2 3 6 9 10 9 2 1 2 1 2 0 2 0 1 0 0 
1 11 11159995 1 0 0 1 0 2 0 2 0 0 0 2 1 3 11 0.4231 13 23 36 10 1.7692 1 0 1.0833 1 0.0468 0.0827 1 1 2 12 0.1538 0.5217 1 0 0 0 1 0 1 0 2 0 0 0 2 0 5 3 11 3 4 7 9 11 10 2 2 2 2 1 2 1 2 0 2 1 
0 11 11159994 1 0 0 0 1 0 0 0 0 0 0 1 1 2 5 0.1923 23 14 37 9 1.6429 0 0 1 1 0.0827 0.0504 1 1 18 9 0.7826 0.6429 1 0 0 0 0 0 1 0 1 0 1 0 2 0 6 0 6 0 3 5 8 12 13 2 1 3 2 3 2 2 2 2 2 0 

0 12 11199992 0 1 1 0 0 2 3 5 1 1 2 1 3 4 8 0.3077 21 21 42 0 1 0 0 1 1 0.0753 0.0753 1 1 13 13 0.6190 0.6190 1 0 0 1 0 0 1 1 0 1 0 0 1 0 1 4 1 1 2 5 6 8 7 1 1 1 1 1 1 1 1 1 1 2 
0 12 11199993 1 0 1 0 0 2 1 3 1 1 2 2 1 3 2 0.0769 12 9 21 3 1.3333 0 0 1 1 0.0430 0.0323 1 1 10 7 0.8333 0.7778 1 0 0 0 0 0 1 0 0 0 0 0 2 0 5 0 7 5 4 6 8 9 10 1 1 1 1 1 1 1 1 1 1 1 
0 12 11199993 1 0 1 0 0 0 1 1 0 0 0 1 2 3 8 0.3077 21 12 33 9 1.7500 0 0 1 1 0.0753 0.0430 1 1 13 4 0.6190 0.3333 1 0 0 0 0 0 1 0 0 1 0 0 2 0 7 5 7 4 3 4 7 9 11 3 1 2 1 1 1 1 1 1 1 1 
0 12 11199992 0 1 1 0 0 0 3 3 0 0 0 1 3 4 10 0.3846 14 21 35 7 1.5000 0 0 1 1 0.0502 0.0753 1 1 4 11 0.2857 0.5238 1 0 0 1 0 0 1 1 0 0 0 0 1 0 1 3 1 2 2 4 4 6 7 1 1 1 1 1 1 1 1 1 1 2 
1 12 11199994 1 0 1 0 0 1 1 2 1 1 2 1 2 3 14 0.5385 17 12 29 5 1.4167 1 0 1.0625 1 0.0609 0.0430 1 0 3 -2.0000 0.1765 -0.1667 1 0 0 0 0 0 1 0 0 1 0 0 2 2 4 7 2 6 2 3 4 6 6 2 0 1 0 1 0 1 0 1 0 4 
0 12 11199993 0 1 0 1 0 1 3 4 0.5000 0.5000 1 1 3 4 12 0.4615 18 21 39 3 1.1667 0 0 1 1 0.0645 0.0753 1 1 6 9 0.3333 0.4286 1 0 0 0 0 0 1 0 0 0 0 0 1 0 1 0 1 0 1 2 3 5 3 2 1 3 1 3 1 4 1 5 2 0 
0 12 11199992 0 1 0 0 1 2 1 3 0.5000 0.5000 1 2 1 3 9 0.3462 12 16 28 4 1.3333 0 0 1 1 0.0430 0.0573 1 1 3 7 0.2500 0.4375 1 0 0 0 0 0 1 0 0 0 0 0 1 0 3 3 4 4 3 5 7 10 12 2 2 2 2 2 2 1 2 1 2 0 
0 12 11199992 1 0 0 0 1 0 0 0 0 0 0 1 1 2 5 0.1923 23 14 37 9 1.6429 0 0 1 1 0.0824 0.0502 1 1 18 9 0.7826 0.6429 1 0 0 0 0 0 1 0 0 1 0 0 2 0 6 0 6 0 3 5 8 12 13 2 1 3 2 3 2 2 2 2 2 0 

1 13 11199998 1 0 1 0 0 4 0 4 0 0 0 2 1 3 10 0.3846 22 14 36 8 1.5714 1 0 1.0476 1 0.0789 0.0502 1 1 12 4 0.5455 0.2857 1 0 1 0 0 0 1 1 0 0 0 0 2 0 4 3 6 2 3 5 9 9 11 1 1 1 1 1 1 1 1 1 1 2 
1 13 11199998 0 1 1 0 0 3 4 7 1 2 3 1 2 3 9 0.3462 22 22 44 0 1 1 1 1.0476 1.0476 0.0789 0.0789 1 1 13 13 0.5909 0.5909 1 0 1 0 0 0 1 1 0 0 0 0 1 0 4 0 2 0 2 5 6 8 7 2 2 1 1 1 1 1 1 1 1 1 
0 13 11199997 1 0 0 0 1 0 0 0 0 0 0 1 1 2 5 0.1923 23 14 37 9 1.6429 0 0 1 1 0.0824 0.0502 1 1 18 9 0.7826 0.6429 1 0 0 0 0 0 1 0 0 0 0 0 2 0 6 0 6 0 3 5 8 12 13 2 1 3 2 3 2 2 2 2 2 0 

1 14 11239998 0 1 1 0 0 5 4 9 2 2 4 2 1 3 9 0.3462 22 22 44 0 1 1 1 1.0476 1.0476 0.0789 0.0789 1 1 13 13 0.5909 0.5909 1 0 0 0 0 0 1 0 0 0 0 0 1 0 1 0 1 0 2 4 7 8 9 2 2 1 1 1 1 1 1 1 1 1 
0 14 11199998 1 0 1 0 0 5 0 5 0 0 0 2 1 3 10 0.3846 22 14 36 8 1.5714 1 0 1.0476 1 0.0789 0.0502 1 1 12 4 0.5455 0.2857 1 0 1 0 0 0 1 1 0 0 0 0 2 0 4 3 6 2 3 5 9 9 11 1 1 1 1 1 1 1 1 1 1 2 
0 14 11199997 1 0 0 0 1 0 0 0 0 0 0 1 1 2 5 0.1923 23 14 37 9 1.6429 0 0 1 1 0.0824 0.0502 1 1 18 9 0.7826 0.6429 1 0 0 0 0 0 1 0 0 0 0 0 2 0 6 0 6 0 3 5 8 12 13 2 1 3 2 3 2 2 2 2 2 0 

0 15 11199997 1 0 1 0 0 1 1 2 0 0 0 1 1 2 9 0.3462 16 10 26 6 1.6000 0 1 1 1.1111 0.0573 0.0358 1 1 7 1 0.4375 0.1000 1 0 0 0 0 0 1 0 0 0 0 0 2 2 4 3 9 3 3 6 9 10 9 1 2 1 2 1 1 0 1 0 1 1 
1 15 11239998 1 0 1 0 0 6 5 11 2.5000 2.5000 5 2 1 3 8 0.3077 22 21 43 1 1.0476 1 0 1.0476 1 0.0789 0.0753 1 1 14 13 0.6364 0.6190 1 0 0 0 1 0 1 0 1 0 0 0 2 1 3 1 8 7 3 5 9 11 13 1 3 1 2 1 1 1 1 1 1 1 
0 15 11199998 1 0 1 0 0 6 0 6 0 0 0 2 1 3 10 0.3846 22 14 36 8 1.5714 1 0 1.0476 1 0.0789 0.0502 1 1 12 4 0.5455 0.2857 1 0 0 0 1 0 1 0 1 0 0 0 2 0 4 0 9 1 3 5 9 9 11 1 1 1 1 1 1 1 1 1 1 2 

0 16 11199997 0 1 1 0 0 0 6 6 0 0 0 1 2 3 10 0.3846 14 21 35 7 1.5000 0 0 1 1 0.0502 0.0753 1 1 4 11 0.2857 0.5238 1 0 0 0 0 0 1 0 0 0 0 0 1 0 1 0 1 0 2 4 4 6 7 1 1 1 1 1 1 1 1 1 1 2 
0 16 11199997 1 0 1 0 0 1 1 2 0 0 0 1 1 2 9 0.3462 16 10 26 6 1.6000 0 1 1 1.1111 0.0573 0.0358 1 1 7 1 0.4375 0.1000 1 0 0 0 0 0 1 0 0 0 0 0 2 2 4 3 9 3 3 6 9 10 9 1 2 1 2 1 1 0 1 0 1 1 
1 16 11199998 1 0 1 0 0 5 6 11 2.5000 2.5000 5 1 2 3 8 0.3077 22 21 43 1 1.0476 1 0 1.0476 1 0.0789 0.0753 1 1 14 13 0.6364 0.6190 1 0 0 1 0 0 1 1 0 0 0 0 2 1 3 5 3 3 3 6 8 12 11 2 1 2 1 1 1 1 1 1 1 1 

0 17 11159996 0 1 1 0 0 5 6 11 2.5000 2.5000 5 1 2 3 8 0.3077 21 21 42 0 1 0 0 1 1 0.0755 0.0755 1 1 13 13 0.6190 0.6190 1 0 0 1 0 0 1 1 0 0 0 0 1 0 1 4 1 1 2 5 6 8 7 1 1 1 1 1 1 1 1 1 1 2 
0 17 11159996 0 1 1 0 0 0 6 6 0 0 0 1 2 3 10 0.3846 14 21 35 7 1.5000 0 0 1 1 0.0504 0.0755 1 1 4 11 0.2857 0.5238 1 0 0 0 0 0 1 0 0 0 0 0 1 0 1 0 1 0 2 4 4 6 7 1 1 1 1 1 1 1 1 1 1 2 
0 17 11159996 1 0 1 0 0 1 1 2 0 0 0 1 1 2 9 0.3462 16 10 26 6 1.6000 0 1 1 1.1111 0.0576 0.0360 1 1 7 1 0.4375 0.1000 1 1 0 0 0 0 1 1 0 0 0 0 2 2 6 3 10 3 3 6 9 10 9 1 2 1 2 1 1 0 1 0 1 1 
1 17 11159997 0 1 0 1 0 1 2 3 0.5000 0.5000 1 1 1 2 9 0.3462 14 12 26 2 1.1667 0 0 1 1 0.0504 0.0432 1 1 5 3 0.3571 0.2500 1 1 0 0 0 0 1 1 0 0 0 0 1 2 2 8 2 7 2 4 7 9 10 2 1 2 1 2 1 1 1 1 1 0 

0 18 11199997 1 0 1 0 0 1 1 2 0 0 0 1 1 2 9 0.3462 16 10 26 6 1.6000 0 1 1 1.1111 0.0573 0.0358 1 1 7 1 0.4375 0.1000 1 0 0 0 0 0 1 0 0 0 0 0 2 3 6 3 10 3 3 6 9 10 9 1 2 1 2 1 1 0 1 0 1 1 
1 18 11239998 1 0 1 0 0 7 6 13 3 3 6 2 1 3 8 0.3077 22 21 43 1 1.0476 1 0 1.0476 1 0.0789 0.0753 1 1 14 13 0.6364 0.6190 1 0 0 0 1 0 1 0 1 0 0 0 2 1 3 1 8 7 3 5 9 11 13 1 3 1 2 1 1 1 1 1 1 1 
0 18 11199998 1 0 1 0 0 7 0 7 0 0 0 2 1 3 10 0.3846 22 14 36 8 1.5714 1 0 1.0476 1 0.0789 0.0502 1 1 12 4 0.5455 0.2857 1 0 0 0 1 0 1 0 1 0 0 0 2 0 4 0 9 1 3 5 9 9 11 1 1 1 1 1 1 1 1 1 1 2 

0 19 11199997 0 1 1 0 0 0 7 7 0 0 0 1 2 3 10 0.3846 14 21 35 7 1.5000 0 0 1 1 0.0502 0.0753 1 1 4 11 0.2857 0.5238 1 0 0 0 0 0 1 0 0 0 0 0 1 0 1 0 1 0 2 4 4 6 7 1 1 1 1 1 1 1 1 1 1 2 
0 19 11199997 1 0 1 0 0 1 1 2 0 0 0 1 1 2 9 0.3462 16 10 26 6 1.6000 0 1 1 1.1111 0.0573 0.0358 1 1 7 1 0.4375 0.1000 1 0 0 0 0 0 1 0 0 0 0 0 2 3 6 3 10 3 3 6 9 10 9 1 2 1 2 1 1 0 1 0 1 1 
1 19 11199998 1 0 1 0 0 6 7 13 3 3 6 1 2 3 8 0.3077 22 21 43 1 1.0476 1 0 1.0476 1 0.0789 0.0753 1 1 14 13 0.6364 0.6190 1 0 0 1 0 0 1 1 0 0 0 0 2 1 3 5 3 3 3 6 8 12 11 2 1 2 1 1 1 1 1 1 1 1 

1 20 11199997 0 1 0 1 0 8 0 8 3 0 3 1 1 2 11 0.4231 23 14 37 9 1.6429 2 0 1.0952 1 0.0827 0.0504 1 1 12 3 0.5217 0.2143 1 0 0 0 0 0 1 0 0 0 0 0 1 0 1 4 2 2 2 4 5 8 8 1 4 1 4 1 5 1 4 1 4 0 
0 20 11159998 0 1 0 0 1 3 1 4 1 1 2 1 1 2 9 0.3462 12 16 28 4 1.3333 0 0 1 1 0.0432 0.0576 1 1 3 7 0.2500 0.4375 1 0 0 0 0 0 1 0 0 0 0 0 1 0 4 1 5 3 3 5 7 10 12 2 2 2 2 2 2 1 2 1 2 0 
0 20 11159997 1 0 0 0 1 1 2 3 1 1 2 1 1 2 5 0.1923 23 14 37 9 1.6429 0 0 1 1 0.0827 0.0504 1 1 18 9 0.7826 0.6429 1 0 0 0 0 0 1 0 0 1 0 0 2 0 6 0 6 0 3 5 8 12 13 2 1 3 2 3 2 2 2 2 2 0 

1 21 11199998 1 0 0 1 0 9 6 15 3.5000 3.5000 7 1 1 2 8 0.3077 23 22 45 1 1.0455 2 1 1.0952 1.0476 0.0824 0.0789 1 1 15 14 0.6522 0.6364 1 0 0 0 0 0 1 0 0 0 0 0 2 1 3 5 4 3 3 6 8 12 11 2 3 2 2 1 2 1 2 1 3 1 
1 21 11199998 0 1 0 0 1 3 1 4 1 1 2 1 1 2 9 0.3462 12 16 28 4 1.3333 0 0 1 1 0.0430 0.0573 1 1 3 7 0.2500 0.4375 1 0 0 0 0 0 1 0 0 0 0 0 1 0 4 1 5 3 3 5 7 10 12 2 2 2 2 2 2 1 2 1 2 0 
0 21 11199997 1 0 0 0 1 1 2 3 1 1 2 1 1 2 5 0.1923 23 14 37 9 1.6429 0 0 1 1 0.0824 0.0502 1 1 18 9 0.7826 0.6429 1 0 0 0 0 0 1 0 0 1 0 0 2 0 6 0 6 0 3 5 8 12 13 2 1 3 2 3 2 2 2 2 2 0 

0 22 11159996 0 1 0 1 0 9 1 10 0.5000 0 0.5000 2 1 3 10 0.3846 22 14 36 8 1.5714 1 0 1.0476 1 0.0791 0.0504 1 1 12 4 0.5455 0.2857 1 0 0 1 0 0 1 1 0 0 0 0 1 0 1 3 3 2 2 4 8 9 10 1 2 1 2 1 2 1 2 1 1 1 
1 22 11159997 1 0 0 1 0 6 9 15 3.5000 3.5000 7 1 2 3 8 0.3077 22 22 44 0 1 1 1 1.0476 1.0476 0.0791 0.0791 1 1 14 14 0.6364 0.6364 1 0 0 1 0 0 1 1 0 0 0 0 2 1 3 5 3 3 3 6 8 12 11 2 3 2 2 1 2 1 2 1 2 1 
1 22 11159997 0 1 0 0 1 3 1 4 1 1 2 1 1 2 9 0.3462 12 16 28 4 1.3333 0 0 1 1 0.0432 0.0576 1 1 3 7 0.2500 0.4375 1 0 0 0 0 0 1 0 0 0 0 0 1 0 4 1 5 3 3 5 7 10 12 2 2 2 2 2 2 1 2 1 2 0 
0 22 11159996 1 0 0 0 1 1 2 3 1 1 2 1 1 2 5 0.1923 23 14 37 9 1.6429 0 0 1 1 0.0827 0.0504 1 1 18 9 0.7826 0.6429 1 0 0 0 0 0 1 0 0 1 0 0 2 0 6 0 6 0 3 5 8 12 13 2 1 3 2 3 2 2 2 2 2 0 

0 23 11199997 0 1 0 1 0 10 1 11 0.5000 0 0.5000 1 1 2 10 0.3846 22 14 36 8 1.5714 1 0 1.0476 1 0.0789 0.0502 1 1 12 4 0.5455 0.2857 1 0 0 0 0 0 1 0 0 0 0 0 1 0 2 0 6 1 2 4 8 9 10 1 2 1 2 1 2 1 2 1 1 1 
1 23 11199998 0 1 0 0 1 3 1 4 1 1 2 1 1 2 9 0.3462 12 16 28 4 1.3333 0 0 1 1 0.0430 0.0573 1 1 3 7 0.2500 0.4375 1 0 0 0 0 0 1 0 0 0 0 0 1 0 4 1 5 3 3 5 7 10 12 2 2 2 2 2 2 1 2 1 2 0 
0 23 11199997 1 0 0 0 1 1 2 3 1 1 2 1 1 2 5 0.1923 23 14 37 9 1.6429 0 0 1 1 0.0824 0.0502 1 1 18 9 0.7826 0.6429 1 0 0 0 0 0 1 0 0 1 0 0 2 0 6 0 6 0 3 5 8 12 13 2 1 3 2 3 2 2 2 2 2 0 

1 24 11239997 0 1 1 0 0 10 7 17 3 4.5000 7.5000 2 1 3 9 0.3462 22 22 44 0 1 1 1 1.0476 1.0476 0.0789 0.0789 1 1 13 13 0.5909 0.5909 1 0 0 0 0 0 1 0 0 0 0 0 1 0 1 0 1 0 2 4 7 8 9 2 2 1 1 1 1 1 1 1 1 1 
0 24 11199997 1 0 1 0 0 10 1 11 0.5000 0.5000 1 2 1 3 10 0.3846 22 14 36 8 1.5714 1 0 1.0476 1 0.0789 0.0502 1 1 12 4 0.5455 0.2857 1 0 1 0 0 0 1 1 0 0 0 0 2 0 4 3 6 1 3 5 9 9 11 1 1 1 1 1 1 1 1 1 1 2 
0 24 11199997 0 1 0 0 1 3 1 4 1 1 2 1 1 2 9 0.3462 12 16 28 4 1.3333 0 0 1 1 0.0430 0.0573 1 1 3 7 0.2500 0.4375 1 0 0 0 0 0 1 0 0 0 0 0 1 0 4 1 5 3 3 5 7 10 12 2 2 2 2 2 2 1 2 1 2 0 
0 24 11199996 1 0 0 0 1 1 2 3 1 1 2 1 1 2 5 0.1923 23 14 37 9 1.6429 0 0 1 1 0.0824 0.0502 1 1 18 9 0.7826 0.6429 1 0 0 0 0 0 1 0 0 1 0 0 2 0 6 0 6 0 3 5 8 12 13 2 1 3 2 3 2 2 2 2 2 0 

0 25 11199997 0 1 1 0 0 11 1 12 4.5000 0.5000 5 1 1 2 11 0.4231 23 14 37 9 1.6429 2 0 1.0952 1 0.0824 0.0502 1 1 12 3 0.5217 0.2143 1 0 0 0 0 0 1 0 0 0 0 0 1 0 1 0 6 1 2 4 5 8 8 1 2 1 1 1 1 1 1 1 1 2 
1 25 11199998 0 1 0 0 1 3 1 4 1 1 2 1 1 2 9 0.3462 12 16 28 4 1.3333 0 0 1 1 0.0430 0.0573 1 1 3 7 0.2500 0.4375 1 0 0 0 0 0 1 0 0 0 0 0 1 0 4 1 5 3 3 5 7 10 12 2 2 2 2 2 2 1 2 1 2 0 
0 25 11199997 1 0 0 0 1 1 2 3 1 1 2 1 1 2 5 0.1923 23 14 37 9 1.6429 0 0 1 1 0.0824 0.0502 1 1 18 9 0.7826 0.6429 1 0 0 0 0 0 1 0 0 1 0 0 2 0 6 0 6 0 3 5 8 12 13 2 1 3 2 3 2 2 2 2 2 0 

1 26 11199997 1 0 1 0 0 11 1 12 0.5000 0.5000 1 3 1 4 10 0.3846 22 14 36 8 1.5714 1 0 1.0476 1 0.0789 0.0502 1 1 12 4 0.5455 0.2857 1 0 1 0 1 0 1 1 1 0 0 0 2 0 4 3 9 1 3 5 9 9 11 1 1 1 1 1 1 1 1 1 1 2 
1 26 11199997 0 1 1 0 0 8 11 19 4.5000 4 8.5000 1 3 4 9 0.3462 22 22 44 0 1 1 1 1.0476 1.0476 0.0789 0.0789 1 1 13 13 0.5909 0.5909 1 0 1 0 0 0 1 1 0 1 0 0 1 0 4 0 2 0 2 5 6 8 7 2 2 1 1 1 1 1 1 1 1 1 
1 26 11199997 1 0 0 1 0 11 2 13 1.5000 1.5000 3 3 1 4 12 0.4615 22 18 40 4 1.2222 1 0 1.0476 1 0.0789 0.0645 1 1 10 6 0.4545 0.3333 1 0 0 0 1 0 1 0 1 1 0 0 2 0 4 0 9 0 3 4 6 9 14 2 1 3 1 3 1 4 1 5 1 0 
0 26 11199996 0 1 0 0 1 3 1 4 1 1 2 1 1 2 9 0.3462 12 16 28 4 1.3333 0 0 1 1 0.0430 0.0573 1 1 3 7 0.2500 0.4375 1 0 0 0 0 0 1 0 0 0 0 0 1 0 4 1 5 3 3 5 7 10 12 2 2 2 2 2 2 1 2 1 2 0 
0 26 11199995 1 0 0 0 1 1 2 3 1 1 2 1 1 2 5 0.1923 23 14 37 9 1.6429 0 0 1 1 0.0824 0.0502 1 1 18 9 0.7826 0.6429 1 0 0 0 0 0 1 0 0 1 0 0 2 0 6 0 6 0 3 5 8 12 13 2 1 3 2 3 2 2 2 2 2 0 

0 27 11159995 0 1 1 0 0 8 12 20 4.5000 4 8.5000 1 2 3 8 0.3077 21 21 42 0 1 0 0 1 1 0.0755 0.0755 1 1 13 13 0.6190 0.6190 1 0 0 1 0 0 1 1 0 0 0 0 1 0 1 4 1 1 2 5 6 8 7 1 1 1 1 1 1 1 1 1 1 2 
0 27 11159995 0 1 1 0 0 1 12 13 0 0.5000 0.5000 1 2 3 10 0.3846 14 21 35 7 1.5000 0 0 1 1 0.0504 0.0755 1 1 4 11 0.2857 0.5238 1 0 0 0 0 0 1 0 0 0 0 0 1 0 1 0 1 0 2 4 4 6 7 1 1 1 1 1 1 1 1 1 1 2 
1 27 11159996 1 0 0 1 0 3 1 4 0 0 0 2 1 3 9 0.3462 13 9 22 4 1.4444 1 0 1.0833 1 0.0468 0.0324 1 0 4 0 0.3077 0 1 0 0 0 1 0 1 0 1 0 1 0 2 2 6 2 10 2 3 6 9 10 9 2 1 2 1 2 0 2 0 1 0 0 
1 27 11159996 1 0 0 1 0 3 0 3 0 0 0 2 1 3 11 0.4231 13 23 36 10 1.7692 1 0 1.0833 1 0.0468 0.0827 1 1 2 12 0.1538 0.5217 1 0 0 0 1 0 1 0 2 0 0 0 2 0 5 3 11 3 4 7 9 11 10 2 2 2 2 1 2 1 2 0 2 1 
0 27 11159995 1 0 0 0 1 1 2 3 1 1 2 1 1 2 5 0.1923 23 14 37 9 1.6429 0 0 1 1 0.0827 0.0504 1 1 18 9 0.7826 0.6429 1 0 0 0 0 0 1 0 1 0 1 0 2 0 6 0 6 0 3 5 8 12 13 2 1 3 2 3 2 2 2 2 2 0 

0 28 11159995 0 1 1 0 0 8 12 20 4.5000 4 8.5000 1 2 3 8 0.3077 21 21 42 0 1 0 0 1 1 0.0755 0.0755 1 1 13 13 0.6190 0.6190 1 0 0 1 0 0 1 1 0 0 0 0 1 0 1 4 1 1 2 5 6 8 7 1 1 1 1 1 1 1 1 1 1 2 
0 28 11159995 0 1 1 0 0 1 12 13 0 0.5000 0.5000 1 2 3 10 0.3846 14 21 35 7 1.5000 0 0 1 1 0.0504 0.0755 1 1 4 11 0.2857 0.5238 1 0 0 0 0 0 1 0 0 0 0 0 1 0 1 0 1 0 2 4 4 6 7 1 1 1 1 1 1 1 1 1 1 2 
1 28 11159996 1 0 0 1 0 4 1 5 1 1 2 2 1 3 9 0.3462 13 16 29 3 1.2308 1 0 1.0833 1 0.0468 0.0576 1 1 4 7 0.3077 0.4375 1 0 0 0 1 0 1 0 1 0 1 0 2 0 6 3 12 3 4 6 9 11 12 2 2 2 2 1 2 1 2 1 2 0 
1 28 11159996 1 0 0 1 0 4 0 4 0 0 0 2 1 3 11 0.4231 13 23 36 10 1.7692 1 0 1.0833 1 0.0468 0.0827 1 1 2 12 0.1538 0.5217 1 0 0 0 1 0 1 0 2 0 0 0 2 0 5 3 11 3 4 7 9 11 10 1 2 1 2 1 2 1 2 0 2 1 
0 28 11159995 1 0 0 0 1 1 2 3 1 1 2 1 1 2 5 0.1923 23 14 37 9 1.6429 0 0 1 1 0.0827 0.0504 1 1 18 9 0.7826 0.6429 1 0 0 0 0 0 1 0 1 0 1 0 2 0 6 0 6 0 3 5 8 12 13 2 1 3 2 3 2 2 2 2 2 0 

0 29 11159996 0 1 1 0 0 8 12 20 4.5000 4 8.5000 1 2 3 8 0.3077 21 21 42 0 1 0 0 1 1 0.0755 0.0755 1 1 13 13 0.6190 0.6190 1 0 0 1 0 0 1 1 0 0 0 0 1 0 1 4 1 1 2 5 6 8 7 1 1 1 1 1 1 1 1 1 1 2 
0 29 11159996 0 1 1 0 0 1 12 13 0 0.5000 0.5000 1 2 3 10 0.3846 14 21 35 7 1.5000 0 0 1 1 0.0504 0.0755 1 1 4 11 0.2857 0.5238 1 0 0 0 0 0 1 0 0 0 0 0 1 0 1 0 1 0 2 4 4 6 7 1 1 1 1 1 1 1 1 1 1 2 
0 29 11159996 1 0 0 0 1 1 2 3 1 1 2 1 1 2 5 0.1923 23 14 37 9 1.6429 0 0 1 1 0.0827 0.0504 1 1 18 9 0.7826 0.6429 1 0 0 0 0 0 1 0 1 0 0 0 2 0 6 0 6 0 3 5 8 12 13 2 1 3 2 3 2 2 2 2 2 0 
1 29 11159997 0 1 0 0 1 5 0 5 1 0 1 1 1 2 12 0.4615 14 23 37 9 1.6429 2 0 1.1667 1 0.0504 0.0827 1 1 2 11 0.1429 0.4783 1 0 0 0 0 0 1 0 0 0 0 1 1 1 3 2 9 2 2 4 6 10 13 2 2 2 2 1 2 1 2 0 3 0 

1 30 11239998 1 0 1 0 0 13 9 22 4.5000 4.5000 9 2 1 3 8 0.3077 22 21 43 1 1.0476 1 0 1.0476 1 0.0789 0.0753 1 1 14 13 0.6364 0.6190 1 0 0 0 1 0 1 0 1 0 0 0 2 1 3 1 8 7 3 5 9 11 13 1 3 1 2 1 1 1 1 1 1 1 
0 30 11199998 1 0 1 0 0 13 1 14 0.5000 0.5000 1 2 1 3 10 0.3846 22 14 36 8 1.5714 1 0 1.0476 1 0.0789 0.0502 1 1 12 4 0.5455 0.2857 1 0 0 0 1 0 1 0 1 0 0 0 2 0 4 0 9 1 3 5 9 9 11 1 1 1 1 1 1 1 1 1 1 2 
0 30 11199997 1 0 0 0 1 1 2 3 1 1 2 1 1 2 5 0.1923 23 14 37 9 1.6429 0 0 1 1 0.0824 0.0502 1 1 18 9 0.7826 0.6429 1 0 0 0 0 0 1 0 0 0 0 0 2 0 6 0 6 0 3 5 8 12 13 2 1 3 2 3 2 2 2 2 2 0 

0 31 11199997 0 1 1 0 0 1 13 14 0 0.5000 0.5000 1 2 3 10 0.3846 14 21 35 7 1.5000 0 0 1 1 0.0502 0.0753 1 1 4 11 0.2857 0.5238 1 0 0 0 0 0 1 0 0 0 0 0 1 0 1 0 1 0 2 4 4 6 7 1 1 1 1 1 1 1 1 1 1 2 
1 31 11199998 1 0 1 0 0 9 13 22 5 5 10 1 2 3 8 0.3077 22 21 43 1 1.0476 1 0 1.0476 1 0.0789 0.0753 1 1 14 13 0.6364 0.6190 1 0 0 1 0 0 1 1 0 0 0 0 2 1 3 5 3 3 3 6 8 12 11 2 1 2 1 1 1 1 1 1 1 1 
0 31 11199997 1 0 0 0 1 1 2 3 1 1 2 1 1 2 5 0.1923 23 14 37 9 1.6429 0 0 1 1 0.0824 0.0502 1 1 18 9 0.7826 0.6429 1 0 0 0 0 0 1 0 0 0 0 0 2 0 6 0 6 0 3 5 8 12 13 2 1 3 2 3 2 2 2 2 2 0 

0 32 11199996 0 1 1 0 0 9 13 22 5 4.5000 9.5000 1 2 3 8 0.3077 21 21 42 0 1 0 0 1 1 0.0753 0.0753 1 1 13 13 0.6190 0.6190 1 0 0 1 0 0 1 1 0 0 0 0 1 0 1 4 1 1 2 5 6 8 7 1 1 1 1 1 1 1 1 1 1 2 
0 32 11199996 0 1 1 0 0 1 13 14 0 0.5000 0.5000 1 2 3 10 0.3846 14 21 35 7 1.5000 0 0 1 1 0.0502 0.0753 1 1 4 11 0.2857 0.5238 1 0 0 0 0 0 1 0 0 0 0 0 1 0 1 0 1 0 2 4 4 6 7 1 1 1 1 1 1 1 1 1 1 2 
1 32 11199997 1 0 1 0 0 6 2 8 1 1 2 1 1 2 10 0.3846 14 9 23 5 1.5556 2 0 1.1667 1 0.0502 0.0323 1 0 4 -1.0000 0.2857 -0.1111 1 0 0 0 0 0 1 0 0 0 1 0 2 3 4 7 4 7 3 6 9 10 9 2 1 1 0 1 0 1 0 1 0 1 
0 32 11199996 1 0 0 0 1 1 2 3 1 1 2 1 1 2 5 0.1923 23 14 37 9 1.6429 0 0 1 1 0.0824 0.0502 1 1 18 9 0.7826 0.6429 1 0 0 0 0 0 1 0 0 0 1 0 2 0 6 0 6 0 3 5 8 12 13 2 1 3 2 3 2 2 2 2 2 0 

0 33 11199995 0 1 1 0 0 9 13 22 5 4.5000 9.5000 1 2 3 8 0.3077 21 21 42 0 1 0 0 1 1 0.0753 0.0753 1 1 13 13 0.6190 0.6190 1 0 0 1 0 0 1 1 0 0 0 0 1 0 1 4 1 1 2 5 6 8 7 1 1 1 1 1 1 1 1 1 1 2 
0 33 11199995 0 1 1 0 0 1 13 14 0 0.5000 0.5000 1 2 3 10 0.3846 14 21 35 7 1.5000 0 0 1 1 0.0502 0.0753 1 1 4 11 0.2857 0.5238 1 0 0 0 0 0 1 0 0 0 0 0 1 0 1 0 1 0 2 4 4 6 7 1 1 1 1 1 1 1 1 1 1 2 
1 33 11199996 1 0 1 0 0 2 2 4 1 1 2 1 1 2 9 0.3462 16 9 25 7 1.7778 0 0 1 1 0.0573 0.0323 1 0 7 0 0.4375 0 1 0 0 0 1 0 1 0 1 0 1 0 2 2 5 2 10 2 3 6 9 10 9 1 2 1 2 0 1 0 1 0 1 1 
0 33 11199995 1 0 0 1 0 6 1 7 0.5000 0.5000 1 1 1 2 11 0.4231 13 23 36 10 1.7692 1 0 1.0833 1 0.0466 0.0824 1 1 2 12 0.1538 0.5217 1 0 0 0 1 0 1 0 2 0 0 0 2 0 5 3 10 3 4 7 9 11 10 1 2 1 2 1 2 1 2 0 2 1 
1 33 11199996 1 0 0 0 1 1 2 3 1 1 2 1 1 2 5 0.1923 23 14 37 9 1.6429 0 0 1 1 0.0824 0.0502 1 1 18 9 0.7826 0.6429 1 0 0 0 0 0 1 0 1 0 1 0 2 0 4 0 8 0 3 5 8 12 13 2 1 3 2 3 2 2 2 2 2 0 

0 34 11159995 1 0 0 1 0 6 2 8 1 1 2 2 1 3 9 0.3462 13 9 22 4 1.4444 1 0 1.0833 1 0.0468 0.0324 1 0 4 0 0.3077 0 1 0 0 0 1 0 1 0 1 0 1 0 2 2 6 2 10 2 3 6 9 10 9 2 1 2 1 2 0 2 0 1 0 0 
0 34 11159995 1 0 0 1 0 6 1 7 0.5000 0.5000 1 2 1 3 11 0.4231 13 23 36 10 1.7692 1 0 1.0833 1 0.0468 0.0827 1 1 2 12 0.1538 0.5217 1 0 0 0 1 0 1 0 2 0 0 0 2 0 5 3 11 3 4 7 9 11 10 2 2 2 2 1 2 1 2 0 2 1 
1 34 11199994 0 1 0 1 0 13 9 22 4.5000 5 9.5000 3 1 4 8 0.3077 22 21 43 1 1.0476 1 0 1.0476 1 0.0791 0.0755 1 1 14 13 0.6364 0.6190 1 0 0 0 0 0 1 0 0 0 0 0 1 0 1 0 1 6 2 4 7 8 9 1 3 1 2 1 2 1 2 1 2 1 
0 34 11159994 0 1 0 1 0 13 1 14 0.5000 0 0.5000 3 1 4 10 0.3846 22 14 36 8 1.5714 1 0 1.0476 1 0.0791 0.0504 1 1 12 4 0.5455 0.2857 1 0 0 1 0 0 1 1 0 0 1 0 1 0 1 0 6 1 2 4 8 9 10 1 2 1 2 1 2 1 2 1 1 1 
0 34 11159996 1 0 0 1 0 13 3 16 2 2 4 3 1 4 12 0.4615 22 18 40 4 1.2222 1 0 1.0476 1 0.0791 0.0647 1 1 10 6 0.4545 0.3333 1 0 0 1 0 0 1 1 0 1 0 0 2 1 3 1 8 1 3 4 6 9 14 2 2 3 2 3 1 4 1 5 1 0 
0 34 11159994 1 0 0 0 1 1 2 3 1 1 2 1 1 2 5 0.1923 23 14 37 9 1.6429 0 0 1 1 0.0827 0.0504 1 1 18 9 0.7826 0.6429 1 0 0 0 0 0 1 0 1 0 1 0 2 0 6 0 6 0 3 5 8 12 13 2 1 3 2 3 2 2 2 2 2 0 

0 35 11199995 1 0 0 1 0 6 2 8 1 1 2 2 1 3 9 0.3462 13 9 22 4 1.4444 1 0 1.0833 1 0.0466 0.0323 1 0 4 0 0.3077 0 1 0 0 0 1 0 1 0 1 0 1 0 2 2 6 2 10 2 3 6 9 10 9 2 1 2 1 2 0 2 0 1 0 0 
0 35 11199995 1 0 0 1 0 6 1 7 0.5000 0.5000 1 2 1 3 11 0.4231 13 23 36 10 1.7692 1 0 1.0833 1 0.0466 0.0824 1 1 2 12 0.1538 0.5217 1 0 0 0 1 0 1 0 2 0 0 0 2 0 5 3 11 3 4 7 9 11 10 2 2 2 2 1 2 1 2 0 2 1 
0 35 11199994 0 1 0 1 0 14 1 15 0.5000 0 0.5000 3 1 4 10 0.3846 22 14 36 8 1.5714 1 0 1.0476 1 0.0789 0.0502 1 1 12 4 0.5455 0.2857 1 0 0 1 0 0 1 1 0 0 1 0 1 0 1 3 3 2 2 4 8 9 10 1 2 1 2 1 2 1 2 1 1 1 
1 35 11199996 1 0 0 1 0 14 3 17 2 2 4 3 1 4 12 0.4615 22 18 40 4 1.2222 1 0 1.0476 1 0.0789 0.0645 1 1 10 6 0.4545 0.3333 1 0 0 1 0 0 1 1 0 1 0 0 2 1 3 1 8 1 3 4 6 9 14 2 2 3 2 3 1 4 1 5 1 0 
0 35 11199995 1 0 0 1 0 10 14 24 5.5000 5.5000 11 1 3 4 8 0.3077 22 22 44 0 1 1 1 1.0476 1.0476 0.0789 0.0789 1 1 14 14 0.6364 0.6364 1 0 0 1 0 0 1 1 0 1 0 0 2 1 3 5 3 3 3 6 8 12 11 2 3 2 2 1 2 1 2 1 2 1 
0 35 11199994 1 0 0 0 1 1 2 3 1 1 2 1 1 2 5 0.1923 23 14 37 9 1.6429 0 0 1 1 0.0824 0.0502 1 1 18 9 0.7826 0.6429 1 0 0 0 0 0 1 0 1 0 1 0 2 0 6 0 6 0 3 5 8 12 13 2 1 3 2 3 2 2 2 2 2 0 

1 36 11239996 1 0 1 0 0 14 10 24 5 5 10 3 1 4 8 0.3077 22 21 43 1 1.0476 1 0 1.0476 1 0.0789 0.0753 1 1 14 13 0.6364 0.6190 1 0 0 0 1 0 1 0 1 0 1 0 2 0 4 0 9 6 3 5 9 11 13 1 3 1 2 1 1 1 1 1 1 1 
0 36 11199996 1 0 1 0 0 14 1 15 0.5000 0.5000 1 3 1 4 10 0.3846 22 14 36 8 1.5714 1 0 1.0476 1 0.0789 0.0502 1 1 12 4 0.5455 0.2857 1 0 0 0 2 0 1 0 2 0 0 0 2 0 4 0 12 0 3 5 9 9 11 1 1 1 1 1 1 1 1 1 1 2 
0 36 11199995 1 0 0 1 0 6 2 8 1 1 2 2 1 3 9 0.3462 13 9 22 4 1.4444 1 0 1.0833 1 0.0466 0.0323 1 0 4 0 0.3077 0 1 0 0 0 1 0 1 0 1 0 1 0 2 2 6 2 10 2 3 6 9 10 9 2 1 2 1 2 0 2 0 1 0 0 
0 36 11199995 1 0 0 1 0 6 1 7 0.5000 0.5000 1 2 1 3 11 0.4231 13 23 36 10 1.7692 1 0 1.0833 1 0.0466 0.0824 1 1 2 12 0.1538 0.5217 1 0 0 0 1 0 1 0 2 0 0 0 2 0 5 3 11 3 4 7 9 11 10 2 2 2 2 1 2 1 2 0 2 1 
0 36 11199996 1 0 0 1 0 14 3 17 2 2 4 3 1 4 12 0.4615 22 18 40 4 1.2222 1 0 1.0476 1 0.0789 0.0645 1 1 10 6 0.4545 0.3333 1 0 0 0 1 0 1 0 1 0 1 0 2 0 4 0 9 0 3 4 6 9 14 2 1 3 1 3 1 4 1 5 1 0 
0 36 11199994 1 0 0 0 1 1 2 3 1 1 2 1 1 2 5 0.1923 23 14 37 9 1.6429 0 0 1 1 0.0824 0.0502 1 1 18 9 0.7826 0.6429 1 0 0 0 0 0 1 0 1 0 1 0 2 0 6 0 6 0 3 5 8 12 13 2 1 3 2 3 2 2 2 2 2 0 

1 37 11199999 1 0 1 0 0 2 15 17 1 1 2 1 1 2 11 0.4231 15 23 38 8 1.5333 1 2 1.0714 1.0952 0.0538 0.0824 1 1 4 12 0.2667 0.5217 1 0 0 0 0 0 1 0 0 0 0 0 2 1 3 1 3 7 3 5 9 9 11 2 2 2 1 1 1 1 1 1 1 1 
0 37 11199998 1 0 0 0 1 1 2 3 1 1 2 1 1 2 5 0.1923 23 14 37 9 1.6429 0 0 1 1 0.0824 0.0502 1 1 18 9 0.7826 0.6429 1 0 0 0 0 0 1 0 0 0 0 0 2 0 6 0 6 0 3 5 8 12 13 2 1 3 2 3 2 2 2 2 2 0 

