0 1 10359990 1 0 1 0 0 0 0 0 0 0 0 2 2 4 15 0.5556 19 9 28 10 2.1111 0 0 1 1 0.0736 0.0349 1 0 4 -6.0000 0.2105 -0.6667 2 0 0 0 0 1 2 0 0 0 1 1 3 2 6 2 6 8 4 7 8 9 11 0 3 0 2 0 1 0 1 0 1 2 
0 1 10359989 1 0 0 1 0 0 0 0 0 0 0 3 1 4 21 0.7778 24 3 27 21 8 0 0 1 1 0.0930 0.0116 1 0 3 -18.0000 0.1250 -6.0000 1 0 0 0 1 0 1 0 1 0 0 0 2 2 5 4 6 5 2 3 4 6 6 2 0 2 0 2 0 2 0 1 0 0 
0 1 10359989 1 0 0 1 0 0 0 0 0 0 0 3 1 4 19 0.7037 24 9 33 15 2.6667 0 0 1 1 0.0930 0.0349 1 0 5 -10.0000 0.2083 -1.1111 1 0 0 0 1 0 1 0 1 0 0 0 2 2 5 4 6 5 2 3 4 8 11 0 2 0 2 0 2 0 2 0 2 0 
0 1 10359990 1 0 0 1 0 0 0 0 0 0 0 2 2 4 7 0.2593 14 5 19 9 2.8000 0 0 1 1 0.0543 0.0194 1 0 7 -2.0000 0.5000 -0.4000 1 1 1 0 0 0 2 1 0 0 0 1 2 4 6 4 5 12 3 6 8 10 12 0 2 0 2 0 2 0 2 0 3 0 
0 1 10359989 1 0 0 1 0 0 0 0 0 0 0 1 2 3 6 0.2222 20 5 25 15 4 0 0 1 1 0.0775 0.0194 1 0 14 -1.0000 0.7000 -0.2000 1 2 0 0 0 0 2 1 0 0 0 1 2 5 4 5 9 5 3 6 8 10 12 3 0 2 0 3 0 2 0 1 0 0 
0 1 10359990 1 0 0 1 0 0 0 0 0 0 0 2 2 4 15 0.5556 26 11 37 15 2.3636 0 0 1 1 0.1008 0.0426 1 0 11 -4.0000 0.4231 -0.3636 1 0 0 0 0 2 1 0 1 0 0 2 2 2 4 5 6 16 3 5 8 12 11 4 0 2 0 2 0 3 0 3 0 0 
1 1 10359991 1 0 0 1 0 0 0 0 0 0 0 3 2 5 15 0.5556 25 9 34 16 2.7778 0 0 1 1 0.0969 0.0349 1 0 10 -6.0000 0.4000 -0.6667 2 0 0 0 0 1 2 0 0 0 1 1 3 2 6 2 6 8 4 7 8 9 11 5 0 3 0 2 0 2 0 3 0 0 
1 1 10359991 1 0 0 1 0 0 0 0 0 0 0 3 2 5 1 0.0370 25 19 44 6 1.3158 0 0 1 1 0.0969 0.0736 1 1 24 18 0.9600 0.9474 1 0 0 0 0 0 1 0 0 0 0 0 2 0 4 0 2 2 3 2 3 4 6 0 0 1 1 2 1 2 1 2 1 0 
1 1 10359991 1 0 0 1 0 0 0 0 0 0 0 3 2 5 8 0.2963 25 11 36 14 2.2727 0 0 1 1 0.0969 0.0426 1 1 17 3 0.6800 0.2727 1 0 0 0 0 0 1 0 1 0 0 0 2 0 6 1 9 3 3 5 8 10 12 3 3 3 2 4 1 4 1 3 1 0 
0 1 10359989 0 1 0 1 0 0 0 0 0 0 0 1 1 2 9 0.3333 18 13 31 5 1.3846 0 0 1 1 0.0698 0.0504 1 1 9 4 0.5000 0.3077 1 0 0 0 0 0 1 0 0 0 0 2 1 0 2 4 3 2 3 5 5 5 7 3 1 2 1 3 1 2 2 2 2 0 
0 1 10359989 1 0 0 0 1 0 0 0 0 0 0 2 1 3 6 0.2222 26 13 39 13 2 0 0 1 1 0.1008 0.0504 1 1 20 7 0.7692 0.5385 1 0 0 0 0 0 1 0 0 0 2 0 2 0 6 0 6 0 4 7 9 11 10 2 2 2 2 2 2 2 2 2 2 0 
0 1 10359989 1 0 0 0 1 0 0 0 0 0 0 2 3 5 6 0.2222 14 24 38 10 1.7143 0 0 1 1 0.0543 0.0930 1 1 8 18 0.5714 0.7500 1 1 1 0 0 0 1 2 0 0 0 0 2 3 6 8 5 15 4 6 8 11 13 2 4 2 3 2 2 2 4 2 3 0 

0 2 10359992 1 0 1 0 0 0 1 1 1 1 2 1 1 2 15 0.5556 19 9 28 10 2.1111 0 0 1 1 0.0736 0.0349 1 0 4 -6.0000 0.2105 -0.6667 1 0 0 0 0 1 1 0 0 0 1 1 2 2 4 2 4 8 4 7 8 9 11 0 3 0 2 0 1 0 1 0 1 2 
0 2 10359992 1 0 0 1 0 0 0 0 0 0 0 3 1 4 21 0.7778 24 3 27 21 8 0 0 1 1 0.0930 0.0116 1 0 3 -18.0000 0.1250 -6.0000 1 0 0 0 1 0 1 0 1 0 0 0 2 2 5 4 6 5 2 3 4 6 6 2 0 2 0 2 0 2 0 1 0 0 
0 2 10359992 1 0 0 1 0 0 0 0 0 0 0 3 1 4 19 0.7037 24 9 33 15 2.6667 0 0 1 1 0.0930 0.0349 1 0 5 -10.0000 0.2083 -1.1111 1 0 0 0 1 0 1 0 1 0 0 0 2 2 5 4 6 5 2 3 4 8 11 0 2 0 2 0 2 0 2 0 2 0 
1 2 10359993 1 0 0 1 0 0 0 0 0 0 0 2 2 4 7 0.2593 14 5 19 9 2.8000 0 0 1 1 0.0543 0.0194 1 0 7 -2.0000 0.5000 -0.4000 1 1 1 0 0 0 2 1 0 0 0 1 2 4 6 7 5 14 3 6 8 10 12 0 2 0 2 0 2 0 2 0 3 0 
0 2 10359992 1 0 0 1 0 0 0 0 0 0 0 1 2 3 6 0.2222 20 5 25 15 4 0 0 1 1 0.0775 0.0194 1 0 14 -1.0000 0.7000 -0.2000 1 2 0 0 0 0 2 1 0 0 0 1 2 5 4 5 13 5 3 6 8 10 12 3 0 2 0 3 0 2 0 1 0 0 
0 2 10359992 1 0 0 1 0 0 0 0 0 0 0 2 1 3 15 0.5556 26 11 37 15 2.3636 0 0 1 1 0.1008 0.0426 1 0 11 -4.0000 0.4231 -0.3636 1 0 0 0 0 1 1 0 0 0 0 1 2 2 4 5 6 10 3 5 8 12 11 4 0 2 0 2 0 3 0 3 0 0 
0 2 10359992 0 1 0 1 0 0 0 0 0 0 0 1 1 2 9 0.3333 18 13 31 5 1.3846 0 0 1 1 0.0698 0.0504 1 1 9 4 0.5000 0.3077 1 0 0 0 0 0 1 0 0 0 0 2 1 0 2 4 3 2 3 5 5 5 7 3 1 2 1 3 1 2 2 2 2 0 
0 2 10359992 1 0 0 0 1 0 0 0 0 0 0 2 1 3 6 0.2222 26 13 39 13 2 0 0 1 1 0.1008 0.0504 1 1 20 7 0.7692 0.5385 1 0 0 0 0 0 1 0 0 0 1 0 2 0 6 0 6 0 4 7 9 11 10 2 2 2 2 2 2 2 2 2 2 0 
0 2 10359992 1 0 0 0 1 0 0 0 0 0 0 2 3 5 6 0.2222 14 24 38 10 1.7143 0 0 1 1 0.0543 0.0930 1 1 8 18 0.5714 0.7500 1 1 1 0 0 0 1 2 0 0 0 0 2 3 6 12 5 16 4 6 8 11 13 2 4 2 3 2 2 2 4 2 3 0 

0 3 10359992 1 0 1 0 0 0 1 1 1 1 2 1 1 2 15 0.5556 19 9 28 10 2.1111 0 0 1 1 0.0736 0.0349 1 0 4 -6.0000 0.2105 -0.6667 1 0 0 0 0 1 1 0 0 0 1 1 2 2 4 2 4 8 4 7 8 9 11 0 3 0 2 0 1 0 1 0 1 2 
1 3 10359994 1 0 0 1 0 0 0 0 0 0 0 3 1 4 21 0.7778 24 3 27 21 8 0 0 1 1 0.0930 0.0116 1 0 3 -18.0000 0.1250 -6.0000 1 0 0 0 1 0 1 0 1 0 0 0 2 2 5 4 6 5 2 3 4 6 6 2 0 2 0 2 0 2 0 1 0 0 
1 3 10359994 1 0 0 1 0 0 0 0 0 0 0 3 1 4 19 0.7037 24 9 33 15 2.6667 0 0 1 1 0.0930 0.0349 1 0 5 -10.0000 0.2083 -1.1111 1 0 0 0 1 0 1 0 1 0 0 0 2 2 5 4 6 5 2 3 4 8 11 0 2 0 2 0 2 0 2 0 2 0 
0 3 10359992 1 0 0 1 0 0 1 1 1 1 2 1 1 2 6 0.2222 20 5 25 15 4 0 0 1 1 0.0775 0.0194 1 0 14 -1.0000 0.7000 -0.2000 1 0 0 1 0 1 1 0 1 1 0 1 2 3 4 5 13 7 3 6 8 10 12 3 0 2 0 3 0 2 0 1 0 0 
0 3 10359993 1 0 0 1 0 0 0 0 0 0 0 2 2 4 15 0.5556 26 11 37 15 2.3636 0 0 1 1 0.1008 0.0426 1 0 11 -4.0000 0.4231 -0.3636 1 0 0 0 0 1 1 0 0 0 0 1 2 2 4 5 6 10 3 5 8 12 11 4 0 2 0 2 0 3 0 3 0 0 
0 3 10359992 0 1 0 1 0 0 0 0 0 0 0 1 1 2 9 0.3333 18 13 31 5 1.3846 0 0 1 1 0.0698 0.0504 1 1 9 4 0.5000 0.3077 1 0 0 0 0 0 1 0 0 0 0 1 1 0 2 0 3 3 3 5 5 5 7 3 1 2 1 3 1 2 2 2 2 0 
0 3 10359992 0 1 0 1 0 1 0 1 0 0 0 2 2 4 4 0.1481 14 11 25 3 1.2727 0 0 1 1 0.0543 0.0426 1 1 10 7 0.7143 0.6364 1 0 0 0 0 1 1 0 0 0 2 0 1 0 4 0 10 8 3 4 6 9 9 2 1 3 1 2 1 3 1 3 1 0 
1 3 10359994 1 0 0 1 0 1 0 1 0 0 0 2 3 5 5 0.1852 14 24 38 10 1.7143 0 0 1 1 0.0543 0.0930 1 1 9 19 0.6429 0.7917 1 0 1 1 0 0 1 1 1 0 0 0 2 1 5 14 5 15 3 6 9 11 12 1 2 1 4 1 3 1 2 1 4 0 
0 3 10359992 1 0 0 0 1 0 0 0 0 0 0 2 1 3 6 0.2222 26 13 39 13 2 0 0 1 1 0.1008 0.0504 1 1 20 7 0.7692 0.5385 1 0 0 0 0 0 1 0 0 0 1 0 2 0 6 0 6 0 4 7 9 11 10 2 2 2 2 2 2 2 2 2 2 0 

0 4 10359995 1 0 1 0 0 0 1 1 1 1 2 1 1 2 15 0.5556 19 9 28 10 2.1111 0 0 1 1 0.0736 0.0349 1 0 4 -6.0000 0.2105 -0.6667 1 0 0 0 0 1 1 0 0 0 1 1 2 2 4 2 4 8 4 7 8 9 11 0 3 0 2 0 1 0 1 0 1 2 
0 4 10359995 1 0 0 1 0 0 1 1 1 1 2 1 1 2 6 0.2222 20 5 25 15 4 0 0 1 1 0.0775 0.0194 1 0 14 -1.0000 0.7000 -0.2000 1 0 0 0 0 1 1 0 0 1 0 1 2 2 4 6 13 8 3 6 8 10 12 3 0 2 0 3 0 2 0 1 0 0 
1 4 10359996 1 0 0 1 0 0 0 0 0 0 0 2 2 4 15 0.5556 26 11 37 15 2.3636 0 0 1 1 0.1008 0.0426 1 0 11 -4.0000 0.4231 -0.3636 1 0 0 0 0 1 1 0 0 0 0 1 2 2 4 5 6 10 3 5 8 12 11 4 0 2 0 2 0 3 0 3 0 0 
0 4 10359995 0 1 0 1 0 0 0 0 0 0 0 1 1 2 9 0.3333 18 13 31 5 1.3846 0 0 1 1 0.0698 0.0504 1 1 9 4 0.5000 0.3077 1 0 0 0 0 0 1 0 0 0 0 1 1 0 2 2 3 5 3 5 5 5 7 3 1 2 1 3 1 2 2 2 2 0 
0 4 10359994 0 1 0 1 0 1 0 1 0 0 0 1 2 3 4 0.1481 14 11 25 3 1.2727 0 0 1 1 0.0543 0.0426 1 1 10 7 0.7143 0.6364 1 0 0 0 0 0 1 0 0 0 1 0 1 0 4 0 10 6 3 4 6 9 9 2 1 3 1 2 1 3 1 3 1 0 
0 4 10359995 1 0 0 0 1 0 0 0 0 0 0 2 1 3 6 0.2222 26 13 39 13 2 0 0 1 1 0.1008 0.0504 1 1 20 7 0.7692 0.5385 1 0 0 0 0 0 1 0 0 0 1 0 2 0 6 0 6 0 4 7 9 11 10 2 2 2 2 2 2 2 2 2 2 0 

1 5 10359997 1 0 1 0 0 0 1 1 1 1 2 1 2 3 15 0.5556 19 9 28 10 2.1111 0 0 1 1 0.0736 0.0349 1 0 4 -6.0000 0.2105 -0.6667 1 0 0 0 0 1 2 0 0 0 0 0 2 2 4 2 4 9 4 7 8 9 11 0 3 0 2 0 1 0 1 0 1 2 
0 5 10359996 1 0 0 1 0 0 1 1 1 1 2 1 1 2 6 0.2222 20 5 25 15 4 0 0 1 1 0.0775 0.0194 1 0 14 -1.0000 0.7000 -0.2000 1 0 0 0 0 1 1 0 0 1 0 1 2 2 4 6 13 8 3 6 8 10 12 3 0 2 0 3 0 2 0 1 0 0 
0 5 10359996 0 1 0 1 0 0 0 0 0 0 0 1 1 2 9 0.3333 18 13 31 5 1.3846 0 0 1 1 0.0698 0.0504 1 1 9 4 0.5000 0.3077 1 0 0 0 0 0 1 0 0 0 0 1 1 0 2 2 3 5 3 5 5 5 7 3 1 2 1 3 1 2 2 2 2 0 
0 5 10359995 0 1 0 1 0 1 1 2 0 0 0 1 1 2 4 0.1481 14 11 25 3 1.2727 0 0 1 1 0.0543 0.0426 1 1 10 7 0.7143 0.6364 1 0 0 0 0 0 1 0 0 0 1 0 1 0 4 0 10 6 3 4 6 9 9 2 1 3 1 2 1 3 1 3 1 0 
0 5 10359996 1 0 0 1 0 1 1 2 1 1 2 1 2 3 10 0.3704 26 9 35 17 2.8889 0 0 1 1 0.1008 0.0349 1 0 16 -1.0000 0.6154 -0.1111 1 0 0 0 0 1 2 0 0 0 0 0 2 2 4 1 4 8 4 7 8 9 11 0 2 0 2 0 2 0 2 0 2 0 

1 6 10359997 1 0 1 0 0 1 2 3 2 2 4 1 2 3 16 0.5926 20 9 29 11 2.2222 1 0 1.0526 1 0.0775 0.0349 1 0 4 -7.0000 0.2000 -0.7778 1 0 0 0 0 0 2 0 0 0 0 0 2 2 4 3 3 9 4 7 8 9 11 0 5 0 2 0 1 0 1 0 1 1 
0 6 10359996 1 0 0 1 0 0 1 1 1 1 2 1 1 2 6 0.2222 20 5 25 15 4 0 0 1 1 0.0775 0.0194 1 0 14 -1.0000 0.7000 -0.2000 1 0 0 0 0 1 1 0 0 1 0 1 2 2 4 6 13 8 3 6 8 10 12 3 0 2 0 3 0 2 0 1 0 0 
0 6 10359996 0 1 0 1 0 0 0 0 0 0 0 1 1 2 9 0.3333 18 13 31 5 1.3846 0 0 1 1 0.0698 0.0504 1 1 9 4 0.5000 0.3077 1 0 0 0 0 0 1 0 0 0 0 1 1 0 2 2 3 5 3 5 5 5 7 3 1 2 1 3 1 2 2 2 2 0 
0 6 10359995 0 1 0 1 0 1 1 2 0 0 0 1 1 2 4 0.1481 14 11 25 3 1.2727 0 0 1 1 0.0543 0.0426 1 1 10 7 0.7143 0.6364 1 0 0 0 0 0 1 0 0 0 1 0 1 0 4 0 9 6 3 4 6 9 9 2 1 3 1 2 1 3 1 3 1 0 
0 6 10359996 1 0 0 1 0 1 2 3 2 2 4 1 2 3 10 0.3704 26 9 35 17 2.8889 0 0 1 1 0.1008 0.0349 1 0 16 -1.0000 0.6154 -0.1111 1 0 0 0 0 0 2 0 0 0 0 0 2 2 4 1 4 7 4 7 8 9 11 0 2 0 2 0 2 0 2 0 2 0 

1 7 10359997 1 0 0 1 0 0 1 1 1 1 2 1 1 2 6 0.2222 20 5 25 15 4 0 0 1 1 0.0775 0.0194 1 0 14 -1.0000 0.7000 -0.2000 1 0 0 0 0 1 1 0 0 1 0 1 2 2 4 6 13 8 3 6 8 10 12 3 0 2 0 3 0 2 0 1 0 0 
1 7 10359997 0 1 0 1 0 0 0 0 0 0 0 1 1 2 9 0.3333 18 13 31 5 1.3846 0 0 1 1 0.0698 0.0504 1 1 9 4 0.5000 0.3077 1 0 0 0 0 0 1 0 0 0 0 1 1 0 2 2 3 5 3 5 5 5 7 3 1 2 1 3 1 2 2 2 2 0 
0 7 10359996 0 1 0 1 0 1 1 2 0 0 0 1 1 2 4 0.1481 14 11 25 3 1.2727 0 0 1 1 0.0543 0.0426 1 1 10 7 0.7143 0.6364 1 0 0 0 0 0 1 0 0 0 1 0 1 0 4 0 9 6 3 4 6 9 9 2 1 3 1 2 1 3 1 3 1 0 
1 7 10359997 1 0 0 1 0 1 3 4 3 3 6 1 1 2 10 0.3704 26 9 35 17 2.8889 0 0 1 1 0.1008 0.0349 1 0 16 -1.0000 0.6154 -0.1111 1 0 0 0 0 0 1 0 0 0 0 0 2 2 4 1 4 7 4 7 8 9 11 0 2 0 2 0 2 0 2 0 2 0 

0 8 10359998 1 0 0 1 0 3 0 3 0 0 0 1 1 2 6 0.2222 26 13 39 13 2 0 0 1 1 0.1008 0.0504 1 1 20 7 0.7692 0.5385 1 0 0 0 0 0 1 0 0 0 1 0 2 0 6 0 6 0 4 7 9 11 10 1 2 1 2 1 2 1 2 1 2 0 
1 8 10399999 1 0 0 1 0 3 4 7 4 4 8 1 1 2 17 0.6296 21 9 30 12 2.3333 2 0 1.1053 1 0.0814 0.0349 1 0 4 -8.0000 0.1905 -0.8889 1 0 0 0 0 0 1 0 0 0 1 0 2 2 4 2 8 3 4 7 8 9 11 0 6 0 3 0 2 0 2 0 2 0 

1 9 10399999 1 0 1 0 0 4 2 6 0 0 0 1 1 2 8 0.2963 21 11 32 10 1.9091 2 0 1.1053 1 0.0811 0.0425 1 1 13 3 0.6190 0.2727 1 0 0 0 0 0 1 0 0 0 0 0 2 0 4 1 6 3 3 5 8 10 12 1 3 1 2 1 1 1 1 1 1 1 
0 9 10399998 1 0 0 1 0 3 0 3 0 0 0 1 1 2 6 0.2222 26 13 39 13 2 0 0 1 1 0.1004 0.0502 1 1 20 7 0.7692 0.5385 1 0 0 0 0 0 1 0 0 0 0 0 2 0 6 0 6 0 4 7 9 11 10 1 2 1 2 1 2 1 2 1 2 0 

0 10 10399999 1 0 0 1 0 3 5 8 5 5 10 1 1 2 10 0.3704 26 9 35 17 2.8889 0 0 1 1 0.1004 0.0347 1 0 16 -1.0000 0.6154 -0.1111 1 0 0 0 0 0 1 0 0 0 0 0 2 2 4 1 4 7 4 7 8 9 11 0 2 0 2 0 2 0 2 0 2 0 
1 10 10439999 1 0 0 1 0 2 2 4 2 2 4 1 1 2 8 0.2963 15 5 20 10 3 1 0 1.0714 1 0.0579 0.0193 1 0 7 -3.0000 0.4667 -0.6000 1 0 0 0 0 0 1 0 0 0 0 0 2 3 8 7 7 6 3 6 8 10 12 0 3 0 2 0 2 0 2 0 3 0 

1 11 10399999 1 0 0 1 0 3 2 5 1 1 2 2 1 3 16 0.5926 27 11 38 16 2.4545 1 0 1.0385 1 0.1042 0.0425 1 0 11 -5.0000 0.4074 -0.4545 1 0 0 0 0 0 1 0 0 0 0 0 2 2 4 4 8 6 3 5 8 12 11 5 0 2 0 2 0 3 0 3 0 0 
0 11 10399998 1 0 0 0 1 3 0 3 0 0 0 2 1 3 6 0.2222 27 13 40 14 2.0769 1 0 1.0385 1 0.1042 0.0502 1 1 21 7 0.7778 0.5385 1 0 0 0 0 0 1 0 0 0 0 0 2 0 6 0 6 0 4 7 9 11 10 4 2 4 2 4 2 4 2 4 2 0 

1 12 10399999 1 0 0 1 0 5 4 9 0.5000 0.5000 1 3 1 4 13 0.4815 27 21 48 6 1.2857 1 2 1.0385 1.1053 0.1042 0.0811 1 1 14 8 0.5185 0.3810 1 0 0 0 0 0 1 0 0 1 0 0 2 0 5 3 8 4 4 6 7 10 12 8 2 8 2 11 1 10 1 6 1 0 
1 12 10399999 1 0 0 1 0 5 0 5 0 0 0 3 1 4 16 0.5926 27 28 55 1 1.0370 1 0 1.0385 1 0.1042 0.1081 1 1 11 12 0.4074 0.4286 1 0 0 0 0 0 1 0 0 1 0 0 2 0 4 0 5 4 3 5 7 8 10 1 3 1 3 1 2 2 2 3 4 0 
0 12 10399997 0 1 0 0 1 5 0 5 0 0 0 3 1 4 7 0.2593 27 13 40 14 2.0769 1 0 1.0385 1 0.1042 0.0502 1 1 20 6 0.7407 0.4615 1 0 0 0 0 0 1 0 0 0 0 0 1 0 1 0 1 1 2 4 6 10 13 2 2 2 2 2 2 2 2 2 2 0 

0 13 10399998 1 0 0 1 0 6 0 6 0 0 0 2 1 3 16 0.5926 27 28 55 1 1.0370 1 0 1.0385 1 0.1042 0.1081 1 1 11 12 0.4074 0.4286 1 0 0 0 0 0 1 0 0 0 0 1 2 0 4 0 10 4 3 5 7 8 10 1 3 1 3 1 2 2 2 3 4 0 
1 13 10439998 1 0 0 1 0 5 6 11 6 6 12 1 1 2 17 0.6296 21 9 30 12 2.3333 2 0 1.1053 1 0.0811 0.0347 1 0 4 -8.0000 0.1905 -0.8889 1 0 0 0 0 0 1 0 0 0 1 1 2 2 4 2 8 3 4 7 8 9 11 0 6 0 3 0 2 0 2 0 2 0 
0 13 10399997 0 1 0 0 1 6 0 6 0 0 0 2 1 3 7 0.2593 27 13 40 14 2.0769 1 0 1.0385 1 0.1042 0.0502 1 1 20 6 0.7407 0.4615 1 0 0 0 0 0 1 0 0 0 0 0 1 0 1 0 1 1 2 4 6 10 13 2 2 2 2 2 2 2 2 2 2 0 

1 14 10439999 1 0 1 0 0 3 1 4 0 0 0 2 1 3 7 0.2593 15 25 40 10 1.6667 1 0 1.0714 1 0.0577 0.0962 1 1 8 18 0.5333 0.7200 1 0 0 0 0 0 1 0 0 1 0 0 2 0 4 5 13 6 3 5 9 11 12 1 1 2 1 1 1 1 1 1 1 1 
0 14 10439998 1 0 0 1 0 6 7 13 7 7 14 1 1 2 10 0.3704 26 9 35 17 2.8889 0 0 1 1 0.1000 0.0346 1 0 16 -1.0000 0.6154 -0.1111 1 0 0 0 0 0 1 0 0 0 0 0 2 2 4 1 4 7 4 7 8 9 11 0 2 0 2 0 2 0 2 0 2 0 
1 14 10439999 1 0 0 1 0 3 3 6 0.5000 0.5000 1 2 1 3 4 0.1481 15 11 26 4 1.3636 1 0 1.0714 1 0.0577 0.0423 1 1 11 7 0.7333 0.6364 1 0 0 0 0 0 1 0 0 1 0 0 2 0 4 1 12 5 4 5 7 9 9 2 2 3 2 2 1 3 1 3 1 0 

1 15 10399998 1 0 0 1 0 1 1 2 0.5000 0.5000 1 1 1 2 9 0.3333 14 18 32 4 1.2857 1 0 1.0769 1 0.0541 0.0695 1 1 5 9 0.3571 0.5000 1 0 0 0 0 0 1 0 0 0 0 0 2 1 3 2 10 4 2 6 8 8 7 3 3 2 2 3 1 2 1 2 2 0 
0 15 10399997 0 1 0 1 0 7 6 13 1.5000 0.5000 2 2 1 3 13 0.4815 26 21 47 5 1.2381 0 2 1 1.1053 0.1004 0.0811 1 1 13 8 0.5000 0.3810 1 0 0 0 0 0 1 0 0 0 0 0 1 0 2 3 5 5 3 5 6 9 11 8 1 8 1 11 1 10 1 6 1 0 
0 15 10399997 1 0 0 1 0 7 0 7 0 0 0 2 1 3 6 0.2222 26 13 39 13 2 0 0 1 1 0.1004 0.0502 1 1 20 7 0.7692 0.5385 1 0 0 0 0 0 1 0 0 0 0 0 2 0 6 0 6 0 4 7 9 11 10 1 2 1 2 1 2 1 2 1 2 0 

0 16 10399998 1 0 0 1 0 8 0 8 0 0 0 1 1 2 6 0.2222 26 13 39 13 2 0 0 1 1 0.1004 0.0502 1 1 20 7 0.7692 0.5385 1 0 0 0 0 0 1 0 0 0 1 0 2 0 6 0 6 0 4 7 9 11 10 1 2 1 2 1 2 1 2 1 2 0 
1 16 10439999 1 0 0 1 0 7 8 15 8 8 16 1 1 2 17 0.6296 21 9 30 12 2.3333 2 0 1.1053 1 0.0811 0.0347 1 0 4 -8.0000 0.1905 -0.8889 1 0 0 0 0 0 1 0 0 0 1 0 2 2 4 2 8 3 4 7 8 9 11 0 6 0 3 0 2 0 2 0 2 0 

1 17 10439999 1 0 1 0 0 8 4 12 0 0 0 1 1 2 8 0.2963 21 11 32 10 1.9091 2 0 1.1053 1 0.0808 0.0423 1 1 13 3 0.6190 0.2727 1 0 0 0 0 0 1 0 0 0 0 0 2 0 4 1 6 3 3 5 8 10 12 1 3 1 2 1 1 1 1 1 1 1 
0 17 10439998 1 0 0 1 0 8 0 8 0 0 0 1 1 2 6 0.2222 26 13 39 13 2 0 0 1 1 0.1000 0.0500 1 1 20 7 0.7692 0.5385 1 0 0 0 0 0 1 0 0 0 0 0 2 0 6 0 6 0 4 7 9 11 10 1 2 1 2 1 2 1 2 1 2 0 

0 18 10399998 1 0 0 1 0 9 1 10 1 1 2 1 1 2 6 0.2222 26 13 39 13 2 0 0 1 1 0.1004 0.0502 1 1 20 7 0.7692 0.5385 1 0 0 0 0 0 1 0 0 0 1 0 2 0 6 0 6 0 4 7 9 11 10 1 2 1 2 1 2 1 2 1 2 0 
1 18 10399999 1 0 0 1 0 9 9 18 9 9 18 1 1 2 18 0.6667 22 9 31 13 2.4444 3 0 1.1579 1 0.0849 0.0347 1 0 4 -9.0000 0.1818 -1.0000 1 0 0 0 0 0 1 0 0 0 1 0 2 2 4 6 3 7 4 7 8 9 11 0 6 0 3 0 2 0 2 0 2 0 

0 19 10399998 1 0 0 1 0 9 1 10 1 1 2 2 1 3 6 0.2222 26 13 39 13 2 0 0 1 1 0.1004 0.0502 1 1 20 7 0.7692 0.5385 1 0 0 0 0 0 1 0 0 0 0 0 2 0 6 0 6 0 4 7 9 11 10 1 2 1 2 1 2 1 2 1 2 0 
1 19 10439998 1 0 0 1 0 10 9 19 1 1 2 1 2 3 13 0.4815 22 26 48 4 1.1818 3 0 1.1579 1 0.0849 0.1004 1 1 9 13 0.4091 0.5000 1 0 0 0 0 0 1 0 0 0 0 0 2 0 4 1 7 10 3 5 6 8 12 3 1 3 1 3 1 3 1 2 1 0 

1 20 10439999 1 0 1 0 0 11 5 16 2 2 4 1 1 2 11 0.4074 22 11 33 11 2 3 0 1.1579 1 0.0846 0.0423 1 0 11 0 0.5000 0 1 0 0 0 0 0 1 0 0 0 0 0 2 2 3 3 7 9 3 5 8 12 11 1 1 1 1 1 0 1 0 2 0 1 
0 20 10439998 1 0 0 1 0 10 1 11 1 1 2 1 1 2 6 0.2222 26 13 39 13 2 0 0 1 1 0.1000 0.0500 1 1 20 7 0.7692 0.5385 1 0 0 0 0 0 1 0 0 0 0 0 2 0 6 0 6 0 4 7 9 11 10 1 2 1 2 1 2 1 2 1 2 0 

1 21 10439998 1 0 1 0 0 11 5 16 1 1 2 1 1 2 8 0.2963 21 11 32 10 1.9091 2 0 1.1053 1 0.0808 0.0423 1 1 13 3 0.6190 0.2727 1 0 0 0 0 0 1 0 1 0 0 0 2 0 4 1 6 3 3 5 8 10 12 1 3 1 2 1 1 1 1 1 1 1 
1 21 10439998 1 0 0 1 0 10 0 10 0 0 0 2 1 3 16 0.5926 27 28 55 1 1.0370 1 0 1.0385 1 0.1038 0.1077 1 1 11 12 0.4074 0.4286 1 0 0 0 0 0 1 0 1 0 0 0 2 0 4 0 5 4 3 5 7 8 10 1 3 1 3 1 2 2 2 3 4 0 
0 21 10439997 0 1 0 0 1 10 1 11 0 1 1 2 1 3 7 0.2593 27 13 40 14 2.0769 1 0 1.0385 1 0.1038 0.0500 1 1 20 6 0.7407 0.4615 1 0 0 0 0 0 1 0 0 0 0 0 1 0 1 0 1 1 2 4 6 10 13 2 2 2 2 2 2 2 2 2 2 0 

1 22 10439999 0 1 0 1 0 17 1 18 0 1 1 2 1 3 17 0.6296 28 28 56 0 1 2 0 1.0769 1 0.1077 0.1077 1 1 11 11 0.3929 0.3929 1 0 0 0 0 1 1 0 1 0 0 0 1 0 1 0 2 3 2 2 3 4 5 2 3 1 2 1 2 2 4 3 4 0 
0 22 10439998 0 1 0 0 1 17 12 29 0 2 2 2 1 3 14 0.5185 28 21 49 7 1.3333 2 2 1.0769 1.1053 0.1077 0.0808 1 1 14 7 0.5000 0.3333 1 0 0 0 0 0 1 0 0 0 0 1 1 1 3 2 4 5 3 6 8 10 11 8 5 11 3 10 2 6 2 3 1 0 

1 23 10479999 1 0 1 0 0 2 8 10 5 5 10 1 1 2 16 0.5926 28 11 39 17 2.5455 0 0 1 1 0.1073 0.0421 1 0 12 -5.0000 0.4286 -0.4545 1 0 0 0 0 1 1 0 0 1 0 0 2 2 4 3 6 9 3 5 8 12 11 1 0 1 0 1 0 1 0 2 0 1 
0 23 10479998 0 1 0 0 1 18 12 30 0 2 2 1 1 2 14 0.5185 28 21 49 7 1.3333 2 2 1.0769 1.1053 0.1073 0.0805 1 1 14 7 0.5000 0.3333 1 0 0 0 0 0 1 0 0 0 1 0 1 1 3 2 4 5 3 6 8 10 11 8 5 11 3 10 2 6 2 3 1 0 

1 24 10439999 1 0 0 1 0 18 12 30 11 11 22 2 1 3 11 0.4074 27 9 36 18 3 1 0 1.0385 1 0.1038 0.0346 1 0 16 -2.0000 0.5926 -0.2222 1 0 0 0 0 0 1 0 0 0 0 1 2 2 4 3 2 9 4 7 8 9 11 0 4 0 3 0 4 0 6 0 6 0 
0 24 10439998 1 0 0 0 1 18 2 20 1.5000 1.5000 3 2 1 3 16 0.5926 27 28 55 1 1.0370 1 0 1.0385 1 0.1038 0.1077 1 1 11 12 0.4074 0.4286 1 0 0 0 0 0 1 0 0 0 0 1 2 0 4 0 5 10 3 5 7 8 10 5 3 2 3 2 2 3 2 3 4 0 

1 25 10439999 1 0 0 1 0 19 8 27 5 5 10 2 1 3 16 0.5926 27 11 38 16 2.4545 1 0 1.0385 1 0.1038 0.0423 1 0 11 -5.0000 0.4074 -0.4545 1 0 0 0 0 0 1 0 0 0 0 0 2 2 4 3 9 8 3 5 8 12 11 4 0 2 0 2 0 3 0 3 0 0 
0 25 10439998 0 1 0 0 1 19 4 23 0 2.5000 2.5000 2 1 3 7 0.2593 27 13 40 14 2.0769 1 0 1.0385 1 0.1038 0.0500 1 1 20 6 0.7407 0.4615 1 0 0 0 0 0 1 0 0 0 0 0 1 0 1 0 1 1 2 4 6 10 13 2 2 2 2 2 2 2 2 2 2 0 

1 26 10439999 1 0 0 1 0 20 9 29 6 6 12 2 1 3 16 0.5926 27 11 38 16 2.4545 1 0 1.0385 1 0.1038 0.0423 1 0 11 -5.0000 0.4074 -0.4545 1 0 0 0 0 0 1 0 0 0 0 0 2 2 4 4 8 6 3 5 8 12 11 5 0 2 0 2 0 3 0 3 0 0 
0 26 10439998 1 0 0 0 1 20 4 24 2.5000 2.5000 5 2 1 3 6 0.2222 27 13 40 14 2.0769 1 0 1.0385 1 0.1038 0.0500 1 1 21 7 0.7778 0.5385 1 0 0 0 0 0 1 0 0 0 0 0 2 0 6 0 6 0 4 7 9 11 10 4 2 4 2 4 2 4 2 4 2 0 

1 27 10439999 1 0 0 1 0 22 12 34 2 2 4 3 1 4 13 0.4815 27 21 48 6 1.2857 1 2 1.0385 1.1053 0.1038 0.0808 1 1 14 8 0.5185 0.3810 1 0 0 0 0 0 1 0 0 1 0 0 2 0 5 3 8 4 4 6 7 10 12 8 2 8 2 11 1 10 1 6 1 0 
1 27 10439999 1 0 0 1 0 22 2 24 1.5000 1.5000 3 3 1 4 16 0.5926 27 28 55 1 1.0370 1 0 1.0385 1 0.1038 0.1077 1 1 11 12 0.4074 0.4286 1 0 0 0 0 0 1 0 0 1 0 0 2 0 4 0 5 4 3 5 7 8 10 1 3 1 3 1 2 2 2 3 4 0 
0 27 10439997 0 1 0 0 1 22 4 26 0 2.5000 2.5000 3 1 4 7 0.2593 27 13 40 14 2.0769 1 0 1.0385 1 0.1038 0.0500 1 1 20 6 0.7407 0.4615 1 0 0 0 0 0 1 0 0 0 0 0 1 0 1 0 1 1 2 4 6 10 13 2 2 2 2 2 2 2 2 2 2 0 

0 28 10439998 1 0 0 1 0 23 2 25 1.5000 1.5000 3 2 1 3 16 0.5926 27 28 55 1 1.0370 1 0 1.0385 1 0.1038 0.1077 1 1 11 12 0.4074 0.4286 1 0 0 0 0 0 1 0 0 0 0 1 2 0 4 0 10 4 3 5 7 8 10 1 3 1 3 1 2 2 2 3 4 0 
1 28 10479998 1 0 0 1 0 13 14 27 13 13 26 1 1 2 17 0.6296 21 9 30 12 2.3333 2 0 1.1053 1 0.0808 0.0346 1 0 4 -8.0000 0.1905 -0.8889 1 0 0 0 0 0 1 0 0 0 1 1 2 2 4 2 8 3 4 7 8 9 11 0 6 0 3 0 2 0 2 0 2 0 
0 28 10439997 0 1 0 0 1 23 4 27 0 2.5000 2.5000 2 1 3 7 0.2593 27 13 40 14 2.0769 1 0 1.0385 1 0.1038 0.0500 1 1 20 6 0.7407 0.4615 1 0 0 0 0 0 1 0 0 0 0 0 1 0 1 0 1 1 2 4 6 10 13 2 2 2 2 2 2 2 2 2 2 0 

0 29 10439998 1 0 0 1 0 25 4 29 2.5000 2.5000 5 1 1 2 6 0.2222 26 13 39 13 2 0 0 1 1 0.1000 0.0500 1 1 20 7 0.7692 0.5385 1 0 0 0 0 0 1 0 0 0 1 0 2 0 6 0 6 0 4 7 9 11 10 1 2 1 2 1 2 1 2 1 2 0 
1 29 10479999 1 0 0 1 0 15 16 31 15 15 30 1 1 2 17 0.6296 21 9 30 12 2.3333 2 0 1.1053 1 0.0808 0.0346 1 0 4 -8.0000 0.1905 -0.8889 1 0 0 0 0 0 1 0 0 0 1 0 2 2 4 2 8 3 4 7 8 9 11 0 6 0 3 0 2 0 2 0 2 0 

1 30 10439999 1 0 0 1 0 25 17 42 16 16 32 1 1 2 10 0.3704 26 9 35 17 2.8889 0 0 1 1 0.1000 0.0346 1 0 16 -1.0000 0.6154 -0.1111 1 0 0 0 0 0 1 0 0 0 0 0 2 2 4 1 4 7 4 7 8 9 11 1 2 0 2 0 2 0 2 0 2 0 
0 30 10439998 1 0 0 1 0 5 10 15 1 1 2 1 1 2 4 0.1481 15 11 26 4 1.3636 1 0 1.0714 1 0.0577 0.0423 1 1 11 7 0.7333 0.6364 1 0 0 0 0 0 1 0 0 0 0 0 2 0 4 1 12 5 4 5 7 9 9 2 2 3 2 2 1 3 1 3 1 0 

0 31 10439998 1 0 0 1 0 26 18 44 17 17 34 1 1 2 10 0.3704 26 9 35 17 2.8889 0 0 1 1 0.1000 0.0346 1 0 16 -1.0000 0.6154 -0.1111 1 0 0 0 0 0 1 0 0 0 0 0 2 2 4 1 4 7 4 7 8 9 11 1 2 0 2 0 2 0 2 0 2 0 
0 31 10439998 1 0 0 1 0 2 2 4 1.5000 1.5000 3 1 1 2 9 0.3333 14 18 32 4 1.2857 1 0 1.0769 1 0.0538 0.0692 1 1 5 9 0.3571 0.5000 1 0 0 0 0 0 1 0 0 0 0 0 2 1 3 2 5 9 2 6 8 8 7 3 3 2 2 3 1 2 1 2 2 0 
1 31 10479998 1 0 0 1 0 6 3 9 3 3 6 1 1 2 8 0.2963 15 5 20 10 3 1 0 1.0714 1 0.0577 0.0192 1 0 7 -3.0000 0.4667 -0.6000 1 0 0 0 0 0 1 0 0 0 0 0 2 3 8 5 7 5 3 6 8 10 12 0 3 0 2 0 2 0 2 0 3 0 

1 32 10439999 0 1 0 1 0 26 16 42 3.5000 2.5000 6 3 1 4 14 0.5185 27 22 49 5 1.2273 1 3 1.0385 1.1579 0.1038 0.0846 1 1 13 8 0.4815 0.3636 1 0 0 0 0 0 1 0 0 0 0 1 1 0 2 3 5 6 3 5 6 9 11 3 2 3 1 3 1 2 1 1 1 0 
1 32 10439999 1 0 0 1 0 26 2 28 1.5000 1.5000 3 3 1 4 16 0.5926 27 28 55 1 1.0370 1 0 1.0385 1 0.1038 0.1077 1 1 11 12 0.4074 0.4286 1 0 0 0 1 0 1 0 1 0 0 0 2 0 4 0 5 10 3 5 7 8 10 1 3 1 3 1 2 2 2 3 4 0 
0 32 10439997 0 1 0 0 1 26 4 30 0 2.5000 2.5000 3 1 4 7 0.2593 27 13 40 14 2.0769 1 0 1.0385 1 0.1038 0.0500 1 1 20 6 0.7407 0.4615 1 0 0 0 0 0 1 0 0 0 0 0 1 0 1 0 1 1 2 4 6 10 13 2 2 2 2 2 2 2 2 2 2 0 

1 33 10479998 1 0 1 0 0 17 11 28 7 7 14 1 1 2 11 0.4074 22 11 33 11 2 3 0 1.1579 1 0.0843 0.0421 1 0 11 0 0.5000 0 1 0 0 0 0 0 1 0 0 0 1 0 2 2 3 3 5 12 3 5 8 12 11 1 1 1 1 1 0 1 0 2 0 1 
1 33 10479998 1 0 0 1 0 27 2 29 1.5000 1.5000 3 2 1 3 16 0.5926 27 28 55 1 1.0370 1 0 1.0385 1 0.1034 0.1073 1 1 11 12 0.4074 0.4286 1 0 0 0 0 0 1 0 0 0 1 0 2 0 4 0 5 5 3 5 7 8 10 1 3 1 3 1 2 2 2 3 4 0 
0 33 10479997 0 1 0 0 1 27 4 31 0 2.5000 2.5000 2 1 3 7 0.2593 27 13 40 14 2.0769 1 0 1.0385 1 0.1034 0.0498 1 1 20 6 0.7407 0.4615 1 0 0 0 0 0 1 0 0 0 0 0 1 0 1 0 1 1 2 4 6 10 13 2 2 2 2 2 2 2 2 2 2 0 

0 34 10439997 0 1 0 1 0 27 17 44 4 3 7 2 1 3 13 0.4815 26 21 47 5 1.2381 0 2 1 1.1053 0.1000 0.0808 1 1 13 8 0.5000 0.3810 1 0 0 0 0 0 1 0 0 0 0 0 1 0 2 3 5 5 3 5 6 9 11 8 1 8 1 11 1 10 1 6 1 0 
0 34 10439997 1 0 0 1 0 27 4 31 2.5000 2.5000 5 2 1 3 6 0.2222 26 13 39 13 2 0 0 1 1 0.1000 0.0500 1 1 20 7 0.7692 0.5385 1 0 0 0 0 0 1 0 0 0 0 0 2 0 6 0 6 0 4 7 9 11 10 1 2 1 2 1 2 1 2 1 2 0 
1 34 10439998 0 1 0 1 0 2 2 4 0 1.5000 1.5000 1 1 2 10 0.3704 15 18 33 3 1.2000 2 0 1.1538 1 0.0577 0.0692 1 1 5 8 0.3333 0.4444 1 0 0 0 0 0 1 0 0 0 0 0 1 0 4 0 4 4 3 3 4 5 7 2 5 3 1 2 1 2 1 1 2 0 

0 35 10439998 1 0 0 1 0 28 4 32 2.5000 2.5000 5 1 1 2 6 0.2222 26 13 39 13 2 0 0 1 1 0.1000 0.0500 1 1 20 7 0.7692 0.5385 1 0 0 0 0 0 1 0 0 0 1 0 2 0 6 0 6 0 4 7 9 11 10 1 2 1 2 1 2 1 2 1 2 0 
1 35 10479999 1 0 0 1 0 18 18 36 17 17 34 1 1 2 17 0.6296 21 9 30 12 2.3333 2 0 1.1053 1 0.0808 0.0346 1 0 4 -8.0000 0.1905 -0.8889 1 0 0 0 0 0 1 0 0 0 1 0 2 2 4 2 8 3 4 7 8 9 11 0 6 0 3 0 2 0 2 0 2 0 

1 36 10479999 1 0 1 0 0 19 11 30 1 1 2 1 1 2 8 0.2963 21 11 32 10 1.9091 2 0 1.1053 1 0.0805 0.0421 1 1 13 3 0.6190 0.2727 1 0 0 0 0 0 1 0 0 0 0 0 2 0 4 1 6 3 3 5 8 10 12 1 3 1 2 1 1 1 1 1 1 1 
0 36 10479998 1 0 0 1 0 28 4 32 2.5000 2.5000 5 1 1 2 6 0.2222 26 13 39 13 2 0 0 1 1 0.0996 0.0498 1 1 20 7 0.7692 0.5385 1 0 0 0 0 0 1 0 0 0 0 0 2 0 6 0 6 0 4 7 9 11 10 1 2 1 2 1 2 1 2 1 2 0 

1 37 10479999 1 0 1 0 0 19 11 30 1 1 2 1 1 2 8 0.2963 21 11 32 10 1.9091 2 0 1.1053 1 0.0805 0.0421 1 1 13 3 0.6190 0.2727 1 0 0 0 0 0 1 0 0 0 0 0 2 0 4 1 6 7 3 5 8 10 12 1 3 1 2 1 1 1 1 1 1 1 
0 37 10479998 1 0 0 1 0 28 4 32 2.5000 2.5000 5 1 1 2 6 0.2222 26 13 39 13 2 0 0 1 1 0.0996 0.0498 1 1 20 7 0.7692 0.5385 1 0 0 0 0 0 1 0 0 0 0 0 2 0 6 0 6 0 4 7 9 11 10 1 2 1 2 1 2 1 2 1 2 0 

0 38 10439998 1 0 0 1 0 29 5 34 3.5000 3.5000 7 1 1 2 6 0.2222 26 13 39 13 2 0 0 1 1 0.1000 0.0500 1 1 20 7 0.7692 0.5385 1 0 0 0 0 0 1 0 0 0 1 0 2 0 6 0 6 0 4 7 9 11 10 1 2 1 2 1 2 1 2 1 2 0 
1 38 10439999 1 0 0 1 0 20 19 39 18 18 36 1 1 2 18 0.6667 22 9 31 13 2.4444 3 0 1.1579 1 0.0846 0.0346 1 0 4 -9.0000 0.1818 -1.0000 1 0 0 0 0 0 1 0 0 0 1 0 2 2 4 6 3 7 4 7 8 9 11 0 6 0 3 0 2 0 2 0 2 0 

0 39 10439998 1 0 0 1 0 29 5 34 3.5000 3.5000 7 2 1 3 6 0.2222 26 13 39 13 2 0 0 1 1 0.1000 0.0500 1 1 20 7 0.7692 0.5385 1 0 0 0 0 0 1 0 0 0 0 0 2 0 6 0 6 0 4 7 9 11 10 1 2 1 2 1 2 1 2 1 2 0 
1 39 10479998 1 0 0 1 0 21 29 50 3.5000 3.5000 7 1 2 3 13 0.4815 22 26 48 4 1.1818 3 0 1.1579 1 0.0846 0.1000 1 1 9 13 0.4091 0.5000 1 0 0 0 0 0 1 0 0 0 0 0 2 0 4 1 7 10 3 5 6 8 12 3 1 3 1 3 1 3 1 2 1 0 

1 40 10479999 1 0 1 0 0 22 12 34 7 7 14 1 1 2 11 0.4074 22 11 33 11 2 3 0 1.1579 1 0.0843 0.0421 1 0 11 0 0.5000 0 1 0 0 0 0 0 1 0 0 0 0 0 2 2 3 3 7 9 3 5 8 12 11 1 1 1 1 1 0 1 0 2 0 1 
0 40 10479998 1 0 0 1 0 30 5 35 3.5000 3.5000 7 1 1 2 6 0.2222 26 13 39 13 2 0 0 1 1 0.0996 0.0498 1 1 20 7 0.7692 0.5385 1 0 0 0 0 0 1 0 0 0 0 0 2 0 6 0 6 0 4 7 9 11 10 1 2 1 2 1 2 1 2 1 2 0 

1 41 10479998 1 0 1 0 0 7 2 9 1 1 2 2 1 3 7 0.2593 15 25 40 10 1.6667 1 0 1.0714 1 0.0575 0.0958 1 1 8 18 0.5333 0.7200 1 0 0 0 0 0 1 0 0 1 0 0 2 0 4 5 13 4 3 5 9 11 12 1 1 2 1 1 1 1 1 1 1 1 
0 41 10479997 1 0 0 1 0 30 20 50 19 19 38 1 1 2 10 0.3704 26 9 35 17 2.8889 0 0 1 1 0.0996 0.0345 1 0 16 -1.0000 0.6154 -0.1111 1 0 0 0 0 0 1 0 0 0 0 0 2 2 4 1 4 7 4 7 8 9 11 1 2 0 2 0 2 0 2 0 2 0 
0 41 10479997 1 0 0 1 0 3 3 6 2 2 4 1 1 2 9 0.3333 14 18 32 4 1.2857 1 0 1.0769 1 0.0536 0.0690 1 1 5 9 0.3571 0.5000 1 0 0 0 0 0 1 0 0 0 0 0 2 1 3 2 5 9 2 6 8 8 7 3 3 2 2 3 1 2 1 2 2 0 
1 41 10479998 1 0 0 1 0 7 12 19 2 2 4 2 1 3 4 0.1481 15 11 26 4 1.3636 1 0 1.0714 1 0.0575 0.0421 1 1 11 7 0.7333 0.6364 1 0 0 0 0 0 1 0 0 1 0 0 2 0 4 1 12 5 4 5 7 9 9 2 2 3 2 2 1 3 1 3 1 0 

1 42 10479998 1 0 1 0 0 22 12 34 2 2 4 1 1 2 8 0.2963 21 11 32 10 1.9091 2 0 1.1053 1 0.0805 0.0421 1 1 13 3 0.6190 0.2727 1 0 0 0 0 0 1 0 1 0 0 0 2 0 4 1 6 3 3 5 8 10 12 1 3 1 2 1 1 1 1 1 1 1 
1 42 10479998 1 0 0 1 0 30 2 32 1.5000 1.5000 3 2 1 3 16 0.5926 27 28 55 1 1.0370 1 0 1.0385 1 0.1034 0.1073 1 1 11 12 0.4074 0.4286 1 0 0 0 0 0 1 0 1 0 0 0 2 0 4 0 5 4 3 5 7 8 10 1 3 1 3 1 2 2 2 3 4 0 
0 42 10479997 0 1 0 0 1 30 5 35 0 3.5000 3.5000 2 1 3 7 0.2593 27 13 40 14 2.0769 1 0 1.0385 1 0.1034 0.0498 1 1 20 6 0.7407 0.4615 1 0 0 0 0 0 1 0 0 0 0 0 1 0 1 0 1 1 2 4 6 10 13 2 2 2 2 2 2 2 2 2 2 0 

1 43 10439999 1 0 0 1 0 30 2 32 1.5000 1.5000 3 2 1 3 16 0.5926 27 28 55 1 1.0370 1 0 1.0385 1 0.1038 0.1077 1 1 11 12 0.4074 0.4286 1 0 0 0 0 0 1 0 0 0 0 0 2 0 4 0 5 4 3 5 7 8 10 1 3 1 3 1 2 2 2 3 4 0 
0 43 10439998 0 1 0 0 1 30 5 35 0 3.5000 3.5000 2 1 3 7 0.2593 27 13 40 14 2.0769 1 0 1.0385 1 0.1038 0.0500 1 1 20 6 0.7407 0.4615 1 0 0 0 0 0 1 0 0 0 0 0 1 0 1 0 1 1 2 4 6 10 13 2 2 2 2 2 2 2 2 2 2 0 

1 44 10479999 1 0 1 0 0 3 13 16 7 7 14 1 1 2 16 0.5926 28 12 40 16 2.3333 0 1 1 1.0909 0.1073 0.0460 1 0 12 -4.0000 0.4286 -0.3333 1 0 0 0 0 0 1 0 0 0 0 0 2 2 4 3 7 5 3 5 8 12 11 1 0 1 0 1 0 1 0 2 0 1 
0 44 10479998 0 1 0 0 1 31 5 36 0 3.5000 3.5000 1 1 2 7 0.2593 27 13 40 14 2.0769 1 0 1.0385 1 0.1034 0.0498 1 1 20 6 0.7407 0.4615 1 0 0 0 0 0 1 0 0 0 0 0 1 0 1 0 1 1 2 4 6 10 13 2 2 2 2 2 2 2 2 2 2 0 

1 45 10439998 1 0 0 1 0 31 3 34 2.5000 2.5000 5 2 1 3 16 0.5926 27 28 55 1 1.0370 1 0 1.0385 1 0.1038 0.1077 1 1 11 12 0.4074 0.4286 1 0 0 0 0 0 1 0 0 0 0 1 2 0 4 0 10 5 3 5 7 8 10 1 3 1 3 1 2 2 2 3 4 0 
1 45 10439998 1 0 0 1 0 23 20 43 19 19 38 1 1 2 18 0.6667 22 9 31 13 2.4444 3 0 1.1579 1 0.0846 0.0346 1 0 4 -9.0000 0.1818 -1.0000 1 0 0 0 0 0 1 0 0 0 1 1 2 2 4 6 3 7 4 7 8 9 11 0 6 0 3 0 2 0 2 0 2 0 
0 45 10439997 0 1 0 0 1 31 5 36 0 3.5000 3.5000 2 1 3 7 0.2593 27 13 40 14 2.0769 1 0 1.0385 1 0.1038 0.0500 1 1 20 6 0.7407 0.4615 1 0 0 0 0 0 1 0 0 0 0 0 1 0 1 0 1 1 2 4 6 10 13 2 2 2 2 2 2 2 2 2 2 0 

1 46 10479998 1 0 1 0 0 4 13 17 7 7 14 1 1 2 16 0.5926 28 11 39 17 2.5455 0 0 1 1 0.1073 0.0421 1 0 12 -5.0000 0.4286 -0.4545 1 0 0 0 0 0 1 0 0 0 0 1 2 2 4 3 8 6 3 5 8 12 11 1 0 1 0 1 0 1 0 2 0 1 
1 46 10479998 1 0 0 1 0 23 20 43 19 19 38 1 1 2 18 0.6667 22 9 31 13 2.4444 3 0 1.1579 1 0.0843 0.0345 1 0 4 -9.0000 0.1818 -1.0000 1 0 0 0 0 0 1 0 0 0 1 1 2 2 4 4 3 9 4 7 8 9 11 0 6 0 3 0 2 0 2 0 2 0 
0 46 10479997 0 1 0 0 1 32 5 37 0 3.5000 3.5000 1 1 2 7 0.2593 27 13 40 14 2.0769 1 0 1.0385 1 0.1034 0.0498 1 1 20 6 0.7407 0.4615 1 0 0 0 0 0 1 0 0 0 0 0 1 0 1 0 1 1 2 4 6 10 13 2 2 2 2 2 2 2 2 2 2 0 

0 47 10439996 0 1 0 1 0 32 23 55 4.5000 4.5000 9 2 2 4 13 0.4815 26 21 47 5 1.2381 0 2 1 1.1053 0.1000 0.0808 1 1 13 8 0.5000 0.3810 1 0 0 0 0 0 1 0 0 0 0 0 1 0 2 3 5 5 3 5 6 9 11 8 1 8 1 11 1 10 1 6 1 0 
0 47 10439995 1 0 0 1 0 32 5 37 3.5000 3.5000 7 2 1 3 6 0.2222 26 13 39 13 2 0 0 1 1 0.1000 0.0500 1 1 20 7 0.7692 0.5385 1 0 0 0 0 0 1 0 0 0 0 0 2 0 6 0 6 0 4 7 9 11 10 1 2 1 2 1 2 1 2 1 2 0 
1 47 10439998 1 0 0 1 0 13 23 36 0 0 0 3 2 5 6 0.2222 11 21 32 10 1.9091 0 2 1 1.1053 0.0423 0.0808 1 1 5 15 0.4545 0.7143 1 0 0 0 1 0 1 0 1 1 0 0 2 0 5 1 9 8 4 6 8 8 8 3 1 3 1 4 1 5 1 6 1 0 
1 47 10439998 1 0 0 1 0 13 1 14 1 1 2 3 1 4 3 0.1111 11 20 31 9 1.8182 0 0 1 1 0.0423 0.0769 1 1 8 17 0.7273 0.8500 1 1 0 0 0 0 2 0 0 1 0 0 2 2 5 2 20 5 3 5 9 11 12 1 1 1 1 2 1 1 1 1 1 0 
1 47 10439998 0 1 0 1 0 13 1 14 1 0 1 3 1 4 4 0.1481 11 24 35 13 2.1818 0 0 1 1 0.0423 0.0923 1 1 7 20 0.6364 0.8333 1 1 0 0 0 0 2 0 0 0 0 1 1 2 1 10 2 11 2 4 7 9 11 1 2 1 2 1 4 1 3 1 2 0 

0 48 10479997 1 0 1 0 0 24 20 44 19 19 38 1 1 2 17 0.6296 21 9 30 12 2.3333 2 0 1.1053 1 0.0805 0.0345 1 0 4 -8.0000 0.1905 -0.8889 1 0 0 0 0 0 1 0 0 0 1 0 2 2 4 2 8 3 4 7 8 9 11 0 5 0 2 0 1 0 1 0 1 1 
0 48 10479996 1 0 0 1 0 32 5 37 3.5000 3.5000 7 1 1 2 6 0.2222 26 13 39 13 2 0 0 1 1 0.0996 0.0498 1 1 20 7 0.7692 0.5385 1 0 0 0 0 0 1 0 0 0 1 0 2 0 6 0 6 0 4 7 9 11 10 1 2 1 2 1 2 1 2 1 2 0 
1 48 10479998 1 0 0 1 0 14 1 15 1 1 2 2 1 3 3 0.1111 11 20 31 9 1.8182 0 0 1 1 0.0421 0.0766 1 1 8 17 0.7273 0.8500 1 1 0 0 0 0 2 0 0 0 0 0 2 2 5 2 20 5 3 5 9 11 12 1 1 1 1 2 1 1 1 1 1 0 
1 48 10479998 0 1 0 1 0 14 1 15 1 0 1 2 1 3 4 0.1481 11 24 35 13 2.1818 0 0 1 1 0.0421 0.0920 1 1 7 20 0.6364 0.8333 1 1 0 0 0 0 2 0 0 0 0 0 1 2 1 10 2 11 2 4 7 9 11 1 2 1 2 1 4 1 3 1 2 0 

