0 1 278 1 0 1 0 0 0 0 0 0 0 0 5 4 9 2 0.0769 12 9 21 3 1.3333 0 0 1 1 0.0432 0.0324 1 1 10 7 0.8333 0.7778 1 0 1 0 1 0 1 1 1 1 0 0 2 0 5 0 7 5 4 6 8 9 10 1 1 1 1 1 1 1 1 1 1 1 
0 1 278 1 0 1 0 0 0 0 0 0 0 0 5 4 9 3 0.1154 12 9 21 3 1.3333 0 0 1 1 0.0432 0.0324 1 1 9 6 0.7500 0.6667 1 0 2 0 1 0 1 2 1 0 0 1 2 0 6 2 8 2 3 6 7 10 11 1 1 1 1 1 1 1 1 1 1 1 
0 1 278 1 0 1 0 0 0 0 0 0 0 0 5 4 9 4 0.1538 12 9 21 3 1.3333 0 0 1 1 0.0432 0.0324 1 1 8 5 0.6667 0.5556 1 0 2 0 1 0 1 2 1 0 1 0 2 1 7 2 9 2 3 5 9 9 11 1 1 1 1 1 1 1 1 2 1 1 
0 1 278 1 0 1 0 0 0 0 0 0 0 0 5 4 9 5 0.1923 12 9 21 3 1.3333 0 0 1 1 0.0432 0.0324 1 1 7 4 0.5833 0.4444 1 0 1 0 1 0 1 1 1 2 0 0 2 2 7 2 10 2 3 6 8 11 12 1 1 1 1 1 1 2 1 2 1 1 
1 1 279 1 0 1 0 0 1 1 2 0.5000 0.5000 1 3 1 4 8 0.3077 22 21 43 1 1.0476 1 0 1.0476 1 0.0791 0.0755 1 1 14 13 0.6364 0.6190 1 0 0 0 1 0 1 0 1 0 1 0 2 1 3 1 8 7 3 5 9 11 13 1 3 1 2 1 1 1 1 1 1 1 
0 1 278 1 0 1 0 0 1 0 1 0 0 0 3 1 4 10 0.3846 22 14 36 8 1.5714 1 0 1.0476 1 0.0791 0.0504 1 1 12 4 0.5455 0.2857 1 0 0 0 2 0 1 0 2 0 0 0 2 0 4 0 12 1 3 5 9 9 11 1 1 1 1 1 1 1 1 1 1 2 
0 1 278 1 0 0 1 0 1 0 1 0 0 0 3 1 4 12 0.4615 22 18 40 4 1.2222 1 0 1.0476 1 0.0791 0.0647 1 1 10 6 0.4545 0.3333 1 0 0 0 1 0 1 0 1 0 1 0 2 0 4 0 9 0 3 4 6 9 14 2 1 3 1 3 1 4 1 5 1 0 
0 1 278 0 1 0 0 1 0 0 0 0 0 0 5 1 6 9 0.3462 12 16 28 4 1.3333 0 0 1 1 0.0432 0.0576 1 1 3 7 0.2500 0.4375 1 0 0 0 0 0 1 0 0 1 1 1 1 0 3 3 4 4 3 5 7 10 12 2 2 2 2 2 2 1 2 1 2 0 
0 1 278 1 0 0 0 1 0 0 0 0 0 0 1 1 2 5 0.1923 23 14 37 9 1.6429 0 0 1 1 0.0827 0.0504 1 1 18 9 0.7826 0.6429 1 0 0 0 0 0 1 0 0 1 0 0 2 0 6 0 6 0 3 5 8 12 13 2 1 3 2 3 2 2 2 2 2 0 

0 2 278 1 0 1 0 0 3 1 4 0.5000 0.5000 1 3 1 4 10 0.3846 22 14 36 8 1.5714 1 0 1.0476 1 0.0791 0.0504 1 1 12 4 0.5455 0.2857 1 0 0 1 1 0 1 1 1 0 0 0 2 1 3 4 8 2 3 5 9 9 11 1 2 1 2 1 1 1 1 1 1 1 
1 2 279 1 0 0 1 0 3 2 5 0.5000 0.5000 1 3 1 4 8 0.3077 22 22 44 0 1 1 1 1.0476 1.0476 0.0791 0.0791 1 1 14 14 0.6364 0.6364 1 0 0 1 0 0 1 1 0 1 0 0 2 1 3 6 2 4 3 6 8 12 11 2 3 2 2 1 2 1 2 1 1 1 
0 2 278 1 0 0 1 0 3 0 3 0 0 0 3 1 4 12 0.4615 22 18 40 4 1.2222 1 0 1.0476 1 0.0791 0.0647 1 1 10 6 0.4545 0.3333 1 0 0 0 1 0 1 0 1 1 0 0 2 0 4 0 9 1 3 4 6 9 14 2 1 3 1 3 1 4 1 5 1 0 
0 2 278 0 1 0 0 1 1 0 1 0 0 0 1 1 2 9 0.3462 12 16 28 4 1.3333 0 0 1 1 0.0432 0.0576 1 1 3 7 0.2500 0.4375 1 0 0 0 0 0 1 0 0 0 0 0 1 0 4 1 5 3 3 5 7 10 12 2 2 2 2 2 2 1 2 1 2 0 
0 2 278 1 0 0 0 1 0 0 0 0 0 0 1 1 2 5 0.1923 23 14 37 9 1.6429 0 0 1 1 0.0827 0.0504 1 1 18 9 0.7826 0.6429 1 0 0 0 0 0 1 0 0 1 0 0 2 0 6 0 6 0 3 5 8 12 13 2 1 3 2 3 2 2 2 2 2 0 

1 3 280 0 1 1 0 0 4 3 7 1.5000 1.5000 3 3 1 4 9 0.3462 22 22 44 0 1 1 1 1.0476 1.0476 0.0789 0.0789 1 1 13 13 0.5909 0.5909 1 0 0 0 0 0 1 0 0 0 0 0 1 0 1 0 1 0 2 4 7 8 9 2 2 1 1 1 1 1 1 1 1 1 
0 3 279 1 0 1 0 0 4 1 5 0.5000 0.5000 1 3 1 4 10 0.3846 22 14 36 8 1.5714 1 0 1.0476 1 0.0789 0.0502 1 1 12 4 0.5455 0.2857 1 0 1 0 1 0 1 1 1 0 0 0 2 0 4 3 9 1 3 5 9 9 11 1 1 1 1 1 1 1 1 1 1 2 
0 3 279 1 0 0 1 0 4 0 4 0 0 0 3 1 4 12 0.4615 22 18 40 4 1.2222 1 0 1.0476 1 0.0789 0.0645 1 1 10 6 0.4545 0.3333 1 0 0 0 1 0 1 0 1 1 0 0 2 0 4 0 9 0 3 4 6 9 14 2 1 3 1 3 1 4 1 5 1 0 
0 3 279 0 1 0 0 1 1 0 1 0 0 0 1 1 2 9 0.3462 12 16 28 4 1.3333 0 0 1 1 0.0430 0.0573 1 1 3 7 0.2500 0.4375 1 0 0 0 0 0 1 0 0 0 0 0 1 0 4 1 5 3 3 5 7 10 12 2 2 2 2 2 2 1 2 1 2 0 
0 3 279 1 0 0 0 1 0 0 0 0 0 0 1 1 2 5 0.1923 23 14 37 9 1.6429 0 0 1 1 0.0824 0.0502 1 1 18 9 0.7826 0.6429 1 0 0 0 0 0 1 0 0 1 0 0 2 0 6 0 6 0 3 5 8 12 13 2 1 3 2 3 2 2 2 2 2 0 

1 4 280 0 1 1 0 0 5 4 9 1.5000 2.5000 4 3 1 4 9 0.3462 22 22 44 0 1 1 1 1.0476 1.0476 0.0789 0.0789 1 1 13 13 0.5909 0.5909 1 0 0 0 0 0 1 0 0 0 0 0 1 0 1 0 1 0 2 4 7 8 9 2 2 1 1 1 1 1 1 1 1 1 
1 4 280 0 1 1 0 0 5 1 6 0.5000 0.5000 1 3 1 4 11 0.4231 22 15 37 7 1.4667 1 1 1.0476 1.0714 0.0789 0.0538 1 1 11 4 0.5000 0.2667 1 0 0 1 0 1 1 1 0 0 1 0 1 0 1 0 5 6 2 4 8 9 10 2 1 1 1 1 1 1 1 1 1 1 
0 4 279 1 0 0 1 0 5 0 5 0 0 0 3 1 4 12 0.4615 22 18 40 4 1.2222 1 0 1.0476 1 0.0789 0.0645 1 1 10 6 0.4545 0.3333 1 0 1 0 0 0 1 1 0 1 0 0 2 0 4 3 6 1 3 4 6 9 14 2 1 3 1 3 1 4 1 5 1 0 
0 4 279 0 1 0 0 1 1 0 1 0 0 0 1 1 2 9 0.3462 12 16 28 4 1.3333 0 0 1 1 0.0430 0.0573 1 1 3 7 0.2500 0.4375 1 0 0 0 0 0 1 0 0 0 0 0 1 0 4 1 5 3 3 5 7 10 12 2 2 2 2 2 2 1 2 1 2 0 
0 4 279 1 0 0 0 1 0 0 0 0 0 0 1 1 2 5 0.1923 23 14 37 9 1.6429 0 0 1 1 0.0824 0.0502 1 1 18 9 0.7826 0.6429 1 0 0 0 0 0 1 0 0 1 0 0 2 0 6 0 6 0 3 5 8 12 13 2 1 3 2 3 2 2 2 2 2 0 

