0 1 8559997 1 0 1 0 0 0 0 0 0 0 0 2 2 4 19 0.5938 23 6 29 17 3.8333 0 0 1 1 0.1080 0.0282 1 0 4 -13.0000 0.1739 -2.1667 1 0 0 0 0 0 1 0 0 1 0 0 2 2 4 3 6 4 3 5 8 12 16 1 0 1 0 1 0 1 0 1 0 2 
0 1 8559996 1 0 1 0 0 0 0 0 0 0 0 1 1 2 7 0.2188 9 6 15 3 1.5000 0 0 1 1 0.0423 0.0282 1 0 2 -1.0000 0.2222 -0.1667 1 0 0 0 0 0 1 0 0 0 0 1 2 3 4 4 8 10 4 6 7 12 11 0 1 0 1 0 1 0 1 0 0 2 
0 1 8559995 1 0 1 0 0 0 0 0 0 0 0 2 2 4 8 0.2500 23 12 35 11 1.9167 0 0 1 1 0.1080 0.0563 1 1 15 4 0.6522 0.3333 1 0 0 1 0 0 1 1 0 0 0 1 2 0 4 5 5 5 2 2 4 6 10 1 1 1 1 1 1 1 1 1 1 4 
0 1 8559995 1 0 1 0 0 0 0 0 0 0 0 2 1 3 2 0.0625 6 8 14 2 1.3333 0 0 1 1 0.0282 0.0376 1 1 4 6 0.6667 0.7500 1 0 0 0 0 0 1 0 0 1 0 0 2 0 4 0 4 0 4 7 8 9 11 1 1 1 1 1 1 1 2 1 2 1 
1 1 8599995 0 1 1 0 0 0 0 0 0 0 0 2 1 3 10 0.3125 12 11 23 1 1.0909 0 0 1 1 0.0563 0.0516 1 1 2 1 0.1667 0.0909 1 0 0 1 0 0 1 1 0 0 0 0 1 1 1 5 3 2 1 1 1 2 3 1 1 1 1 1 1 1 0 0 0 2 

1 2 8599997 1 0 1 0 0 0 0 0 0 0 0 2 2 4 19 0.5938 23 6 29 17 3.8333 0 0 1 1 0.1075 0.0280 1 0 4 -13.0000 0.1739 -2.1667 1 0 0 0 0 0 1 0 0 1 0 0 2 2 4 3 6 4 3 5 8 12 16 1 0 1 0 1 0 1 0 1 0 2 
0 2 8599996 1 0 1 0 0 0 0 0 0 0 0 1 1 2 7 0.2188 9 6 15 3 1.5000 0 0 1 1 0.0421 0.0280 1 0 2 -1.0000 0.2222 -0.1667 1 0 0 0 0 0 1 0 0 0 0 1 2 3 4 4 8 10 4 6 7 12 11 0 1 0 1 0 1 0 1 0 0 2 
0 2 8599995 1 0 1 0 0 0 1 1 0 0 0 2 2 4 8 0.2500 23 12 35 11 1.9167 0 0 1 1 0.1075 0.0561 1 1 15 4 0.6522 0.3333 1 0 0 0 1 0 1 0 1 0 0 1 2 0 4 4 6 5 2 2 4 6 10 1 1 1 1 1 1 1 1 1 1 4 
0 2 8599995 1 0 1 0 0 0 0 0 0 0 0 2 1 3 2 0.0625 6 8 14 2 1.3333 0 0 1 1 0.0280 0.0374 1 1 4 6 0.6667 0.7500 1 0 0 0 0 0 1 0 0 1 0 0 2 0 4 0 4 0 4 7 8 9 11 1 1 1 1 1 1 1 2 1 2 1 
0 2 8599996 1 0 1 0 0 1 1 2 0.5000 0.5000 1 1 2 3 10 0.3125 12 12 24 0 1 1 0 1.0909 1 0.0561 0.0561 1 1 2 2 0.1667 0.1667 1 0 0 0 1 0 1 0 1 0 0 0 2 1 3 3 8 5 3 4 5 4 5 1 2 1 2 1 1 1 1 0 0 1 

0 3 8599997 1 0 1 0 0 0 0 0 0 0 0 2 2 4 19 0.5938 23 6 29 17 3.8333 0 0 1 1 0.1075 0.0280 1 0 4 -13.0000 0.1739 -2.1667 1 0 0 0 0 0 1 0 0 1 0 0 2 2 4 3 6 4 3 5 8 12 16 1 0 1 0 1 0 1 0 1 0 2 
0 3 8599996 1 0 1 0 0 0 0 0 0 0 0 1 1 2 7 0.2188 9 6 15 3 1.5000 0 0 1 1 0.0421 0.0280 1 0 2 -1.0000 0.2222 -0.1667 1 0 0 0 0 0 1 0 0 0 0 1 2 3 4 4 8 10 4 6 7 12 11 0 1 0 1 0 1 0 1 0 0 2 
1 3 8639995 1 0 1 0 0 0 0 0 0 0 0 2 1 3 2 0.0625 6 8 14 2 1.3333 0 0 1 1 0.0280 0.0374 1 1 4 6 0.6667 0.7500 1 0 0 0 0 0 1 0 0 1 0 0 2 0 4 0 4 0 4 7 8 9 11 1 1 1 1 1 1 1 2 1 2 1 
1 3 8639995 1 0 1 0 0 1 1 2 0.5000 0.5000 1 2 1 3 10 0.3125 13 11 24 2 1.1818 1 0 1.0833 1 0.0607 0.0514 1 1 3 1 0.2308 0.0909 1 0 0 1 0 0 1 1 0 0 0 0 2 2 3 6 5 5 2 3 4 6 6 2 1 2 1 1 1 1 0 1 0 3 
0 3 8599995 1 0 0 1 0 1 0 1 0 0 0 2 2 4 8 0.2500 13 23 36 10 1.7692 1 0 1.0833 1 0.0607 0.1075 1 1 5 15 0.3846 0.6522 1 0 0 1 0 0 1 1 0 0 0 1 2 0 4 6 4 6 2 2 4 6 10 1 2 1 2 1 2 1 2 1 1 4 

0 4 8599996 1 0 1 0 0 0 0 0 0 0 0 1 1 2 7 0.2188 9 6 15 3 1.5000 0 0 1 1 0.0421 0.0280 1 0 2 -1.0000 0.2222 -0.1667 1 0 0 0 0 0 1 0 0 0 0 1 2 3 4 4 8 10 4 6 7 12 11 0 1 0 1 0 1 0 1 0 0 2 
0 4 8599995 1 0 1 0 0 1 0 1 0 0 0 2 1 3 2 0.0625 6 8 14 2 1.3333 0 0 1 1 0.0280 0.0374 1 1 4 6 0.6667 0.7500 1 0 0 0 0 0 1 0 0 1 0 0 2 0 4 0 4 0 4 7 8 9 11 1 1 1 1 1 1 1 2 1 2 1 
0 4 8599996 1 0 1 0 0 1 1 2 0.5000 0.5000 1 1 2 3 10 0.3125 12 12 24 0 1 1 0 1.0909 1 0.0561 0.0561 1 1 2 2 0.1667 0.1667 1 0 0 0 1 0 1 0 1 0 0 0 2 1 3 3 8 5 3 4 5 4 5 1 2 1 2 1 1 1 1 0 0 1 
1 4 8599997 1 0 1 0 0 1 1 2 1 1 2 2 2 4 20 0.6250 24 6 30 18 4 1 0 1.0435 1 0.1121 0.0280 1 0 4 -14.0000 0.1667 -2.3333 1 0 0 0 0 0 1 0 0 1 0 0 2 2 4 4 5 5 3 5 8 12 16 2 0 1 0 1 0 1 0 1 0 1 
0 4 8599995 1 0 0 1 0 1 1 2 0 0 0 2 2 4 8 0.2500 24 12 36 12 2 1 0 1.0435 1 0.1121 0.0561 1 1 16 4 0.6667 0.3333 1 0 0 0 1 0 1 0 1 0 0 1 2 0 4 4 6 5 2 2 4 6 10 2 1 2 1 2 1 2 1 2 1 3 

1 5 8599997 1 0 1 0 0 0 0 0 0 0 0 1 1 2 7 0.2188 9 6 15 3 1.5000 0 0 1 1 0.0421 0.0280 1 0 2 -1.0000 0.2222 -0.1667 1 0 0 0 0 0 1 0 0 0 0 1 2 3 4 4 8 10 4 6 7 12 11 0 1 0 1 0 1 0 1 0 0 2 
0 5 8599996 1 0 1 0 0 2 0 2 0 0 0 1 1 2 2 0.0625 6 8 14 2 1.3333 0 0 1 1 0.0280 0.0374 1 1 4 6 0.6667 0.7500 1 0 0 0 0 0 1 0 0 0 0 0 2 0 4 0 4 0 4 7 8 9 11 1 1 1 1 1 1 1 2 1 2 1 
1 5 8599997 1 0 1 0 0 1 1 2 0.5000 0.5000 1 1 2 3 10 0.3125 12 12 24 0 1 1 0 1.0909 1 0.0561 0.0561 1 1 2 2 0.1667 0.1667 1 0 0 0 1 0 1 0 1 0 0 0 2 1 3 3 8 5 3 4 5 4 5 1 2 1 2 1 1 1 1 0 0 1 
0 5 8599996 1 0 0 1 0 2 1 3 0 0 0 1 2 3 8 0.2500 25 12 37 13 2.0833 2 0 1.0870 1 0.1168 0.0561 1 1 17 4 0.6800 0.3333 1 0 0 0 1 0 1 0 1 0 0 1 2 0 4 4 6 5 2 2 4 6 10 4 1 4 1 3 1 3 1 3 1 2 

0 6 8599995 1 0 1 0 0 2 0 2 0 0 0 1 1 2 2 0.0625 6 8 14 2 1.3333 0 0 1 1 0.0280 0.0374 1 1 4 6 0.6667 0.7500 1 0 0 0 0 0 1 0 0 0 0 0 2 0 4 0 4 0 4 7 8 9 11 1 1 1 1 1 1 1 2 1 2 1 
0 6 8599996 1 0 1 0 0 1 1 2 0.5000 0.5000 1 1 2 3 10 0.3125 12 12 24 0 1 1 0 1.0909 1 0.0561 0.0561 1 1 2 2 0.1667 0.1667 1 0 0 0 1 0 1 0 1 0 0 0 2 1 3 3 8 5 3 4 5 4 5 1 2 1 2 1 1 1 1 0 0 1 
1 6 8599997 1 0 1 0 0 1 1 2 1 1 2 2 1 3 8 0.2500 10 6 16 4 1.6667 1 0 1.1111 1 0.0467 0.0280 1 0 2 -2.0000 0.2000 -0.3333 1 0 1 0 0 1 1 1 0 0 0 1 2 2 6 5 8 14 4 6 7 12 11 0 2 0 1 0 1 0 1 0 0 1 
0 6 8599995 1 0 0 1 0 2 1 3 0 0 0 1 2 3 8 0.2500 25 12 37 13 2.0833 2 0 1.0870 1 0.1168 0.0561 1 1 17 4 0.6800 0.3333 1 0 0 0 1 2 1 0 1 0 1 1 2 0 4 4 6 7 2 2 4 6 10 4 1 4 1 3 1 3 1 3 1 2 
1 6 8599997 1 0 0 1 0 1 0 1 0 0 0 2 1 3 7 0.2188 10 33 43 23 3.3000 1 0 1.1111 1 0.0467 0.1542 1 1 3 26 0.3000 0.7879 1 0 1 0 0 1 1 1 0 0 1 0 2 2 5 5 4 15 4 7 9 8 12 4 2 5 2 4 1 6 1 6 1 0 

0 7 8599997 1 0 1 0 0 2 0 2 0 0 0 1 1 2 2 0.0625 6 8 14 2 1.3333 0 0 1 1 0.0280 0.0374 1 1 4 6 0.6667 0.7500 1 0 0 0 0 0 1 0 0 0 0 0 2 0 4 0 4 0 4 7 8 9 11 1 1 1 1 1 1 1 2 1 2 1 
1 7 8599998 1 0 1 0 0 1 1 2 0.5000 0.5000 1 1 2 3 10 0.3125 12 12 24 0 1 1 0 1.0909 1 0.0561 0.0561 1 1 2 2 0.1667 0.1667 1 0 0 0 1 0 1 0 1 0 0 0 2 1 3 3 8 5 3 4 5 4 5 1 2 1 2 1 1 1 1 0 0 1 
0 7 8599997 1 0 0 1 0 2 1 3 0 0 0 1 2 3 8 0.2500 25 12 37 13 2.0833 2 0 1.0870 1 0.1168 0.0561 1 1 17 4 0.6800 0.3333 1 0 0 0 1 0 1 0 1 0 0 0 2 0 4 4 6 5 2 2 4 6 10 4 1 4 1 3 1 3 1 3 1 2 

1 8 8639998 1 0 1 0 0 2 0 2 0 0 0 1 1 2 2 0.0625 6 8 14 2 1.3333 0 0 1 1 0.0279 0.0372 1 1 4 6 0.6667 0.7500 1 0 0 0 0 0 1 0 0 0 0 0 2 0 4 0 4 0 4 7 8 9 11 1 1 1 1 1 1 1 2 1 2 1 
0 8 8639997 1 0 0 1 0 2 2 4 0 0 0 1 1 2 8 0.2500 25 12 37 13 2.0833 2 0 1.0870 1 0.1163 0.0558 1 1 17 4 0.6800 0.3333 1 0 0 0 0 0 1 0 0 0 0 0 2 0 4 4 4 7 2 2 4 6 10 4 1 4 1 3 1 3 1 3 1 2 

0 9 8639997 1 0 1 0 0 2 0 2 0 0 0 1 1 2 2 0.0625 6 8 14 2 1.3333 0 0 1 1 0.0279 0.0372 1 1 4 6 0.6667 0.7500 1 0 0 0 0 0 1 0 0 0 0 0 2 0 4 0 4 0 4 7 8 9 11 1 1 1 1 1 1 1 2 1 2 1 
1 9 8679997 0 1 1 0 0 2 2 4 0.5000 1.5000 2 2 1 3 11 0.3438 13 12 25 1 1.0833 1 1 1.0833 1.0909 0.0605 0.0558 1 1 2 1 0.1538 0.0833 1 0 0 0 1 0 1 1 0 0 0 0 1 1 1 1 6 4 1 1 1 2 3 2 2 1 1 1 1 1 0 0 0 2 
0 9 8639997 1 0 0 0 1 2 2 4 0 0 0 2 1 3 8 0.2500 13 25 38 12 1.9231 1 2 1.0833 1.0870 0.0605 0.1163 1 1 5 17 0.3846 0.6800 1 0 0 0 1 0 1 1 0 0 0 0 2 0 4 5 5 6 2 2 4 6 10 4 2 4 2 3 2 3 2 3 1 2 

0 10 8639997 1 0 1 0 0 2 3 5 2 2 4 2 2 4 19 0.5938 23 6 29 17 3.8333 0 0 1 1 0.1070 0.0279 1 0 4 -13.0000 0.1739 -2.1667 1 0 0 0 0 0 1 0 1 0 0 0 2 2 4 3 6 4 3 5 8 12 16 1 0 1 0 1 0 1 0 1 0 2 
0 10 8639996 1 0 1 0 0 2 2 4 2 2 4 1 1 2 7 0.2188 9 6 15 3 1.5000 0 0 1 1 0.0419 0.0279 1 0 2 -1.0000 0.2222 -0.1667 1 0 0 0 0 0 1 0 0 0 0 1 2 3 4 4 8 10 4 6 7 12 11 0 1 0 1 0 1 0 1 0 0 2 
1 10 8679995 1 0 1 0 0 2 2 4 0.5000 0.5000 1 2 1 3 10 0.3125 13 11 24 2 1.1818 1 0 1.0833 1 0.0605 0.0512 1 1 3 1 0.2308 0.0909 1 0 0 1 0 0 1 1 0 0 0 0 2 2 3 6 5 5 2 3 4 6 6 2 1 2 1 1 1 1 0 1 0 3 
0 10 8639996 0 1 1 0 0 1 3 4 0 1 1 1 2 3 3 0.0938 9 6 15 3 1.5000 1 0 1.1250 1 0.0419 0.0279 1 1 6 3 0.6667 0.5000 1 0 0 0 0 0 1 0 1 0 0 0 1 0 1 0 1 5 2 4 6 7 11 1 2 1 1 1 1 1 2 1 2 1 
0 10 8639995 1 0 0 1 0 2 2 4 0 0 0 2 2 4 8 0.2500 13 23 36 10 1.7692 1 0 1.0833 1 0.0605 0.1070 1 1 5 15 0.3846 0.6522 1 0 0 1 0 0 1 1 0 0 0 1 2 0 4 6 4 6 2 2 4 6 10 1 2 1 2 1 2 1 2 1 1 4 

0 11 8639996 1 0 1 0 0 2 2 4 2 2 4 1 1 2 7 0.2188 9 6 15 3 1.5000 0 0 1 1 0.0419 0.0279 1 0 2 -1.0000 0.2222 -0.1667 1 0 0 0 0 0 1 0 0 0 0 1 2 3 4 4 8 10 4 6 7 12 11 0 1 0 1 0 1 0 1 0 0 2 
0 11 8639995 1 0 1 0 0 2 2 4 0.5000 0.5000 1 2 1 3 10 0.3125 13 11 24 2 1.1818 1 0 1.0833 1 0.0605 0.0512 1 1 3 1 0.2308 0.0909 1 0 0 1 0 0 1 1 0 0 0 0 2 2 3 6 5 5 2 3 4 6 6 2 1 2 1 1 1 1 0 1 0 3 
1 11 8639997 1 0 1 0 0 2 3 5 2 2 4 2 2 4 19 0.5938 23 7 30 16 3.2857 0 1 1 1.1667 0.1070 0.0326 1 0 4 -12.0000 0.1739 -1.7143 1 0 0 0 0 0 1 0 0 1 0 0 2 2 4 3 6 4 3 5 8 12 16 1 0 1 0 1 0 1 0 1 0 2 
0 11 8639995 1 0 0 1 0 2 2 4 0 0 0 2 2 4 8 0.2500 13 23 36 10 1.7692 1 0 1.0833 1 0.0605 0.1070 1 1 5 15 0.3846 0.6522 1 0 0 1 0 0 1 1 0 0 0 1 2 0 4 6 4 6 2 2 4 6 10 1 2 1 2 1 2 1 2 1 1 4 
0 11 8639996 0 1 0 1 0 3 1 4 0 1 1 2 1 3 3 0.0938 7 8 15 1 1.1429 1 0 1.1667 1 0.0326 0.0372 1 1 4 5 0.5714 0.6250 1 0 0 0 0 0 1 0 0 0 0 0 1 0 1 0 1 0 2 4 4 5 9 2 1 1 1 1 2 1 2 1 2 0 

1 12 8679999 0 1 1 0 0 2 4 6 0 2 2 1 1 2 3 0.0938 9 6 15 3 1.5000 1 0 1.1250 1 0.0417 0.0278 1 1 6 3 0.6667 0.5000 1 0 0 0 0 0 1 0 0 0 0 0 1 0 1 0 1 5 2 4 6 7 11 1 2 1 1 1 1 1 2 1 2 1 
0 12 8679997 1 0 0 1 0 2 2 4 0 0 0 1 1 2 8 0.2500 25 12 37 13 2.0833 2 0 1.0870 1 0.1157 0.0556 1 1 17 4 0.6800 0.3333 1 0 0 0 0 0 1 0 0 0 0 0 2 0 4 4 4 7 2 2 4 6 10 4 1 4 1 3 1 3 1 3 1 2 

0 13 8639997 1 0 0 1 0 2 2 4 0 0 0 1 1 2 8 0.2500 25 12 37 13 2.0833 2 0 1.0870 1 0.1163 0.0558 1 1 17 4 0.6800 0.3333 1 0 0 0 0 0 1 0 0 0 0 0 2 0 4 4 4 7 2 2 4 6 10 4 1 4 1 3 1 3 1 3 1 2 
1 13 8639999 0 1 0 1 0 4 2 6 0 2 2 1 1 2 3 0.0938 7 8 15 1 1.1429 1 0 1.1667 1 0.0326 0.0372 1 1 4 5 0.5714 0.6250 1 0 0 0 0 0 1 0 0 0 0 0 1 0 1 0 1 0 2 4 4 5 9 2 1 1 1 1 2 1 2 1 2 0 

1 14 8719999 1 0 1 0 0 3 2 5 1.5000 1.5000 3 2 1 3 11 0.3438 13 13 26 0 1 1 2 1.0833 1.1818 0.0602 0.0602 1 1 2 2 0.1538 0.1538 1 0 0 0 1 0 1 0 1 0 0 0 2 0 5 2 4 8 3 4 5 4 5 1 4 1 2 1 1 1 1 0 0 1 
0 14 8679998 0 1 0 1 0 3 3 6 0 1 1 2 1 3 9 0.2812 13 25 38 12 1.9231 1 2 1.0833 1.0870 0.0602 0.1157 1 1 4 16 0.3077 0.6400 1 0 0 0 0 0 1 0 0 0 0 0 1 1 1 2 2 4 1 2 3 6 8 4 2 3 1 3 1 3 1 4 1 2 

1 15 8639999 1 0 1 0 0 3 5 8 2 2 4 2 1 3 21 0.6562 25 7 32 18 3.5714 2 1 1.0870 1.1667 0.1163 0.0326 1 0 4 -14.0000 0.1600 -2.0000 1 0 0 0 0 0 1 0 0 0 0 0 2 2 4 3 6 4 3 5 8 12 16 2 0 1 0 1 0 1 0 1 0 1 
0 15 8639998 1 0 0 1 0 3 3 6 0.5000 0.5000 1 2 1 3 9 0.2812 25 12 37 13 2.0833 2 0 1.0870 1 0.1163 0.0558 1 1 16 3 0.6400 0.2500 1 0 0 0 0 0 1 0 0 0 0 0 2 1 4 5 5 5 2 3 4 6 6 4 1 2 1 2 1 2 1 2 1 2 

1 16 8719999 1 0 1 0 0 4 2 6 1.5000 1.5000 3 2 1 3 11 0.3438 13 13 26 0 1 1 2 1.0833 1.1818 0.0602 0.0602 1 1 2 2 0.1538 0.1538 1 0 0 0 1 0 1 0 1 0 0 0 2 0 5 2 9 3 3 4 5 4 5 1 4 1 2 1 1 1 1 0 0 1 
0 16 8679998 1 0 0 1 0 4 5 9 1.5000 1.5000 3 2 1 3 9 0.2812 13 26 39 13 2 1 3 1.0833 1.1304 0.0602 0.1204 1 1 4 17 0.3077 0.6538 1 0 0 0 1 0 1 0 1 0 0 0 2 1 5 1 9 3 2 2 4 6 10 6 2 4 2 3 1 3 1 3 1 1 

1 17 8639999 1 0 1 0 0 5 6 11 3 3 6 2 1 3 22 0.6875 26 7 33 19 3.7143 3 1 1.1304 1.1667 0.1209 0.0326 1 0 4 -15.0000 0.1538 -2.1429 1 0 0 0 0 0 1 0 0 0 0 0 2 2 4 3 6 4 3 5 8 12 16 2 0 1 0 1 0 1 0 1 0 1 
0 17 8639997 1 0 0 1 0 5 4 9 1 1 2 2 1 3 9 0.2812 26 12 38 14 2.1667 3 0 1.1304 1 0.1209 0.0558 1 1 17 3 0.6538 0.2500 1 0 0 0 0 0 1 0 0 0 0 0 2 1 4 6 4 6 2 3 4 6 6 6 1 4 1 2 1 2 1 2 1 1 

1 18 8679999 1 0 1 0 0 8 7 15 4 4 8 2 1 3 23 0.7188 27 7 34 20 3.8571 4 1 1.1739 1.1667 0.1250 0.0324 1 0 4 -16.0000 0.1481 -2.2857 1 0 0 0 0 0 1 0 0 0 0 0 2 2 4 3 6 4 3 5 8 12 16 2 0 1 0 1 0 1 0 1 0 1 
0 18 8679997 1 0 0 1 0 8 5 13 1.5000 1.5000 3 2 1 3 10 0.3125 27 12 39 15 2.2500 4 0 1.1739 1 0.1250 0.0556 1 1 17 2 0.6296 0.1667 1 0 0 0 0 0 1 0 0 0 0 0 2 3 4 3 5 5 3 4 5 4 5 7 1 3 1 2 1 2 1 2 0 1 

0 19 8639997 1 0 1 0 0 7 3 10 2.5000 2.5000 5 1 1 2 2 0.0625 6 8 14 2 1.3333 0 0 1 1 0.0279 0.0372 1 1 4 6 0.6667 0.7500 1 0 0 0 0 0 1 0 0 0 0 0 2 0 4 0 4 0 4 7 8 9 11 1 1 1 1 1 1 1 2 1 2 1 
1 19 8639998 1 0 1 0 0 2 5 7 1.5000 1.5000 3 1 2 3 10 0.3125 12 12 24 0 1 1 0 1.0909 1 0.0558 0.0558 1 1 2 2 0.1667 0.1667 1 0 0 0 1 0 1 0 1 0 0 0 2 1 3 3 8 5 3 4 5 4 5 1 2 1 2 1 1 1 1 0 0 1 
0 19 8639997 1 0 0 1 0 8 5 13 1.5000 1.5000 3 1 2 3 8 0.2500 25 12 37 13 2.0833 2 0 1.0870 1 0.1163 0.0558 1 1 17 4 0.6800 0.3333 1 0 0 0 1 0 1 0 1 0 0 0 2 0 4 4 6 5 2 2 4 6 10 4 1 4 1 3 1 3 1 3 1 2 

1 20 8679998 1 0 1 0 0 7 3 10 2.5000 2.5000 5 1 1 2 2 0.0625 6 8 14 2 1.3333 0 0 1 1 0.0278 0.0370 1 1 4 6 0.6667 0.7500 1 0 0 0 0 0 1 0 0 0 0 0 2 0 4 0 4 0 4 7 8 9 11 1 1 1 1 1 1 1 2 1 2 1 
0 20 8679997 1 0 0 1 0 8 6 14 1.5000 1.5000 3 1 1 2 8 0.2500 25 12 37 13 2.0833 2 0 1.0870 1 0.1157 0.0556 1 1 17 4 0.6800 0.3333 1 0 0 0 0 0 1 0 0 0 0 0 2 0 4 4 4 7 2 2 4 6 10 4 1 4 1 3 1 3 1 3 1 2 

0 21 8679997 1 0 1 0 0 7 3 10 2.5000 2.5000 5 1 1 2 2 0.0625 6 8 14 2 1.3333 0 0 1 1 0.0278 0.0370 1 1 4 6 0.6667 0.7500 1 0 0 0 0 0 1 0 0 0 0 0 2 0 4 0 4 0 4 7 8 9 11 1 1 1 1 1 1 1 2 1 2 1 
1 21 8719997 0 1 1 0 0 6 3 9 2 2.5000 4.5000 2 1 3 11 0.3438 13 12 25 1 1.0833 1 1 1.0833 1.0909 0.0602 0.0556 1 1 2 1 0.1538 0.0833 1 0 0 0 1 0 1 1 0 0 0 0 1 1 1 1 6 4 1 1 1 2 3 2 2 1 1 1 1 1 0 0 0 2 
0 21 8679997 1 0 0 0 1 6 8 14 1.5000 1.5000 3 2 1 3 8 0.2500 13 25 38 12 1.9231 1 2 1.0833 1.0870 0.0602 0.1157 1 1 5 17 0.3846 0.6800 1 0 0 0 1 0 1 1 0 0 0 0 2 0 4 5 5 6 2 2 4 6 10 4 2 4 2 3 2 3 2 3 1 2 

0 22 8679997 1 0 1 0 0 7 3 10 2.5000 2.5000 5 1 1 2 2 0.0625 6 8 14 2 1.3333 0 0 1 1 0.0278 0.0370 1 1 4 6 0.6667 0.7500 1 0 0 0 0 0 1 0 0 0 0 0 2 0 4 0 4 0 4 7 8 9 11 1 1 1 1 1 1 1 2 1 2 1 
1 22 8679998 1 0 1 0 0 4 7 11 3 3 6 1 2 3 11 0.3438 13 13 26 0 1 2 1 1.1818 1.0833 0.0602 0.0602 1 1 2 2 0.1538 0.1538 1 0 0 0 0 1 1 0 1 0 0 0 2 1 3 4 2 10 3 4 5 4 5 2 4 1 3 1 1 1 1 0 0 1 
0 22 8679997 1 0 0 0 1 7 8 15 1.5000 1.5000 3 2 1 3 8 0.2500 13 25 38 12 1.9231 1 2 1.0833 1.0870 0.0602 0.1157 1 1 5 17 0.3846 0.6800 1 0 0 0 0 1 1 0 1 0 0 0 2 0 4 3 6 6 2 2 4 6 10 4 2 4 2 3 2 3 2 3 1 2 

1 23 8679997 1 0 1 0 0 8 7 15 4 4 8 2 2 4 19 0.5938 23 6 29 17 3.8333 0 0 1 1 0.1065 0.0278 1 0 4 -13.0000 0.1739 -2.1667 1 0 0 0 0 0 1 0 1 0 0 0 2 2 4 3 6 4 3 5 8 12 16 1 0 1 0 1 0 1 0 1 0 2 
0 23 8679996 1 0 1 0 0 2 2 4 2 2 4 1 1 2 7 0.2188 9 6 15 3 1.5000 0 0 1 1 0.0417 0.0278 1 0 2 -1.0000 0.2222 -0.1667 1 0 0 0 0 0 1 0 0 0 0 1 2 3 4 4 8 10 4 6 7 12 11 0 1 0 1 0 1 0 1 0 0 2 
0 23 8679996 0 1 1 0 0 3 7 10 0 2.5000 2.5000 1 2 3 3 0.0938 9 6 15 3 1.5000 1 0 1.1250 1 0.0417 0.0278 1 1 6 3 0.6667 0.5000 1 0 0 0 0 0 1 0 1 0 0 0 1 0 1 0 1 5 2 4 6 7 11 1 2 1 1 1 1 1 2 1 2 1 
0 23 8679995 0 1 1 0 0 5 8 13 3 3.5000 6.5000 1 2 3 11 0.3438 12 13 25 1 1.0833 1 1 1.0909 1.0833 0.0556 0.0602 1 1 1 2 0.0833 0.1538 1 0 0 0 0 0 1 0 0 0 0 0 1 0 1 1 1 1 2 3 4 3 3 2 2 1 1 1 1 1 0 0 0 2 
0 23 8679995 1 0 0 1 0 8 8 16 1.5000 1.5000 3 2 2 4 8 0.2500 13 23 36 10 1.7692 1 0 1.0833 1 0.0602 0.1065 1 1 5 15 0.3846 0.6522 1 0 0 0 1 0 1 1 0 0 0 1 2 0 4 3 7 5 2 2 4 6 10 1 2 1 2 1 2 1 2 1 1 4 

1 24 8719997 1 0 1 0 0 8 7 15 4 4 8 2 2 4 19 0.5938 23 6 29 17 3.8333 0 0 1 1 0.1060 0.0276 1 0 4 -13.0000 0.1739 -2.1667 1 0 0 0 0 0 1 0 1 0 0 0 2 2 4 3 6 4 3 5 8 12 16 1 0 1 0 1 0 1 0 1 0 2 
0 24 8719996 1 0 1 0 0 2 2 4 2 2 4 1 1 2 7 0.2188 9 6 15 3 1.5000 0 0 1 1 0.0415 0.0276 1 0 2 -1.0000 0.2222 -0.1667 1 0 0 0 0 0 1 0 0 0 1 0 2 3 4 5 6 12 4 6 7 12 11 0 1 0 1 0 1 0 1 0 0 2 
0 24 8719996 0 1 1 0 0 3 7 10 0 2.5000 2.5000 1 2 3 3 0.0938 9 6 15 3 1.5000 1 0 1.1250 1 0.0415 0.0276 1 1 6 3 0.6667 0.5000 1 0 0 0 0 0 1 0 1 0 0 0 1 0 1 0 1 5 2 4 6 7 11 1 2 1 1 1 1 1 2 1 2 1 
0 24 8719995 1 0 1 0 0 8 5 13 3.5000 3.5000 7 2 1 3 11 0.3438 14 11 25 3 1.2727 2 0 1.1667 1 0.0645 0.0507 1 0 3 0 0.2143 0 1 0 0 1 0 0 1 1 0 0 0 0 2 2 3 3 7 7 2 3 4 6 6 3 1 1 1 1 0 1 0 1 0 4 
0 24 8719995 0 1 0 1 0 8 8 16 0 1.5000 1.5000 2 2 4 9 0.2812 14 23 37 9 1.6429 2 0 1.1667 1 0.0645 0.1060 1 1 5 14 0.3571 0.6087 1 0 0 0 0 0 1 0 0 0 1 0 1 1 1 2 2 5 1 2 3 6 8 1 4 1 3 1 3 1 1 2 1 3 

0 25 8639996 1 0 1 0 0 2 2 4 2 2 4 1 1 2 7 0.2188 9 6 15 3 1.5000 0 0 1 1 0.0419 0.0279 1 0 2 -1.0000 0.2222 -0.1667 1 0 0 0 0 0 1 0 0 0 0 1 2 3 4 4 8 10 4 6 7 12 11 0 1 0 1 0 1 0 1 0 0 2 
0 25 8639995 1 0 1 0 0 8 5 13 3.5000 3.5000 7 2 1 3 10 0.3125 13 11 24 2 1.1818 1 0 1.0833 1 0.0605 0.0512 1 1 3 1 0.2308 0.0909 1 0 0 1 0 0 1 1 0 0 0 0 2 2 3 6 5 5 2 3 4 6 6 2 1 2 1 1 1 1 0 1 0 3 
1 25 8639997 1 0 1 0 0 9 8 17 5 5 10 2 2 4 20 0.6250 24 7 31 17 3.4286 1 1 1.0435 1.1667 0.1116 0.0326 1 0 4 -13.0000 0.1667 -1.8571 1 0 0 0 0 0 1 0 0 1 0 0 2 2 4 4 5 5 3 5 8 12 16 2 0 1 0 1 0 1 0 1 0 1 
0 25 8639996 0 1 0 1 0 8 3 11 0.5000 2.5000 3 2 1 3 3 0.0938 7 8 15 1 1.1429 1 0 1.1667 1 0.0326 0.0372 1 1 4 5 0.5714 0.6250 1 0 0 0 0 0 1 0 0 0 0 0 1 0 1 0 1 0 2 4 4 5 9 2 1 1 1 1 2 1 2 1 2 0 
0 25 8639995 1 0 0 0 1 9 8 17 1.5000 1.5000 3 2 2 4 8 0.2500 24 13 37 11 1.8462 1 1 1.0435 1.0833 0.1116 0.0605 1 1 16 5 0.6667 0.3846 1 0 0 1 0 0 1 1 0 0 0 1 2 0 4 6 4 6 2 2 4 6 10 2 2 2 2 2 2 2 2 2 1 3 

1 26 8639997 1 0 1 0 0 2 2 4 2 2 4 1 1 2 7 0.2188 9 6 15 3 1.5000 0 0 1 1 0.0419 0.0279 1 0 2 -1.0000 0.2222 -0.1667 1 0 0 0 0 0 1 0 0 0 0 1 2 3 4 4 8 10 4 6 7 12 11 0 1 0 1 0 1 0 1 0 0 2 
0 26 8639996 1 0 1 0 0 8 5 13 3.5000 3.5000 7 2 1 3 10 0.3125 13 11 24 2 1.1818 1 0 1.0833 1 0.0605 0.0512 1 1 3 1 0.2308 0.0909 1 0 0 1 0 0 1 1 0 0 0 0 2 2 3 6 5 5 2 3 4 6 6 2 1 2 1 1 1 1 0 1 0 3 
1 26 8639997 0 1 0 1 0 9 3 12 0.5000 2.5000 3 1 1 2 3 0.0938 7 8 15 1 1.1429 1 0 1.1667 1 0.0326 0.0372 1 1 4 5 0.5714 0.6250 1 0 0 0 0 0 1 0 0 0 0 0 1 0 1 0 1 0 2 4 4 5 9 2 1 1 1 1 2 1 2 1 2 0 
0 26 8639996 1 0 0 0 1 10 8 18 1.5000 1.5000 3 1 2 3 8 0.2500 25 13 38 12 1.9231 2 1 1.0870 1.0833 0.1163 0.0605 1 1 17 5 0.6800 0.3846 1 0 0 1 0 0 1 1 0 0 0 1 2 0 4 6 4 6 2 2 4 6 10 4 2 4 2 3 2 3 2 3 1 2 

0 27 8639995 1 0 1 0 0 8 5 13 3.5000 3.5000 7 2 1 3 10 0.3125 13 11 24 2 1.1818 1 0 1.0833 1 0.0605 0.0512 1 1 3 1 0.2308 0.0909 1 0 0 1 0 0 1 1 0 0 0 1 2 2 3 6 5 5 2 3 4 6 6 2 1 2 1 1 1 1 0 1 0 3 
1 27 8639997 1 0 1 0 0 3 3 6 3 3 6 2 1 3 8 0.2500 10 6 16 4 1.6667 1 0 1.1111 1 0.0465 0.0279 1 0 2 -2.0000 0.2000 -0.3333 1 0 1 0 0 1 1 1 0 0 0 1 2 2 6 5 8 14 4 6 7 12 11 0 2 0 1 0 1 0 1 0 0 1 
0 27 8639996 0 1 0 1 0 9 3 12 0.5000 2.5000 3 1 1 2 3 0.0938 7 8 15 1 1.1429 1 0 1.1667 1 0.0326 0.0372 1 1 4 5 0.5714 0.6250 1 0 0 0 0 0 1 0 0 0 0 0 1 0 1 0 1 0 2 4 4 5 9 2 1 1 1 1 2 1 2 1 2 0 
1 27 8639997 1 0 0 1 0 3 0 3 0 0 0 2 1 3 7 0.2188 10 33 43 23 3.3000 1 0 1.1111 1 0.0465 0.1535 1 1 3 26 0.3000 0.7879 1 0 1 0 0 1 1 1 0 0 1 1 2 2 5 5 4 15 4 7 9 8 12 4 2 5 2 4 1 6 1 6 1 0 
0 27 8639995 1 0 0 0 1 10 8 18 1.5000 1.5000 3 1 2 3 8 0.2500 25 13 38 12 1.9231 2 1 1.0870 1.0833 0.1163 0.0605 1 1 17 5 0.6800 0.3846 1 0 0 1 0 2 1 1 0 0 1 1 2 0 4 6 4 8 2 2 4 6 10 4 2 4 2 3 2 3 2 3 1 2 

0 28 8639997 1 0 1 0 0 8 5 13 3.5000 3.5000 7 2 1 3 10 0.3125 13 11 24 2 1.1818 1 0 1.0833 1 0.0605 0.0512 1 1 3 1 0.2308 0.0909 1 0 0 1 0 0 1 1 0 0 0 0 2 2 3 6 5 5 2 3 4 6 6 2 1 2 1 1 1 1 0 1 0 3 
1 28 8639998 0 1 0 1 0 9 3 12 0.5000 2.5000 3 1 1 2 3 0.0938 7 8 15 1 1.1429 1 0 1.1667 1 0.0326 0.0372 1 1 4 5 0.5714 0.6250 1 0 0 0 0 0 1 0 0 0 0 0 1 0 1 0 1 0 2 4 4 5 9 2 1 1 1 1 2 1 2 1 2 0 
0 28 8639997 1 0 0 0 1 10 8 18 1.5000 1.5000 3 1 2 3 8 0.2500 25 13 38 12 1.9231 2 1 1.0870 1.0833 0.1163 0.0605 1 1 17 5 0.6800 0.3846 1 0 0 1 0 0 1 1 0 0 0 0 2 0 4 6 4 6 2 2 4 6 10 4 2 4 2 3 2 3 2 3 1 2 

1 29 8679999 1 0 1 0 0 7 10 17 3.5000 3.5000 7 1 2 3 11 0.3438 13 13 26 0 1 2 1 1.1818 1.0833 0.0602 0.0602 1 1 2 2 0.1538 0.1538 1 0 0 0 0 1 1 0 1 0 0 0 2 1 3 4 2 10 3 4 5 4 5 2 4 1 3 1 1 1 1 0 0 1 
0 29 8679998 1 0 0 0 1 10 10 20 1.5000 1.5000 3 1 2 3 8 0.2500 25 13 38 12 1.9231 2 1 1.0870 1.0833 0.1157 0.0602 1 1 17 5 0.6800 0.3846 1 0 0 0 0 1 1 0 1 0 0 0 2 0 4 3 6 6 2 2 4 6 10 4 2 4 2 3 2 3 2 3 1 2 

1 30 8759999 1 0 1 0 0 11 7 18 3.5000 3.5000 7 2 1 3 11 0.3438 13 13 26 0 1 1 2 1.0833 1.1818 0.0599 0.0599 1 1 2 2 0.1538 0.1538 1 0 0 0 1 0 1 0 1 0 0 0 2 0 5 2 4 8 3 4 5 4 5 1 4 1 2 1 1 1 1 0 0 1 
0 30 8719998 0 1 0 1 0 11 11 22 0 2.5000 2.5000 2 1 3 9 0.2812 13 25 38 12 1.9231 1 2 1.0833 1.0870 0.0599 0.1152 1 1 4 16 0.3077 0.6400 1 0 0 0 0 0 1 0 0 0 0 0 1 1 1 2 2 4 1 2 3 6 8 4 2 3 1 3 1 3 1 4 1 2 

1 31 8679999 1 0 1 0 0 11 10 21 6 6 12 2 1 3 21 0.6562 25 8 33 17 3.1250 2 2 1.0870 1.3333 0.1157 0.0370 1 0 4 -13.0000 0.1600 -1.6250 1 0 0 0 0 0 1 0 0 0 0 0 2 2 4 3 6 4 3 5 8 12 16 2 0 1 0 1 0 1 0 1 0 1 
0 31 8679998 1 0 0 1 0 11 11 22 5 5 10 2 1 3 9 0.2812 25 12 37 13 2.0833 2 0 1.0870 1 0.1157 0.0556 1 1 16 3 0.6400 0.2500 1 0 0 0 0 0 1 0 0 0 0 0 2 1 4 5 5 5 2 3 4 6 6 4 1 2 1 2 1 2 1 2 1 2 

1 32 8759999 1 0 1 0 0 12 7 19 3.5000 3.5000 7 2 1 3 11 0.3438 13 13 26 0 1 1 2 1.0833 1.1818 0.0599 0.0599 1 1 2 2 0.1538 0.1538 1 0 0 0 1 0 1 0 1 0 0 0 2 0 5 2 9 3 3 4 5 4 5 1 4 1 2 1 1 1 1 0 0 1 
0 32 8719998 1 0 0 1 0 12 13 25 3 3 6 2 1 3 9 0.2812 13 26 39 13 2 1 3 1.0833 1.1304 0.0599 0.1198 1 1 4 17 0.3077 0.6538 1 0 0 0 1 0 1 0 1 0 0 0 2 1 5 1 9 3 2 2 4 6 10 6 2 4 2 3 1 3 1 3 1 1 

1 33 8679999 1 0 1 0 0 13 11 24 7 7 14 2 1 3 22 0.6875 26 8 34 18 3.2500 3 2 1.1304 1.3333 0.1204 0.0370 1 0 4 -14.0000 0.1538 -1.7500 1 0 0 0 0 0 1 0 0 0 0 0 2 2 4 3 6 4 3 5 8 12 16 2 0 1 0 1 0 1 0 1 0 1 
0 33 8679997 1 0 0 1 0 13 12 25 5.5000 5.5000 11 2 1 3 9 0.2812 26 12 38 14 2.1667 3 0 1.1304 1 0.1204 0.0556 1 1 17 3 0.6538 0.2500 1 0 0 0 0 0 1 0 0 0 0 0 2 1 4 6 4 6 2 3 4 6 6 6 1 4 1 2 1 2 1 2 1 1 

1 34 8719999 1 0 1 0 0 16 12 28 8 8 16 2 1 3 23 0.7188 27 8 35 19 3.3750 4 2 1.1739 1.3333 0.1244 0.0369 1 0 4 -15.0000 0.1481 -1.8750 1 0 0 0 0 0 1 0 0 0 0 0 2 2 4 3 6 4 3 5 8 12 16 2 0 1 0 1 0 1 0 1 0 1 
0 34 8719997 1 0 0 1 0 16 13 29 3.5000 3.5000 7 2 1 3 10 0.3125 27 12 39 15 2.2500 4 0 1.1739 1 0.1244 0.0553 1 1 17 2 0.6296 0.1667 1 0 0 0 0 0 1 0 0 0 0 0 2 3 4 3 5 5 3 4 5 4 5 7 1 3 1 2 1 2 1 2 0 1 

1 35 8719999 1 0 1 0 0 9 15 24 4 4 8 1 2 3 11 0.3438 13 13 26 0 1 2 1 1.1818 1.0833 0.0599 0.0599 1 1 2 2 0.1538 0.1538 1 0 0 0 0 1 1 0 1 0 0 0 2 1 3 4 2 10 3 4 5 4 5 2 4 1 3 1 1 1 1 0 0 1 
0 35 8719998 1 0 0 0 1 16 15 31 3 3 6 1 2 3 8 0.2500 25 13 38 12 1.9231 2 1 1.0870 1.0833 0.1152 0.0599 1 1 17 5 0.6800 0.3846 1 0 0 0 0 1 1 0 1 0 0 0 2 0 4 3 6 6 2 2 4 6 10 4 2 4 2 3 2 3 2 3 1 2 

1 36 8719999 0 1 1 0 0 5 13 18 0 4 4 1 1 2 3 0.0938 9 6 15 3 1.5000 1 0 1.1250 1 0.0415 0.0276 1 1 6 3 0.6667 0.5000 1 0 0 0 0 0 1 0 0 0 0 0 1 0 1 0 1 7 2 4 6 7 11 1 2 1 1 1 1 1 2 1 2 1 
0 36 8719997 1 0 0 1 0 16 15 31 3 3 6 1 1 2 8 0.2500 25 12 37 13 2.0833 2 0 1.0870 1 0.1152 0.0553 1 1 17 4 0.6800 0.3333 1 0 0 0 0 0 1 0 0 0 0 0 2 0 4 4 4 7 2 2 4 6 10 4 1 4 1 3 1 3 1 3 1 2 

0 37 8679997 1 0 0 1 0 16 15 31 3 3 6 1 1 2 8 0.2500 25 12 37 13 2.0833 2 0 1.0870 1 0.1157 0.0556 1 1 17 4 0.6800 0.3333 1 0 0 0 0 0 1 0 0 0 0 0 2 0 4 4 4 7 2 2 4 6 10 4 1 4 1 3 1 3 1 3 1 2 
1 37 8679999 0 1 0 1 0 13 5 18 1 4 5 1 1 2 3 0.0938 7 8 15 1 1.1429 1 0 1.1667 1 0.0324 0.0370 1 1 4 5 0.5714 0.6250 1 0 0 0 0 0 1 0 0 0 0 0 1 0 1 0 1 0 2 4 4 5 9 2 1 1 1 1 2 1 2 1 2 0 

1 38 8759999 1 0 1 0 0 16 9 25 4 4 8 2 1 3 11 0.3438 13 13 26 0 1 1 2 1.0833 1.1818 0.0599 0.0599 1 1 2 2 0.1538 0.1538 1 0 0 0 1 0 1 0 1 0 0 0 2 0 5 2 4 8 3 4 5 4 5 1 4 1 2 1 1 1 1 0 0 1 
0 38 8719998 0 1 0 1 0 16 17 33 0 4 4 2 1 3 9 0.2812 13 25 38 12 1.9231 1 2 1.0833 1.0870 0.0599 0.1152 1 1 4 16 0.3077 0.6400 1 0 0 0 0 0 1 0 0 0 0 0 1 1 1 2 2 5 1 2 3 6 8 4 2 3 1 3 1 3 1 4 1 2 

1 39 8679999 1 0 1 0 0 17 14 31 8 8 16 2 1 3 21 0.6562 25 7 32 18 3.5714 2 1 1.0870 1.1667 0.1157 0.0324 1 0 4 -14.0000 0.1600 -2.0000 1 0 0 0 0 0 1 0 0 0 0 0 2 2 4 3 6 4 3 5 8 12 16 2 0 1 0 1 0 1 0 1 0 1 
0 39 8679998 1 0 0 1 0 17 16 33 8 8 16 2 1 3 9 0.2812 25 12 37 13 2.0833 2 0 1.0870 1 0.1157 0.0556 1 1 16 3 0.6400 0.2500 1 0 0 0 0 0 1 0 0 0 0 0 2 1 4 5 5 5 2 3 4 6 6 4 1 2 1 2 1 2 1 2 1 2 

1 40 8759999 1 0 1 0 0 17 9 26 4 4 8 2 1 3 11 0.3438 13 13 26 0 1 1 2 1.0833 1.1818 0.0599 0.0599 1 1 2 2 0.1538 0.1538 1 0 0 0 1 0 1 0 1 0 0 0 2 0 5 2 9 3 3 4 5 4 5 1 4 1 2 1 1 1 1 0 0 1 
0 40 8719998 1 0 0 1 0 17 19 36 4.5000 4.5000 9 2 1 3 9 0.2812 13 26 39 13 2 1 3 1.0833 1.1304 0.0599 0.1198 1 1 4 17 0.3077 0.6538 1 0 0 0 1 0 1 0 1 0 0 0 2 1 5 1 9 3 2 2 4 6 10 6 2 4 2 3 1 3 1 3 1 1 

1 41 8679999 1 0 1 0 0 19 15 34 9 9 18 2 1 3 22 0.6875 26 7 33 19 3.7143 3 1 1.1304 1.1667 0.1204 0.0324 1 0 4 -15.0000 0.1538 -2.1429 1 0 0 0 0 0 1 0 0 0 0 0 2 2 4 3 6 4 3 5 8 12 16 2 0 1 0 1 0 1 0 1 0 1 
0 41 8679997 1 0 0 1 0 19 17 36 8.5000 8.5000 17 2 1 3 9 0.2812 26 12 38 14 2.1667 3 0 1.1304 1 0.1204 0.0556 1 1 17 3 0.6538 0.2500 1 0 0 0 0 0 1 0 0 0 0 0 2 1 4 6 4 6 2 3 4 6 6 6 1 4 1 2 1 2 1 2 1 1 

1 42 8719999 1 0 1 0 0 22 16 38 10 10 20 2 1 3 23 0.7188 27 7 34 20 3.8571 4 1 1.1739 1.1667 0.1244 0.0323 1 0 4 -16.0000 0.1481 -2.2857 1 0 0 0 0 0 1 0 0 0 0 0 2 2 4 3 6 4 3 5 8 12 16 2 0 1 0 1 0 1 0 1 0 1 
0 42 8719997 1 0 0 1 0 22 18 40 4 4 8 2 1 3 10 0.3125 27 12 39 15 2.2500 4 0 1.1739 1 0.1244 0.0553 1 1 17 2 0.6296 0.1667 1 0 0 0 0 0 1 0 0 0 0 0 2 3 4 3 5 5 3 4 5 4 5 7 1 3 1 2 1 2 1 2 0 1 

1 43 8759998 0 1 1 0 0 20 11 31 9.5000 6 15.5000 2 1 3 12 0.3750 14 13 27 1 1.0769 2 2 1.1667 1.1818 0.0645 0.0599 1 1 2 1 0.1429 0.0769 1 0 0 0 1 0 1 1 0 0 0 0 1 1 1 1 1 7 1 1 1 2 3 2 3 1 1 1 1 1 0 0 0 2 
0 43 8719998 0 1 0 0 1 20 22 42 0 4.5000 4.5000 2 1 3 9 0.2812 14 25 39 11 1.7857 2 2 1.1667 1.0870 0.0645 0.1152 1 1 5 16 0.3571 0.6400 1 0 0 0 0 0 1 0 0 0 0 0 1 1 1 2 2 4 1 2 3 6 8 4 4 3 3 3 3 3 2 4 1 2 

1 44 8719999 1 0 1 0 0 20 11 31 6 6 12 2 1 3 11 0.3438 13 13 26 0 1 1 2 1.0833 1.1818 0.0599 0.0599 1 1 2 2 0.1538 0.1538 1 0 1 0 0 0 1 1 0 0 0 0 2 0 5 6 4 5 3 4 5 4 5 1 4 1 2 1 1 1 1 0 0 1 
0 44 8719998 0 1 0 1 0 20 22 42 4.5000 9.5000 14 2 1 3 10 0.3125 13 27 40 14 2.0769 1 4 1.0833 1.1739 0.0599 0.1244 1 1 3 17 0.2308 0.6296 1 0 0 0 0 0 1 0 0 0 0 0 1 0 1 2 1 3 1 1 2 3 6 8 2 5 1 4 1 4 1 4 1 0 

1 45 8759998 0 1 1 0 0 21 12 33 9.5000 7 16.5000 2 1 3 12 0.3750 14 13 27 1 1.0769 2 2 1.1667 1.1818 0.0645 0.0599 1 1 2 1 0.1429 0.0769 1 0 0 0 1 0 1 1 0 0 0 0 1 1 1 1 1 7 1 1 1 2 3 2 2 1 1 1 1 1 0 0 0 2 
0 45 8719998 0 1 0 0 1 21 22 43 0 4.5000 4.5000 2 1 3 9 0.2812 14 25 39 11 1.7857 2 2 1.1667 1.0870 0.0645 0.1152 1 1 5 16 0.3571 0.6400 1 0 0 0 0 0 1 0 0 0 0 0 1 1 1 2 2 4 1 2 3 6 8 4 4 3 2 3 2 3 2 4 1 2 

1 46 8719999 1 0 0 1 0 24 17 41 11 11 22 2 1 3 24 0.7500 28 7 35 21 4 5 1 1.2174 1.1667 0.1296 0.0324 1 0 4 -17.0000 0.1429 -2.4286 1 0 0 0 0 0 1 0 0 0 0 0 2 2 4 3 6 4 3 5 8 12 16 3 0 2 0 2 0 2 0 2 0 0 
0 46 8679998 1 0 0 1 0 24 21 45 7 7 14 2 1 3 10 0.3125 28 12 40 16 2.3333 5 0 1.2174 1 0.1296 0.0556 1 1 18 2 0.6429 0.1667 1 0 0 0 0 0 1 0 0 0 0 0 2 3 4 3 5 5 3 4 5 4 5 8 1 6 1 4 1 3 1 3 0 0 

1 47 8759999 1 0 1 0 0 22 12 34 7 7 14 2 1 3 11 0.3438 13 13 26 0 1 1 2 1.0833 1.1818 0.0599 0.0599 1 1 2 2 0.1538 0.1538 1 0 0 0 1 0 1 0 1 0 0 0 2 0 5 2 4 8 3 4 5 4 5 1 4 1 2 1 1 1 1 0 0 1 
0 47 8719998 0 1 0 1 0 22 26 48 0 5.5000 5.5000 2 1 3 9 0.2812 13 25 38 12 1.9231 1 2 1.0833 1.0870 0.0599 0.1152 1 1 4 16 0.3077 0.6400 1 0 0 0 0 0 1 0 0 0 0 0 1 1 1 2 2 4 1 2 3 6 8 4 2 3 1 3 1 3 1 4 1 2 

1 48 8679999 1 0 1 0 0 26 19 45 12 12 24 2 1 3 21 0.6562 25 6 31 19 4.1667 2 0 1.0870 1 0.1157 0.0278 1 0 4 -15.0000 0.1600 -2.5000 1 0 0 0 0 0 1 0 0 0 0 0 2 2 4 3 6 4 3 5 8 12 16 2 0 1 0 1 0 1 0 1 0 1 
0 48 8679998 1 0 0 1 0 26 22 48 9.5000 9.5000 19 2 1 3 9 0.2812 25 12 37 13 2.0833 2 0 1.0870 1 0.1157 0.0556 1 1 16 3 0.6400 0.2500 1 0 0 0 0 0 1 0 0 0 0 0 2 1 4 5 5 5 2 3 4 6 6 4 1 2 1 2 1 2 1 2 1 2 

1 49 8759999 1 0 1 0 0 23 12 35 7 7 14 2 1 3 11 0.3438 13 13 26 0 1 1 2 1.0833 1.1818 0.0599 0.0599 1 1 2 2 0.1538 0.1538 1 0 0 0 1 0 1 0 1 0 0 0 2 0 5 2 9 3 3 4 5 4 5 1 4 1 2 1 1 1 1 0 0 1 
0 49 8719998 1 0 0 1 0 23 28 51 6 6 12 2 1 3 9 0.2812 13 26 39 13 2 1 3 1.0833 1.1304 0.0599 0.1198 1 1 4 17 0.3077 0.6538 1 0 0 0 1 0 1 0 1 0 0 0 2 1 5 1 9 3 2 2 4 6 10 6 2 4 2 3 1 3 1 3 1 1 

1 50 8679999 1 0 1 0 0 28 20 48 13 13 26 2 1 3 22 0.6875 26 6 32 20 4.3333 3 0 1.1304 1 0.1204 0.0278 1 0 4 -16.0000 0.1538 -2.6667 1 0 0 0 0 0 1 0 0 0 0 0 2 2 4 3 6 4 3 5 8 12 16 2 0 1 0 1 0 1 0 1 0 1 
0 50 8679997 1 0 0 1 0 28 23 51 10 10 20 2 1 3 9 0.2812 26 12 38 14 2.1667 3 0 1.1304 1 0.1204 0.0556 1 1 17 3 0.6538 0.2500 1 0 0 0 0 0 1 0 0 0 0 0 2 1 4 6 4 6 2 3 4 6 6 6 1 4 1 2 1 2 1 2 1 1 

1 51 8719999 1 0 1 0 0 31 21 52 14 14 28 2 1 3 23 0.7188 27 6 33 21 4.5000 4 0 1.1739 1 0.1244 0.0276 1 0 4 -17.0000 0.1481 -2.8333 1 0 0 0 0 0 1 0 0 0 0 0 2 2 4 3 6 4 3 5 8 12 16 2 0 1 0 1 0 1 0 1 0 1 
0 51 8719997 1 0 0 1 0 31 24 55 7 7 14 2 1 3 10 0.3125 27 12 39 15 2.2500 4 0 1.1739 1 0.1244 0.0553 1 1 17 2 0.6296 0.1667 1 0 0 0 0 0 1 0 0 0 0 0 2 3 4 3 5 5 3 4 5 4 5 7 1 3 1 2 1 2 1 2 0 1 

1 52 8719999 1 0 1 0 0 21 7 28 5 5 10 1 1 2 3 0.0938 7 9 16 2 1.2857 1 1 1.1667 1.1250 0.0323 0.0415 1 1 4 6 0.5714 0.6667 1 0 0 0 0 0 1 0 0 0 0 0 2 1 3 2 2 2 4 7 8 9 11 2 2 2 1 1 1 1 2 1 2 1 
0 52 8719997 1 0 0 1 0 31 24 55 6 6 12 1 1 2 8 0.2500 25 12 37 13 2.0833 2 0 1.0870 1 0.1152 0.0553 1 1 17 4 0.6800 0.3333 1 0 0 0 0 0 1 0 0 0 0 0 2 0 4 4 4 7 2 2 4 6 10 4 1 4 1 3 1 3 1 3 1 2 

0 53 8679997 1 0 1 0 0 24 12 36 11 11 22 2 1 3 10 0.3125 13 11 24 2 1.1818 1 0 1.0833 1 0.0602 0.0509 1 1 3 1 0.2308 0.0909 1 0 0 1 0 0 1 1 0 0 0 0 2 2 3 6 5 5 2 3 4 6 6 2 1 2 1 1 1 1 0 1 0 3 
1 53 8679998 0 1 0 1 0 21 7 28 1.5000 5 6.5000 1 1 2 3 0.0938 7 8 15 1 1.1429 1 0 1.1667 1 0.0324 0.0370 1 1 4 5 0.5714 0.6250 1 0 0 0 0 0 1 0 0 0 0 0 1 0 1 0 1 0 2 4 4 5 9 2 1 1 1 1 2 1 2 1 2 0 
0 53 8679997 1 0 0 0 1 31 24 55 6 6 12 1 2 3 8 0.2500 25 13 38 12 1.9231 2 1 1.0870 1.0833 0.1157 0.0602 1 1 17 5 0.6800 0.3846 1 0 0 1 0 0 1 1 0 0 0 0 2 0 4 6 4 6 2 2 4 6 10 4 2 4 2 3 2 3 2 3 1 2 

1 54 8719999 1 0 1 0 0 14 26 40 7.5000 7.5000 15 1 2 3 11 0.3438 13 13 26 0 1 2 1 1.1818 1.0833 0.0599 0.0599 1 1 2 2 0.1538 0.1538 1 0 0 0 0 1 1 0 1 0 0 0 2 1 3 4 2 10 3 4 5 4 5 2 4 1 3 1 1 1 1 0 0 1 
0 54 8719998 1 0 0 0 1 31 26 57 6 6 12 1 2 3 8 0.2500 25 13 38 12 1.9231 2 1 1.0870 1.0833 0.1152 0.0599 1 1 17 5 0.6800 0.3846 1 0 0 0 0 1 1 0 1 0 0 0 2 0 4 3 6 6 2 2 4 6 10 4 2 4 2 3 2 3 2 3 1 2 

0 55 8719997 1 0 1 0 0 22 8 30 5.5000 5.5000 11 1 1 2 2 0.0625 6 8 14 2 1.3333 0 0 1 1 0.0276 0.0369 1 1 4 6 0.6667 0.7500 1 0 0 0 0 0 1 0 0 0 0 0 2 0 4 0 4 0 4 7 8 9 11 1 1 1 1 1 1 1 2 1 2 1 
1 55 8719998 1 0 1 0 0 15 27 42 8 8 16 1 2 3 11 0.3438 13 13 26 0 1 2 1 1.1818 1.0833 0.0599 0.0599 1 1 2 2 0.1538 0.1538 1 0 0 0 0 1 1 0 1 0 0 0 2 1 3 4 2 10 3 4 5 4 5 2 4 1 3 1 1 1 1 0 0 1 
0 55 8719997 1 0 0 0 1 27 31 58 6 6 12 2 1 3 8 0.2500 13 25 38 12 1.9231 1 2 1.0833 1.0870 0.0599 0.1152 1 1 5 17 0.3846 0.6800 1 0 0 0 0 1 1 0 1 0 0 0 2 0 4 3 6 6 2 2 4 6 10 4 2 4 2 3 2 3 2 3 1 2 

0 56 8719997 1 0 1 0 0 22 8 30 5.5000 5.5000 11 1 1 2 2 0.0625 6 8 14 2 1.3333 0 0 1 1 0.0276 0.0369 1 1 4 6 0.6667 0.7500 1 0 0 0 0 0 1 0 0 0 0 0 2 0 4 0 4 0 4 7 8 9 11 1 1 1 1 1 1 1 2 1 2 1 
1 56 8759997 0 1 1 0 0 28 16 44 13 9 22 2 1 3 12 0.3750 14 13 27 1 1.0769 2 2 1.1667 1.1818 0.0645 0.0599 1 1 2 1 0.1429 0.0769 1 0 0 0 1 0 1 1 0 0 0 0 1 1 1 1 1 7 1 1 1 2 3 2 3 1 1 1 1 1 0 0 0 2 
0 56 8719997 0 1 0 0 1 28 31 59 0 6 6 2 1 3 9 0.2812 14 25 39 11 1.7857 2 2 1.1667 1.0870 0.0645 0.1152 1 1 5 16 0.3571 0.6400 1 0 0 0 0 0 1 0 0 0 0 0 1 1 1 2 2 4 1 2 3 6 8 4 4 3 3 3 3 3 2 4 1 2 

0 57 8679996 1 0 1 0 0 4 4 8 4 4 8 1 1 2 7 0.2188 9 6 15 3 1.5000 0 0 1 1 0.0417 0.0278 1 0 2 -1.0000 0.2222 -0.1667 1 0 0 0 0 0 1 0 0 0 0 1 2 3 4 4 8 10 4 6 7 12 11 0 1 0 1 0 1 0 1 0 0 2 
0 57 8679996 0 1 1 0 0 8 23 31 0.5000 5.5000 6 1 2 3 3 0.0938 9 6 15 3 1.5000 1 0 1.1250 1 0.0417 0.0278 1 1 6 3 0.6667 0.5000 1 0 0 0 0 0 1 0 1 0 0 0 1 0 1 0 1 5 2 4 6 7 11 1 2 1 1 1 1 1 2 1 2 1 
0 57 8679995 0 1 1 0 0 16 28 44 9 13 22 1 2 3 11 0.3438 12 13 25 1 1.0833 1 1 1.0909 1.0833 0.0556 0.0602 1 1 1 2 0.0833 0.1538 1 0 0 0 0 0 1 0 0 0 0 0 1 0 1 1 1 1 2 3 4 3 3 2 2 1 1 1 1 1 0 0 0 2 
1 57 8679997 1 0 1 0 0 32 23 55 15 15 30 2 2 4 20 0.6250 24 6 30 18 4 1 0 1.0435 1 0.1111 0.0278 1 0 4 -14.0000 0.1667 -2.3333 1 0 0 0 0 0 1 0 1 0 0 0 2 2 4 4 5 5 3 5 8 12 16 2 0 1 0 1 0 1 0 1 0 1 
0 57 8679995 1 0 0 0 1 32 28 60 6 6 12 2 2 4 8 0.2500 24 13 37 11 1.8462 1 1 1.0435 1.0833 0.1111 0.0602 1 1 16 5 0.6667 0.3846 1 0 0 0 1 0 1 1 0 0 0 1 2 0 4 3 7 5 2 2 4 6 10 2 2 2 2 2 2 2 2 2 1 3 

1 58 8679997 1 0 1 0 0 4 4 8 4 4 8 1 1 2 7 0.2188 9 6 15 3 1.5000 0 0 1 1 0.0417 0.0278 1 0 2 -1.0000 0.2222 -0.1667 1 0 0 0 0 0 1 0 0 0 0 1 2 3 4 4 8 10 4 6 7 12 11 0 1 0 1 0 1 0 1 0 0 2 
1 58 8679997 0 1 1 0 0 8 24 32 0.5000 5.5000 6 1 1 2 3 0.0938 9 6 15 3 1.5000 1 0 1.1250 1 0.0417 0.0278 1 1 6 3 0.6667 0.5000 1 0 0 0 0 0 1 0 0 0 0 0 1 0 1 0 1 5 2 4 6 7 11 1 2 1 1 1 1 1 2 1 2 1 
0 58 8679996 0 1 1 0 0 16 28 44 9 13 22 1 2 3 11 0.3438 12 13 25 1 1.0833 1 1 1.0909 1.0833 0.0556 0.0602 1 1 1 2 0.0833 0.1538 1 0 0 0 0 0 1 0 0 0 0 0 1 0 1 1 1 1 2 3 4 3 3 2 2 1 1 1 1 1 0 0 0 2 
0 58 8679996 1 0 0 0 1 33 28 61 6 6 12 1 2 3 8 0.2500 25 13 38 12 1.9231 2 1 1.0870 1.0833 0.1157 0.0602 1 1 17 5 0.6800 0.3846 1 0 0 0 1 0 1 1 0 0 0 1 2 0 4 3 7 5 2 2 4 6 10 4 2 4 2 3 2 3 2 3 1 2 

0 59 8679996 0 1 1 0 0 8 24 32 0.5000 5.5000 6 1 1 2 3 0.0938 9 6 15 3 1.5000 1 0 1.1250 1 0.0417 0.0278 1 1 6 3 0.6667 0.5000 1 0 0 0 0 0 1 0 0 0 0 0 1 0 1 0 1 5 2 4 6 7 11 1 2 1 1 1 1 1 2 1 2 1 
0 59 8679995 0 1 1 0 0 16 28 44 9 13 22 1 2 3 11 0.3438 12 13 25 1 1.0833 1 1 1.0909 1.0833 0.0556 0.0602 1 1 1 2 0.0833 0.1538 1 0 0 0 0 0 1 0 0 0 0 0 1 0 1 1 1 1 2 3 4 3 3 2 2 1 1 1 1 1 0 0 0 2 
1 59 8679997 1 0 1 0 0 5 5 10 5 5 10 2 1 3 8 0.2500 10 6 16 4 1.6667 1 0 1.1111 1 0.0463 0.0278 1 0 2 -2.0000 0.2000 -0.3333 1 0 1 0 0 1 1 1 0 0 0 1 2 2 6 5 8 14 4 6 7 12 11 0 2 0 1 0 1 0 1 0 0 1 
1 59 8679997 1 0 0 1 0 5 0 5 0 0 0 2 1 3 7 0.2188 10 33 43 23 3.3000 1 0 1.1111 1 0.0463 0.1528 1 1 3 26 0.3000 0.7879 1 0 1 0 0 1 1 1 0 0 1 1 2 2 5 5 4 15 4 7 9 8 12 4 2 5 2 4 1 6 1 6 1 0 
0 59 8679995 1 0 0 0 1 33 28 61 6 6 12 1 2 3 8 0.2500 25 13 38 12 1.9231 2 1 1.0870 1.0833 0.1157 0.0602 1 1 17 5 0.6800 0.3846 1 0 0 0 1 2 1 1 0 0 1 1 2 0 4 3 7 7 2 2 4 6 10 4 2 4 2 3 2 3 2 3 1 2 

1 60 8679998 0 1 1 0 0 8 24 32 0.5000 5.5000 6 1 1 2 3 0.0938 9 6 15 3 1.5000 1 0 1.1250 1 0.0417 0.0278 1 1 6 3 0.6667 0.5000 1 0 0 0 0 0 1 0 0 0 0 0 1 0 1 0 1 5 2 4 6 7 11 1 2 1 1 1 1 1 2 1 2 1 
0 60 8679997 0 1 1 0 0 16 28 44 9 13 22 1 2 3 11 0.3438 12 13 25 1 1.0833 1 1 1.0909 1.0833 0.0556 0.0602 1 1 1 2 0.0833 0.1538 1 0 0 0 0 0 1 0 0 0 0 0 1 0 1 1 1 1 2 3 4 3 3 2 2 1 1 1 1 1 0 0 0 2 
0 60 8679997 1 0 0 0 1 33 28 61 6 6 12 1 2 3 8 0.2500 25 13 38 12 1.9231 2 1 1.0870 1.0833 0.1157 0.0602 1 1 17 5 0.6800 0.3846 1 0 0 0 1 0 1 1 0 0 0 0 2 0 4 3 7 5 2 2 4 6 10 4 2 4 2 3 2 3 2 3 1 2 

1 61 8719999 1 0 1 0 0 17 29 46 9.5000 9.5000 19 1 2 3 11 0.3438 13 13 26 0 1 2 1 1.1818 1.0833 0.0599 0.0599 1 1 2 2 0.1538 0.1538 1 0 0 0 0 1 1 0 1 0 0 0 2 1 3 4 2 10 3 4 5 4 5 2 4 1 3 1 1 1 1 0 0 1 
0 61 8719998 1 0 0 0 1 33 29 62 6 6 12 1 2 3 8 0.2500 25 13 38 12 1.9231 2 1 1.0870 1.0833 0.1152 0.0599 1 1 17 5 0.6800 0.3846 1 0 0 0 0 1 1 0 1 0 0 0 2 0 4 3 6 6 2 2 4 6 10 4 2 4 2 3 2 3 2 3 1 2 

0 62 8719997 0 1 1 0 0 17 29 46 9.5000 13.5000 23 1 2 3 11 0.3438 12 13 25 1 1.0833 1 1 1.0909 1.0833 0.0553 0.0599 1 1 1 2 0.0833 0.1538 1 0 0 0 0 0 1 0 0 0 0 0 1 0 1 1 1 1 2 3 4 3 3 2 2 1 1 1 1 1 0 0 0 2 
1 62 8719998 1 0 1 0 0 25 9 34 6 6 12 1 1 2 3 0.0938 7 9 16 2 1.2857 1 1 1.1667 1.1250 0.0323 0.0415 1 1 4 6 0.5714 0.6667 1 0 0 0 0 0 1 0 0 0 0 0 2 1 3 2 2 2 4 7 8 9 11 2 2 2 1 1 1 1 2 1 2 1 
0 62 8719997 1 0 0 0 1 33 29 62 6 6 12 1 2 3 8 0.2500 25 13 38 12 1.9231 2 1 1.0870 1.0833 0.1152 0.0599 1 1 17 5 0.6800 0.3846 1 0 0 0 1 0 1 1 0 0 0 0 2 0 4 3 7 5 2 2 4 6 10 4 2 4 2 3 2 3 2 3 1 2 

1 63 8719999 1 0 1 0 0 38 25 63 16 16 32 2 1 3 21 0.6562 25 7 32 18 3.5714 2 1 1.0870 1.1667 0.1152 0.0323 1 0 4 -14.0000 0.1600 -2.0000 1 0 0 0 0 0 1 0 0 0 0 0 2 2 4 3 6 4 3 5 8 12 16 2 0 1 0 1 0 1 0 1 0 1 
0 63 8719998 0 1 0 1 0 38 34 72 13.5000 10 23.5000 2 1 3 10 0.3125 25 13 38 12 1.9231 2 1 1.0870 1.0833 0.1152 0.0599 1 1 15 3 0.6000 0.2308 1 0 0 0 0 0 1 0 0 0 0 0 1 1 1 4 2 3 1 2 3 4 3 3 1 2 1 2 1 2 1 3 1 2 

1 64 8799999 1 0 1 0 0 35 17 52 9.5000 9.5000 19 2 1 3 12 0.3750 14 14 28 0 1 2 3 1.1667 1.2727 0.0642 0.0642 1 1 2 2 0.1429 0.1429 1 0 0 0 1 0 1 0 1 0 0 0 2 0 5 2 4 8 3 4 5 4 5 1 5 1 2 1 1 1 1 0 0 1 
0 64 8759998 0 1 0 1 0 35 40 75 1 11 12 2 1 3 10 0.3125 14 26 40 12 1.8571 2 3 1.1667 1.1304 0.0642 0.1193 1 1 4 16 0.2857 0.6154 1 0 0 0 0 0 1 0 0 0 0 0 1 0 3 0 4 3 1 2 3 6 8 5 2 3 1 3 1 3 1 4 1 1 

1 65 8719999 1 0 1 0 0 40 26 66 17 17 34 2 1 3 22 0.6875 26 7 33 19 3.7143 3 1 1.1304 1.1667 0.1198 0.0323 1 0 4 -15.0000 0.1538 -2.1429 1 0 0 0 0 0 1 0 0 0 0 0 2 2 4 3 6 4 3 5 8 12 16 2 0 1 0 1 0 1 0 1 0 1 
0 65 8719998 0 1 0 1 0 40 35 75 13.5000 11 24.5000 2 1 3 10 0.3125 26 13 39 13 2 3 1 1.1304 1.0833 0.1198 0.0599 1 1 16 3 0.6154 0.2308 1 0 0 0 0 0 1 0 0 0 0 0 1 1 1 4 2 3 1 2 3 4 3 5 1 2 1 2 1 2 1 2 1 1 

1 66 8759999 1 0 1 0 0 43 27 70 18 18 36 2 1 3 23 0.7188 27 7 34 20 3.8571 4 1 1.1739 1.1667 0.1239 0.0321 1 0 4 -16.0000 0.1481 -2.2857 1 0 0 0 0 0 1 0 0 0 0 0 2 2 4 3 6 4 3 5 8 12 16 2 0 1 0 1 0 1 0 1 0 1 
0 66 8759997 1 0 0 1 0 43 36 79 14 14 28 2 1 3 10 0.3125 27 13 40 14 2.0769 4 1 1.1739 1.0833 0.1239 0.0596 1 1 17 3 0.6296 0.2308 1 0 0 0 0 0 1 0 0 0 0 0 2 1 4 5 6 4 2 3 4 6 6 8 1 4 1 2 1 2 1 2 1 1 

1 67 8799999 1 0 1 0 0 36 17 53 9.5000 9.5000 19 2 1 3 12 0.3750 14 14 28 0 1 2 3 1.1667 1.2727 0.0642 0.0642 1 1 2 2 0.1429 0.1429 1 0 0 0 0 0 1 0 0 1 0 0 2 0 5 2 4 2 3 4 5 4 5 1 5 1 2 1 1 1 1 0 0 1 
0 67 8759997 1 0 0 1 0 36 43 79 1 1 2 2 1 3 9 0.2812 14 25 39 11 1.7857 2 2 1.1667 1.0870 0.0642 0.1147 1 1 5 16 0.3571 0.6400 1 0 0 0 0 0 1 0 0 1 0 0 2 2 3 3 6 5 2 3 4 8 11 4 4 3 2 3 1 3 1 4 1 2 

1 68 8759999 1 0 1 0 0 36 17 53 9.5000 9.5000 19 2 1 3 11 0.3438 13 13 26 0 1 1 2 1.0833 1.1818 0.0596 0.0596 1 1 2 2 0.1538 0.1538 1 0 1 0 0 0 1 1 0 0 0 0 2 0 5 6 4 5 3 4 5 4 5 1 4 1 2 1 1 1 1 0 0 1 
0 68 8759998 0 1 0 1 0 36 43 79 11.5000 14 25.5000 2 1 3 10 0.3125 13 27 40 14 2.0769 1 4 1.0833 1.1739 0.0596 0.1239 1 1 3 17 0.2308 0.6296 1 0 0 0 0 0 1 0 0 0 0 0 1 0 1 2 1 3 1 1 2 3 6 8 2 5 1 4 1 4 1 4 1 0 

1 69 8719999 1 0 1 0 0 43 27 70 18 18 36 2 1 3 21 0.6562 25 7 32 18 3.5714 2 1 1.0870 1.1667 0.1152 0.0323 1 0 4 -14.0000 0.1600 -2.0000 1 0 0 0 0 0 1 0 0 0 0 0 2 2 4 3 6 4 3 5 8 12 16 2 0 1 0 1 0 1 0 1 0 1 
0 69 8719998 1 0 0 0 1 43 36 79 14 14 28 2 1 3 9 0.2812 25 13 38 12 1.9231 2 1 1.0870 1.0833 0.1152 0.0599 1 1 16 4 0.6400 0.3077 1 0 0 0 0 0 1 0 0 0 0 0 2 1 5 2 7 4 2 3 4 6 6 4 2 2 2 2 2 2 1 2 1 2 

1 70 8719999 1 0 1 0 0 46 28 74 19 19 38 2 1 3 22 0.6875 26 7 33 19 3.7143 3 1 1.1304 1.1667 0.1198 0.0323 1 0 4 -15.0000 0.1538 -2.1429 1 0 0 0 0 0 1 0 0 0 0 0 2 2 4 3 6 4 3 5 8 12 16 2 0 1 0 1 0 1 0 1 0 1 
0 70 8719998 0 1 0 1 0 46 38 84 14.5000 13 27.5000 2 1 3 10 0.3125 26 13 39 13 2 3 1 1.1304 1.0833 0.1198 0.0599 1 1 16 3 0.6154 0.2308 1 0 0 0 0 0 1 0 0 0 0 0 1 1 1 4 2 3 1 2 3 4 3 4 2 2 1 2 1 2 1 2 1 1 

1 71 8759999 1 0 1 0 0 49 29 78 20 20 40 2 1 3 23 0.7188 27 7 34 20 3.8571 4 1 1.1739 1.1667 0.1239 0.0321 1 0 4 -16.0000 0.1481 -2.2857 1 0 0 0 0 0 1 0 0 0 0 0 2 2 4 3 6 4 3 5 8 12 16 2 0 1 0 1 0 1 0 1 0 1 
0 71 8759997 1 0 0 1 0 49 39 88 15 15 30 2 1 3 10 0.3125 27 13 40 14 2.0769 4 1 1.1739 1.0833 0.1239 0.0596 1 1 17 3 0.6296 0.2308 1 0 0 0 0 0 1 0 0 0 0 0 2 1 4 5 6 4 2 3 4 6 6 7 2 4 1 2 1 2 1 2 1 1 

1 72 8799999 1 0 1 0 0 39 17 56 9.5000 9.5000 19 2 1 3 12 0.3750 14 14 28 0 1 2 3 1.1667 1.2727 0.0642 0.0642 1 1 2 2 0.1429 0.1429 1 0 0 0 1 0 1 0 1 0 0 0 2 0 5 2 4 8 3 4 5 4 5 1 5 1 2 1 1 1 1 0 0 1 
0 72 8759998 0 1 0 1 0 39 49 88 1 13.5000 14.5000 2 1 3 10 0.3125 14 26 40 12 1.8571 2 3 1.1667 1.1304 0.0642 0.1193 1 1 4 16 0.2857 0.6154 1 0 0 0 0 0 1 0 0 0 0 0 1 0 3 0 4 3 1 2 3 6 8 4 3 3 1 3 1 3 1 4 1 1 

1 73 8759999 1 0 0 1 0 51 30 81 21 21 42 2 1 3 24 0.7500 28 7 35 21 4 5 1 1.2174 1.1667 0.1290 0.0323 1 0 4 -17.0000 0.1429 -2.4286 1 0 0 0 0 0 1 0 0 0 0 0 2 2 4 3 6 4 3 5 8 12 16 3 0 2 0 2 0 2 0 2 0 0 
0 73 8719998 1 0 0 1 0 51 39 90 9.5000 9.5000 19 2 1 3 10 0.3125 28 12 40 16 2.3333 5 0 1.2174 1 0.1290 0.0553 1 1 18 2 0.6429 0.1667 1 0 0 0 0 0 1 0 0 0 0 0 2 3 4 3 5 5 3 4 5 4 5 8 1 6 1 4 1 3 1 3 0 0 

1 74 8799999 1 0 1 0 0 39 17 56 9.5000 9.5000 19 2 1 3 11 0.3438 13 13 26 0 1 1 2 1.0833 1.1818 0.0596 0.0596 1 1 2 2 0.1538 0.1538 1 0 0 0 1 0 1 0 1 0 0 0 2 0 5 2 4 8 3 4 5 4 5 1 4 1 2 1 1 1 1 0 0 1 
0 74 8759998 0 1 0 1 0 39 52 91 1 13.5000 14.5000 2 1 3 9 0.2812 13 25 38 12 1.9231 1 2 1.0833 1.0870 0.0596 0.1147 1 1 4 16 0.3077 0.6400 1 0 0 0 0 0 1 0 0 0 0 0 1 1 1 2 2 5 1 2 3 6 8 4 2 3 1 3 1 3 1 4 1 2 

1 75 8759999 1 0 1 0 0 39 17 56 9.5000 9.5000 19 2 1 3 11 0.3438 13 13 26 0 1 1 2 1.0833 1.1818 0.0596 0.0596 1 1 2 2 0.1538 0.1538 1 0 1 0 0 0 1 1 0 0 0 0 2 0 5 6 4 5 3 4 5 4 5 1 4 1 2 1 1 1 1 0 0 1 
0 75 8759998 0 1 0 1 0 39 52 91 13.5000 15 28.5000 2 1 3 10 0.3125 13 27 40 14 2.0769 1 4 1.0833 1.1739 0.0596 0.1239 1 1 3 17 0.2308 0.6296 1 0 0 0 0 0 1 0 0 0 0 0 1 0 1 2 1 3 1 1 2 3 6 8 2 5 1 4 1 4 1 4 1 0 

1 76 8759999 1 0 1 0 0 19 41 60 10 10 20 1 2 3 12 0.3750 14 14 28 0 1 3 2 1.2727 1.1667 0.0642 0.0642 1 1 2 2 0.1429 0.1429 1 0 0 0 0 1 1 0 1 0 0 0 2 1 3 4 2 4 3 4 5 4 5 2 5 1 3 1 1 1 1 0 0 1 
0 76 8759998 0 1 0 0 1 41 52 93 1 13.5000 14.5000 2 1 3 9 0.2812 14 25 39 11 1.7857 2 2 1.1667 1.0870 0.0642 0.1147 1 1 5 16 0.3571 0.6400 1 0 0 0 0 0 1 0 0 0 0 0 1 1 1 2 2 4 1 2 3 6 8 4 4 3 3 3 3 3 2 4 1 2 

1 77 8759999 1 0 1 0 0 22 44 66 10.5000 10.5000 21 1 2 3 12 0.3750 14 14 28 0 1 3 2 1.2727 1.1667 0.0642 0.0642 1 1 2 2 0.1429 0.1429 1 0 0 0 0 1 1 0 1 0 0 0 2 1 3 3 3 4 3 4 5 4 5 1 6 1 3 1 1 1 1 0 0 1 
0 77 8759998 0 1 0 0 1 44 52 96 1 14 15 2 1 3 9 0.2812 14 25 39 11 1.7857 2 2 1.1667 1.0870 0.0642 0.1147 1 1 5 16 0.3571 0.6400 1 0 0 0 0 0 1 0 0 0 0 0 1 1 1 2 2 4 1 2 3 6 8 4 4 3 3 3 3 3 1 4 1 2 

1 78 8799998 0 1 1 0 0 45 23 68 18.5000 11.5000 30 2 1 3 12 0.3750 14 13 27 1 1.0769 2 2 1.1667 1.1818 0.0642 0.0596 1 1 2 1 0.1429 0.0769 1 0 0 0 1 0 1 1 0 0 0 0 1 1 1 1 1 7 1 1 1 2 3 2 2 1 1 1 1 1 0 0 0 2 
0 78 8759998 0 1 0 0 1 45 52 97 1 14 15 2 1 3 9 0.2812 14 25 39 11 1.7857 2 2 1.1667 1.0870 0.0642 0.1147 1 1 5 16 0.3571 0.6400 1 0 0 0 0 0 1 0 0 0 0 0 1 1 1 2 2 5 1 2 3 6 8 4 4 3 2 3 2 3 2 4 1 2 

1 79 8799999 1 0 1 0 0 46 23 69 11.5000 11.5000 23 2 1 3 11 0.3438 13 13 26 0 1 1 2 1.0833 1.1818 0.0596 0.0596 1 1 2 2 0.1538 0.1538 1 0 0 0 1 0 1 0 1 0 0 0 2 0 5 2 4 8 3 4 5 4 5 1 4 1 2 1 1 1 1 0 0 1 
0 79 8759998 0 1 0 1 0 46 53 99 1 15 16 2 1 3 9 0.2812 13 25 38 12 1.9231 1 2 1.0833 1.0870 0.0596 0.1147 1 1 4 16 0.3077 0.6400 1 0 0 0 0 0 1 0 0 0 0 0 1 1 1 2 2 5 1 2 3 6 8 4 2 3 1 3 1 3 1 4 1 2 

1 80 8719999 1 0 1 0 0 53 32 85 22 22 44 2 1 3 21 0.6562 25 6 31 19 4.1667 2 0 1.0870 1 0.1152 0.0276 1 0 4 -15.0000 0.1600 -2.5000 1 0 0 0 0 0 1 0 0 0 0 0 2 2 4 3 6 4 3 5 8 12 16 2 0 1 0 1 0 1 0 1 0 1 
0 80 8719998 1 0 0 1 0 53 46 99 18.5000 18.5000 37 2 1 3 9 0.2812 25 12 37 13 2.0833 2 0 1.0870 1 0.1152 0.0553 1 1 16 3 0.6400 0.2500 1 0 0 0 0 0 1 0 0 0 0 0 2 1 4 5 5 5 2 3 4 6 6 4 1 2 1 2 1 2 1 2 1 2 

1 81 8799999 1 0 1 0 0 47 23 70 11.5000 11.5000 23 2 1 3 11 0.3438 13 13 26 0 1 1 2 1.0833 1.1818 0.0596 0.0596 1 1 2 2 0.1538 0.1538 1 0 0 0 1 0 1 0 1 0 0 0 2 0 5 2 9 3 3 4 5 4 5 1 4 1 2 1 1 1 1 0 0 1 
0 81 8759998 1 0 0 1 0 47 55 102 15.5000 15.5000 31 2 1 3 9 0.2812 13 26 39 13 2 1 3 1.0833 1.1304 0.0596 0.1193 1 1 4 17 0.3077 0.6538 1 0 0 0 1 0 1 0 1 0 0 0 2 1 5 1 9 3 2 2 4 6 10 6 2 4 2 3 1 3 1 3 1 1 

1 82 8719999 1 0 1 0 0 55 33 88 23 23 46 2 1 3 22 0.6875 26 6 32 20 4.3333 3 0 1.1304 1 0.1198 0.0276 1 0 4 -16.0000 0.1538 -2.6667 1 0 0 0 0 0 1 0 0 0 0 0 2 2 4 3 6 4 3 5 8 12 16 2 0 1 0 1 0 1 0 1 0 1 
0 82 8719997 1 0 0 1 0 55 47 102 19 19 38 2 1 3 9 0.2812 26 12 38 14 2.1667 3 0 1.1304 1 0.1198 0.0553 1 1 17 3 0.6538 0.2500 1 0 0 0 0 0 1 0 0 0 0 0 2 1 4 6 4 6 2 3 4 6 6 6 1 4 1 2 1 2 1 2 1 1 

1 83 8759999 1 0 1 0 0 58 34 92 24 24 48 2 1 3 23 0.7188 27 6 33 21 4.5000 4 0 1.1739 1 0.1239 0.0275 1 0 4 -17.0000 0.1481 -2.8333 1 0 0 0 0 0 1 0 0 0 0 0 2 2 4 3 6 4 3 5 8 12 16 2 0 1 0 1 0 1 0 1 0 1 
0 83 8759997 1 0 0 1 0 58 48 106 11.5000 11.5000 23 2 1 3 10 0.3125 27 12 39 15 2.2500 4 0 1.1739 1 0.1239 0.0550 1 1 17 2 0.6296 0.1667 1 0 0 0 0 0 1 0 0 0 0 0 2 3 4 3 5 5 3 4 5 4 5 7 1 3 1 2 1 2 1 2 0 1 

1 84 8759999 1 0 1 0 0 34 10 44 6.5000 6.5000 13 1 1 2 3 0.0938 7 9 16 2 1.2857 1 1 1.1667 1.1250 0.0321 0.0413 1 1 4 6 0.5714 0.6667 1 0 0 0 0 0 1 0 0 0 0 0 2 1 3 2 2 2 4 7 8 9 11 2 2 2 1 1 1 1 2 1 2 1 
0 84 8759997 1 0 0 1 0 58 48 106 15.5000 15.5000 31 1 1 2 8 0.2500 25 12 37 13 2.0833 2 0 1.0870 1 0.1147 0.0550 1 1 17 4 0.6800 0.3333 1 0 0 0 0 0 1 0 0 0 0 0 2 0 4 4 4 7 2 2 4 6 10 4 1 4 1 3 1 3 1 3 1 2 

1 85 8759999 1 0 0 1 0 60 35 95 25 25 50 2 1 3 24 0.7500 28 8 36 20 3.5000 5 2 1.2174 1.3333 0.1290 0.0369 1 0 4 -16.0000 0.1429 -2.0000 1 0 0 0 0 0 1 0 0 0 0 0 2 2 4 3 6 4 3 5 8 12 16 3 0 2 0 2 0 2 0 2 0 0 
0 85 8719998 1 0 0 1 0 60 48 108 11.5000 11.5000 23 2 1 3 10 0.3125 28 12 40 16 2.3333 5 0 1.2174 1 0.1290 0.0553 1 1 18 2 0.6429 0.1667 1 0 0 0 0 0 1 0 0 0 0 0 2 3 4 3 5 5 3 4 5 4 5 8 1 6 1 4 1 3 1 3 0 0 

1 86 8719999 1 0 1 0 0 61 36 97 26 26 52 2 1 3 22 0.6875 26 7 33 19 3.7143 3 1 1.1304 1.1667 0.1198 0.0323 1 0 4 -15.0000 0.1538 -2.1429 1 0 0 0 0 0 1 0 0 0 0 0 2 2 4 3 6 4 3 5 8 12 16 2 0 1 0 1 0 1 0 1 0 1 
0 86 8719998 1 0 0 1 0 61 48 109 20 20 40 2 1 3 10 0.3125 26 13 39 13 2 3 1 1.1304 1.0833 0.1198 0.0599 1 1 16 3 0.6154 0.2308 1 0 0 0 0 0 1 0 0 0 0 0 2 2 3 5 6 4 2 3 4 6 6 4 2 2 2 2 1 2 1 2 1 1 

1 87 8759999 1 0 1 0 0 66 37 103 27 27 54 2 1 3 23 0.7188 27 7 34 20 3.8571 4 1 1.1739 1.1667 0.1239 0.0321 1 0 4 -16.0000 0.1481 -2.2857 1 0 0 0 0 0 1 0 0 0 0 0 2 2 4 3 6 4 3 5 8 12 16 2 0 1 0 1 0 1 0 1 0 1 
0 87 8759997 1 0 0 1 0 66 50 116 21.5000 21.5000 43 2 1 3 10 0.3125 27 13 40 14 2.0769 4 1 1.1739 1.0833 0.1239 0.0596 1 1 17 3 0.6296 0.2308 1 0 0 0 0 0 1 0 0 0 0 0 2 2 3 6 5 5 2 3 4 6 6 7 2 3 2 2 1 2 1 2 1 1 

1 88 8759999 1 0 1 0 0 66 37 103 27 27 54 2 1 3 23 0.7188 27 7 34 20 3.8571 4 1 1.1739 1.1667 0.1239 0.0321 1 0 4 -16.0000 0.1481 -2.2857 1 0 0 0 0 0 1 0 0 0 0 0 2 2 4 3 6 4 3 5 8 12 16 2 0 1 0 1 0 1 0 1 0 1 
0 88 8759997 1 0 0 1 0 66 50 116 21.5000 21.5000 43 2 1 3 10 0.3125 27 13 40 14 2.0769 4 1 1.1739 1.0833 0.1239 0.0596 1 1 17 3 0.6296 0.2308 1 0 0 0 0 0 1 0 0 0 0 0 2 1 4 5 6 4 2 3 4 6 6 7 2 4 1 2 1 2 1 2 1 1 

1 89 8799999 1 0 1 0 0 53 24 77 12.5000 12.5000 25 2 1 3 11 0.3438 13 13 26 0 1 1 2 1.0833 1.1818 0.0596 0.0596 1 1 2 2 0.1538 0.1538 1 0 0 0 1 0 1 0 1 0 0 0 2 0 5 2 4 8 3 4 5 4 5 1 4 1 2 1 1 1 1 0 0 1 
0 89 8759998 0 1 0 1 0 53 68 121 1 18 19 2 1 3 9 0.2812 13 25 38 12 1.9231 1 2 1.0833 1.0870 0.0596 0.1147 1 1 4 16 0.3077 0.6400 1 0 0 0 0 0 1 0 0 0 0 0 1 1 1 2 2 4 1 2 3 6 8 4 2 3 1 3 1 3 1 4 1 2 

1 90 8719999 1 0 1 0 0 68 38 106 27 27 54 2 1 3 21 0.6562 25 8 33 17 3.1250 2 2 1.0870 1.3333 0.1152 0.0369 1 0 4 -13.0000 0.1600 -1.6250 1 0 0 0 0 0 1 0 0 0 0 0 2 2 4 3 6 4 3 5 8 12 16 2 0 1 0 1 0 1 0 1 0 1 
0 90 8719998 1 0 0 1 0 68 53 121 21.5000 21.5000 43 2 1 3 9 0.2812 25 12 37 13 2.0833 2 0 1.0870 1 0.1152 0.0553 1 1 16 3 0.6400 0.2500 1 0 0 0 0 0 1 0 0 0 0 0 2 1 4 5 5 5 2 3 4 6 6 4 1 2 1 2 1 2 1 2 1 2 

1 91 8799999 1 0 1 0 0 54 24 78 12.5000 12.5000 25 2 1 3 11 0.3438 13 13 26 0 1 1 2 1.0833 1.1818 0.0596 0.0596 1 1 2 2 0.1538 0.1538 1 0 0 0 1 0 1 0 1 0 0 0 2 0 5 2 9 3 3 4 5 4 5 1 4 1 2 1 1 1 1 0 0 1 
0 91 8759998 1 0 0 1 0 54 70 124 18.5000 18.5000 37 2 1 3 9 0.2812 13 26 39 13 2 1 3 1.0833 1.1304 0.0596 0.1193 1 1 4 17 0.3077 0.6538 1 0 0 0 1 0 1 0 1 0 0 0 2 1 5 1 9 3 2 2 4 6 10 6 2 4 2 3 1 3 1 3 1 1 

1 92 8719999 1 0 1 0 0 70 39 109 28 28 56 2 1 3 22 0.6875 26 8 34 18 3.2500 3 2 1.1304 1.3333 0.1198 0.0369 1 0 4 -14.0000 0.1538 -1.7500 1 0 0 0 0 0 1 0 0 0 0 0 2 2 4 3 6 4 3 5 8 12 16 2 0 1 0 1 0 1 0 1 0 1 
0 92 8719997 1 0 0 1 0 70 54 124 22 22 44 2 1 3 9 0.2812 26 12 38 14 2.1667 3 0 1.1304 1 0.1198 0.0553 1 1 17 3 0.6538 0.2500 1 0 0 0 0 0 1 0 0 0 0 0 2 1 4 6 4 6 2 3 4 6 6 6 1 4 1 2 1 2 1 2 1 1 

1 93 8759999 1 0 1 0 0 73 40 113 29 29 58 2 1 3 23 0.7188 27 8 35 19 3.3750 4 2 1.1739 1.3333 0.1239 0.0367 1 0 4 -15.0000 0.1481 -1.8750 1 0 0 0 0 0 1 0 0 0 0 0 2 2 4 3 6 4 3 5 8 12 16 2 0 1 0 1 0 1 0 1 0 1 
0 93 8759997 1 0 0 1 0 73 55 128 12.5000 12.5000 25 2 1 3 10 0.3125 27 12 39 15 2.2500 4 0 1.1739 1 0.1239 0.0550 1 1 17 2 0.6296 0.1667 1 0 0 0 0 0 1 0 0 0 0 0 2 3 4 3 5 5 3 4 5 4 5 7 1 3 1 2 1 2 1 2 0 1 

1 94 8799999 1 0 1 0 0 55 24 79 12.5000 12.5000 25 2 1 3 11 0.3438 13 13 26 0 1 1 2 1.0833 1.1818 0.0596 0.0596 1 1 2 2 0.1538 0.1538 1 0 0 0 1 0 1 0 1 0 0 0 2 0 5 2 4 8 3 4 5 4 5 1 4 1 2 1 1 1 1 0 0 1 
0 94 8759998 0 1 0 1 0 55 73 128 1 18.5000 19.5000 2 1 3 9 0.2812 13 25 38 12 1.9231 1 2 1.0833 1.0870 0.0596 0.1147 1 1 4 16 0.3077 0.6400 1 0 0 0 0 0 1 0 0 0 0 0 1 1 1 2 2 4 1 2 3 6 8 4 2 3 1 3 1 3 1 4 1 2 

1 95 8759999 1 0 1 0 0 55 24 79 12.5000 12.5000 25 2 1 3 11 0.3438 13 13 26 0 1 1 2 1.0833 1.1818 0.0596 0.0596 1 1 2 2 0.1538 0.1538 1 0 1 0 0 0 1 1 0 0 0 0 2 0 5 6 4 5 3 4 5 4 5 1 4 1 2 1 1 1 1 0 0 1 
0 95 8759998 0 1 0 1 0 55 73 128 18.5000 23 41.5000 2 1 3 10 0.3125 13 27 40 14 2.0769 1 4 1.0833 1.1739 0.0596 0.1239 1 1 3 17 0.2308 0.6296 1 0 0 0 0 0 1 0 0 0 0 0 1 0 1 2 1 3 1 1 2 3 6 8 2 5 1 4 1 4 1 4 1 0 

1 96 8799998 0 1 1 0 0 56 25 81 23 13.5000 36.5000 2 1 3 12 0.3750 14 13 27 1 1.0769 2 2 1.1667 1.1818 0.0642 0.0596 1 1 2 1 0.1429 0.0769 1 0 0 0 1 0 1 1 0 0 0 0 1 1 1 1 1 7 1 1 1 2 3 2 2 1 1 1 1 1 0 0 0 2 
0 96 8759998 0 1 0 0 1 56 73 129 1 18.5000 19.5000 2 1 3 9 0.2812 14 25 39 11 1.7857 2 2 1.1667 1.0870 0.0642 0.1147 1 1 5 16 0.3571 0.6400 1 0 0 0 0 0 1 0 0 0 0 0 1 1 1 2 2 4 1 2 3 6 8 4 4 3 2 3 2 3 2 4 1 2 

1 97 8719999 1 0 1 0 0 73 40 113 29 29 58 2 1 3 22 0.6875 26 7 33 19 3.7143 3 1 1.1304 1.1667 0.1198 0.0323 1 0 4 -15.0000 0.1538 -2.1429 1 0 0 0 0 0 1 0 0 0 0 0 2 2 4 3 6 4 3 5 8 12 16 2 0 1 0 1 0 1 0 1 0 1 
0 97 8719998 1 0 0 1 0 73 56 129 23 23 46 2 1 3 10 0.3125 26 13 39 13 2 3 1 1.1304 1.0833 0.1198 0.0599 1 1 16 3 0.6154 0.2308 1 0 0 0 0 0 1 0 0 0 0 0 2 1 5 5 6 4 2 3 4 6 6 4 2 2 1 2 1 2 1 2 1 1 

1 98 8759999 1 0 1 0 0 76 41 117 30 30 60 2 1 3 23 0.7188 27 7 34 20 3.8571 4 1 1.1739 1.1667 0.1239 0.0321 1 0 4 -16.0000 0.1481 -2.2857 1 0 0 0 0 0 1 0 0 0 0 0 2 2 4 3 6 4 3 5 8 12 16 2 0 1 0 1 0 1 0 1 0 1 
0 98 8759998 0 1 0 1 0 76 57 133 13.5000 23.5000 37 2 1 3 11 0.3438 27 13 40 14 2.0769 4 1 1.1739 1.0833 0.1239 0.0596 1 1 16 2 0.5926 0.1538 1 0 0 0 0 0 1 0 0 0 0 0 1 2 3 1 2 1 2 3 4 3 3 4 1 2 1 2 1 2 1 2 0 1 

1 99 8799998 0 1 1 0 0 58 26 84 23.5000 14.5000 38 2 1 3 12 0.3750 14 13 27 1 1.0769 2 2 1.1667 1.1818 0.0642 0.0596 1 1 2 1 0.1429 0.0769 1 0 0 0 1 0 1 1 0 0 0 0 1 1 1 1 1 7 1 1 1 2 3 2 3 1 1 1 1 1 0 0 0 2 
0 99 8759998 0 1 0 0 1 58 76 134 1 19 20 2 1 3 9 0.2812 14 25 39 11 1.7857 2 2 1.1667 1.0870 0.0642 0.1147 1 1 5 16 0.3571 0.6400 1 0 0 0 0 0 1 0 0 0 0 0 1 1 1 2 2 5 1 2 3 6 8 4 4 3 3 3 3 3 2 4 1 2 

1 100 8719999 1 0 1 0 0 76 41 117 30 30 60 2 1 3 21 0.6562 25 7 32 18 3.5714 2 1 1.0870 1.1667 0.1152 0.0323 1 0 4 -14.0000 0.1600 -2.0000 1 0 0 0 0 0 1 0 0 0 0 0 2 2 4 3 6 4 3 5 8 12 16 2 0 1 0 1 0 1 0 1 0 1 
0 100 8719998 0 1 0 1 0 76 58 134 23.5000 19 42.5000 2 1 3 10 0.3125 25 13 38 12 1.9231 2 1 1.0870 1.0833 0.1152 0.0599 1 1 15 3 0.6000 0.2308 1 0 0 0 0 0 1 0 0 0 0 0 1 0 3 3 3 2 1 2 3 4 3 3 1 2 1 2 1 2 1 3 1 2 

1 101 8799999 1 0 1 0 0 59 26 85 14.5000 14.5000 29 2 1 3 12 0.3750 14 14 28 0 1 2 3 1.1667 1.2727 0.0642 0.0642 1 1 2 2 0.1429 0.1429 1 0 0 0 1 0 1 0 1 0 0 0 2 0 4 4 3 9 3 4 5 4 5 1 4 1 2 1 1 1 1 0 0 1 
0 101 8759998 0 1 0 1 0 59 78 137 1 20 21 2 1 3 10 0.3125 14 26 40 12 1.8571 2 3 1.1667 1.1304 0.0642 0.1193 1 1 4 16 0.2857 0.6154 1 0 0 0 0 0 1 0 0 0 0 0 1 0 3 0 4 3 1 2 3 6 8 5 2 3 1 3 1 3 1 4 1 1 

1 102 8719999 1 0 1 0 0 78 42 120 31 31 62 2 1 3 22 0.6875 26 7 33 19 3.7143 3 1 1.1304 1.1667 0.1198 0.0323 1 0 4 -15.0000 0.1538 -2.1429 1 0 0 0 0 0 1 0 0 0 0 0 2 2 4 3 6 4 3 5 8 12 16 2 0 1 0 1 0 1 0 1 0 1 
0 102 8719998 1 0 0 1 0 78 59 137 23.5000 23.5000 47 2 1 3 10 0.3125 26 13 39 13 2 3 1 1.1304 1.0833 0.1198 0.0599 1 1 16 3 0.6154 0.2308 1 0 0 0 0 0 1 0 0 0 0 0 2 1 5 4 7 4 2 3 4 6 6 5 1 2 1 2 1 2 1 2 1 1 

1 103 8759999 1 0 1 0 0 81 43 124 32 32 64 2 1 3 23 0.7188 27 7 34 20 3.8571 4 1 1.1739 1.1667 0.1239 0.0321 1 0 4 -16.0000 0.1481 -2.2857 1 0 0 0 0 0 1 0 0 0 0 0 2 2 4 3 6 4 3 5 8 12 16 2 0 1 0 1 0 1 0 1 0 1 
0 103 8759998 0 1 0 1 0 81 60 141 14.5000 24 38.5000 2 1 3 11 0.3438 27 13 40 14 2.0769 4 1 1.1739 1.0833 0.1239 0.0596 1 1 16 2 0.5926 0.1538 1 0 0 0 0 0 1 0 0 0 0 0 1 2 3 1 2 1 2 3 4 3 3 4 1 2 1 2 1 2 1 2 0 1 

1 104 8719999 1 0 1 0 0 81 43 124 32 32 64 2 1 3 21 0.6562 25 8 33 17 3.1250 2 2 1.0870 1.3333 0.1152 0.0369 1 0 4 -13.0000 0.1600 -1.6250 1 0 0 0 0 0 1 0 0 0 0 0 2 2 4 3 6 4 3 5 8 12 16 2 0 1 0 1 0 1 0 1 0 1 
0 104 8719998 1 0 0 1 0 81 60 141 24 24 48 2 1 3 9 0.2812 25 12 37 13 2.0833 2 0 1.0870 1 0.1152 0.0553 1 1 16 3 0.6400 0.2500 1 0 0 0 0 0 1 0 0 0 0 0 2 1 4 5 5 5 2 3 4 6 6 4 1 2 1 2 1 2 1 2 1 2 

1 105 8799999 1 0 1 0 0 61 26 87 14.5000 14.5000 29 2 1 3 11 0.3438 13 13 26 0 1 1 2 1.0833 1.1818 0.0596 0.0596 1 1 2 2 0.1538 0.1538 1 0 0 0 1 0 1 0 1 0 0 0 2 0 5 2 9 3 3 4 5 4 5 1 4 1 2 1 1 1 1 0 0 1 
0 105 8759998 1 0 0 1 0 61 83 144 21 21 42 2 1 3 9 0.2812 13 26 39 13 2 1 3 1.0833 1.1304 0.0596 0.1193 1 1 4 17 0.3077 0.6538 1 0 0 0 1 0 1 0 1 0 0 0 2 1 5 1 9 3 2 2 4 6 10 6 2 4 2 3 1 3 1 3 1 1 

1 106 8719999 1 0 1 0 0 83 44 127 33 33 66 2 1 3 22 0.6875 26 8 34 18 3.2500 3 2 1.1304 1.3333 0.1198 0.0369 1 0 4 -14.0000 0.1538 -1.7500 1 0 0 0 0 0 1 0 0 0 0 0 2 2 4 3 6 4 3 5 8 12 16 2 0 1 0 1 0 1 0 1 0 1 
0 106 8719997 1 0 0 1 0 83 61 144 24.5000 24.5000 49 2 1 3 9 0.2812 26 12 38 14 2.1667 3 0 1.1304 1 0.1198 0.0553 1 1 17 3 0.6538 0.2500 1 0 0 0 0 0 1 0 0 0 0 0 2 1 4 6 4 6 2 3 4 6 6 6 1 4 1 2 1 2 1 2 1 1 

1 107 8759999 1 0 1 0 0 86 45 131 34 34 68 2 1 3 23 0.7188 27 8 35 19 3.3750 4 2 1.1739 1.3333 0.1239 0.0367 1 0 4 -15.0000 0.1481 -1.8750 1 0 0 0 0 0 1 0 0 0 0 0 2 2 4 3 6 4 3 5 8 12 16 2 0 1 0 1 0 1 0 1 0 1 
0 107 8759997 1 0 0 1 0 86 62 148 14.5000 14.5000 29 2 1 3 10 0.3125 27 12 39 15 2.2500 4 0 1.1739 1 0.1239 0.0550 1 1 17 2 0.6296 0.1667 1 0 0 0 0 0 1 0 0 0 0 0 2 3 4 3 5 5 3 4 5 4 5 7 1 3 1 2 1 2 1 2 0 1 

1 108 8799998 0 1 1 0 0 63 27 90 25.5000 15.5000 41 2 1 3 12 0.3750 14 13 27 1 1.0769 2 2 1.1667 1.1818 0.0642 0.0596 1 1 2 1 0.1429 0.0769 1 0 0 0 1 0 1 1 0 0 0 0 1 1 1 1 1 7 1 1 1 2 3 2 3 1 1 1 1 1 0 0 0 2 
0 108 8759998 0 1 0 0 1 63 86 149 1 21 22 2 1 3 9 0.2812 14 25 39 11 1.7857 2 2 1.1667 1.0870 0.0642 0.1147 1 1 5 16 0.3571 0.6400 1 0 0 0 0 0 1 0 0 0 0 0 1 1 1 2 2 4 1 2 3 6 8 4 4 3 3 3 3 3 2 4 1 2 

1 109 8759999 1 0 1 0 0 28 64 92 16 16 32 1 2 3 12 0.3750 14 14 28 0 1 3 2 1.2727 1.1667 0.0642 0.0642 1 1 2 2 0.1429 0.1429 1 0 0 0 0 1 1 0 1 0 0 0 2 1 3 4 2 4 3 4 5 4 5 2 4 1 3 1 1 1 1 0 0 1 
0 109 8759998 0 1 0 0 1 64 86 150 1 21 22 2 1 3 9 0.2812 14 25 39 11 1.7857 2 2 1.1667 1.0870 0.0642 0.1147 1 1 5 16 0.3571 0.6400 1 0 0 0 0 0 1 0 0 0 0 0 1 1 1 2 2 4 1 2 3 6 8 4 4 3 2 3 2 3 2 4 1 2 

1 110 8719999 1 0 1 0 0 86 45 131 34 34 68 2 1 3 21 0.6562 25 7 32 18 3.5714 2 1 1.0870 1.1667 0.1152 0.0323 1 0 4 -14.0000 0.1600 -2.0000 1 0 0 0 0 0 1 0 0 0 0 0 2 2 4 3 6 4 3 5 8 12 16 2 0 1 0 1 0 1 0 1 0 1 
0 110 8719998 1 0 0 1 0 86 64 150 26 26 52 2 1 3 9 0.2812 25 12 37 13 2.0833 2 0 1.0870 1 0.1152 0.0553 1 1 16 3 0.6400 0.2500 1 0 0 0 0 0 1 0 0 0 0 0 2 1 4 5 5 5 2 3 4 6 6 4 1 2 1 2 1 2 1 2 1 2 

1 111 8799999 1 0 1 0 0 65 28 93 16 16 32 2 1 3 11 0.3438 13 13 26 0 1 1 2 1.0833 1.1818 0.0596 0.0596 1 1 2 2 0.1538 0.1538 1 0 0 0 1 0 1 0 1 0 0 0 2 0 5 2 9 3 3 4 5 4 5 1 4 1 2 1 1 1 1 0 0 1 
0 111 8759998 1 0 0 1 0 65 88 153 21.5000 21.5000 43 2 1 3 9 0.2812 13 26 39 13 2 1 3 1.0833 1.1304 0.0596 0.1193 1 1 4 17 0.3077 0.6538 1 0 0 0 1 0 1 0 1 0 0 0 2 1 5 1 9 3 2 2 4 6 10 6 2 4 2 3 1 3 1 3 1 1 

1 112 8719999 1 0 1 0 0 88 46 134 35 35 70 2 1 3 22 0.6875 26 7 33 19 3.7143 3 1 1.1304 1.1667 0.1198 0.0323 1 0 4 -15.0000 0.1538 -2.1429 1 0 0 0 0 0 1 0 0 0 0 0 2 2 4 3 6 4 3 5 8 12 16 2 0 1 0 1 0 1 0 1 0 1 
0 112 8719997 1 0 0 1 0 88 65 153 26.5000 26.5000 53 2 1 3 9 0.2812 26 12 38 14 2.1667 3 0 1.1304 1 0.1198 0.0553 1 1 17 3 0.6538 0.2500 1 0 0 0 0 0 1 0 0 0 0 0 2 1 4 6 4 6 2 3 4 6 6 6 1 4 1 2 1 2 1 2 1 1 

1 113 8759999 1 0 1 0 0 91 47 138 36 36 72 2 1 3 23 0.7188 27 7 34 20 3.8571 4 1 1.1739 1.1667 0.1239 0.0321 1 0 4 -16.0000 0.1481 -2.2857 1 0 0 0 0 0 1 0 0 0 0 0 2 2 4 3 6 4 3 5 8 12 16 2 0 1 0 1 0 1 0 1 0 1 
0 113 8759997 1 0 0 1 0 91 66 157 16 16 32 2 1 3 10 0.3125 27 12 39 15 2.2500 4 0 1.1739 1 0.1239 0.0550 1 1 17 2 0.6296 0.1667 1 0 0 0 0 0 1 0 0 0 0 0 2 3 4 3 5 5 3 4 5 4 5 7 1 3 1 2 1 2 1 2 0 1 

1 114 8799999 1 0 1 0 0 66 28 94 16 16 32 2 1 3 12 0.3750 14 14 28 0 1 2 3 1.1667 1.2727 0.0642 0.0642 1 1 2 2 0.1429 0.1429 1 0 0 0 1 0 1 0 1 0 0 0 2 0 4 4 3 9 3 4 5 4 5 1 4 1 2 1 1 1 1 0 0 1 
0 114 8759998 0 1 0 1 0 66 91 157 1 21.5000 22.5000 2 1 3 10 0.3125 14 26 40 12 1.8571 2 3 1.1667 1.1304 0.0642 0.1193 1 1 4 16 0.2857 0.6154 1 0 0 0 0 0 1 0 0 0 0 0 1 0 3 0 4 3 1 2 3 6 8 4 3 3 1 3 1 3 1 4 1 1 

1 115 8759999 0 1 1 0 0 12 48 60 1.5000 8.5000 10 1 1 2 3 0.0938 9 6 15 3 1.5000 1 0 1.1250 1 0.0413 0.0275 1 1 6 3 0.6667 0.5000 1 0 0 0 0 0 1 0 0 0 0 0 1 0 1 0 1 5 2 4 6 7 11 1 2 1 1 1 1 1 2 1 2 1 
0 115 8759998 1 0 0 0 1 66 91 157 21.5000 21.5000 43 1 1 2 8 0.2500 13 25 38 12 1.9231 1 2 1.0833 1.0870 0.0596 0.1147 1 1 5 17 0.3846 0.6800 1 0 0 0 0 0 1 0 0 0 0 0 2 0 4 3 6 4 2 2 4 6 10 4 2 4 2 3 2 3 2 3 1 2 

1 116 8719999 0 1 0 1 0 48 12 60 2 8.5000 10.5000 1 1 2 3 0.0938 7 8 15 1 1.1429 1 0 1.1667 1 0.0323 0.0369 1 1 4 5 0.5714 0.6250 1 0 0 0 0 0 1 0 0 0 0 0 1 0 1 0 1 0 2 4 4 5 9 2 1 1 1 1 2 1 2 1 2 0 
0 116 8719998 1 0 0 0 1 66 91 157 21.5000 21.5000 43 1 1 2 8 0.2500 13 25 38 12 1.9231 1 2 1.0833 1.0870 0.0599 0.1152 1 1 5 17 0.3846 0.6800 1 0 0 0 0 0 1 0 0 0 0 0 2 0 4 3 6 4 2 2 4 6 10 4 2 4 2 3 2 3 2 3 1 2 

1 117 8719999 1 0 1 0 0 93 49 142 36 36 72 2 1 3 21 0.6562 25 7 32 18 3.5714 2 1 1.0870 1.1667 0.1152 0.0323 1 0 4 -14.0000 0.1600 -2.0000 1 0 0 0 0 0 1 0 0 0 0 0 2 2 4 3 6 4 3 5 8 12 16 2 0 1 0 1 0 1 0 1 0 1 
0 117 8719998 0 1 0 1 0 93 68 161 27.5000 23 50.5000 2 1 3 10 0.3125 25 13 38 12 1.9231 2 1 1.0870 1.0833 0.1152 0.0599 1 1 15 3 0.6000 0.2308 1 0 0 0 0 0 1 0 0 0 0 0 1 1 1 4 2 3 1 2 3 4 3 3 1 2 1 2 1 2 1 3 1 2 

1 118 8799999 1 0 1 0 0 69 28 97 16 16 32 2 1 3 12 0.3750 14 14 28 0 1 2 3 1.1667 1.2727 0.0642 0.0642 1 1 2 2 0.1429 0.1429 1 0 0 0 1 0 1 0 1 0 0 0 2 0 5 2 4 8 3 4 5 4 5 1 5 1 2 1 1 1 1 0 0 1 
0 118 8759998 0 1 0 1 0 69 95 164 1.5000 24 25.5000 2 1 3 10 0.3125 14 26 40 12 1.8571 2 3 1.1667 1.1304 0.0642 0.1193 1 1 4 16 0.2857 0.6154 1 0 0 0 0 0 1 0 0 0 0 0 1 0 3 0 4 3 1 2 3 6 8 5 2 3 1 3 1 3 1 4 1 1 

1 119 8719999 1 0 1 0 0 95 50 145 37 37 74 2 1 3 22 0.6875 26 7 33 19 3.7143 3 1 1.1304 1.1667 0.1198 0.0323 1 0 4 -15.0000 0.1538 -2.1429 1 0 0 0 0 0 1 0 0 0 0 0 2 2 4 3 6 4 3 5 8 12 16 2 0 1 0 1 0 1 0 1 0 1 
0 119 8719998 0 1 0 1 0 95 69 164 27.5000 24 51.5000 2 1 3 10 0.3125 26 13 39 13 2 3 1 1.1304 1.0833 0.1198 0.0599 1 1 16 3 0.6154 0.2308 1 0 0 0 0 0 1 0 0 0 0 0 1 1 1 4 2 3 1 2 3 4 3 5 1 2 1 2 1 2 1 2 1 1 

1 120 8759999 1 0 1 0 0 98 51 149 38 38 76 2 1 3 23 0.7188 27 7 34 20 3.8571 4 1 1.1739 1.1667 0.1239 0.0321 1 0 4 -16.0000 0.1481 -2.2857 1 0 0 0 0 0 1 0 0 0 0 0 2 2 4 3 6 4 3 5 8 12 16 2 0 1 0 1 0 1 0 1 0 1 
0 120 8759997 1 0 0 1 0 98 70 168 28 28 56 2 1 3 10 0.3125 27 13 40 14 2.0769 4 1 1.1739 1.0833 0.1239 0.0596 1 1 17 3 0.6296 0.2308 1 0 0 0 0 0 1 0 0 0 0 0 2 1 4 5 6 4 2 3 4 6 6 8 1 4 1 2 1 2 1 2 1 1 

1 121 8799999 1 0 1 0 0 70 28 98 16 16 32 2 1 3 12 0.3750 14 14 28 0 1 2 3 1.1667 1.2727 0.0642 0.0642 1 1 2 2 0.1429 0.1429 1 0 0 0 0 0 1 0 0 1 0 0 2 0 5 2 4 2 3 4 5 4 5 1 5 1 2 1 1 1 1 0 0 1 
0 121 8759997 1 0 0 1 0 70 98 168 1.5000 1.5000 3 2 1 3 9 0.2812 14 25 39 11 1.7857 2 2 1.1667 1.0870 0.0642 0.1147 1 1 5 16 0.3571 0.6400 1 0 0 0 0 0 1 0 0 1 0 0 2 2 3 3 6 5 2 3 4 8 11 4 4 3 2 3 1 3 1 4 1 2 

1 122 8759999 1 0 1 0 0 100 51 151 38 38 76 2 1 3 23 0.7188 27 7 34 20 3.8571 4 1 1.1739 1.1667 0.1239 0.0321 1 0 4 -16.0000 0.1481 -2.2857 1 0 0 0 0 0 1 0 0 0 0 0 2 2 4 3 6 4 3 5 8 12 16 2 0 1 0 1 0 1 0 1 0 1 
0 122 8759998 0 1 0 1 0 100 72 172 17 28.5000 45.5000 2 1 3 11 0.3438 27 13 40 14 2.0769 4 1 1.1739 1.0833 0.1239 0.0596 1 1 16 2 0.5926 0.1538 1 0 0 0 0 0 1 0 0 0 0 0 1 2 3 1 2 1 2 3 4 3 3 4 1 2 1 2 1 2 1 2 0 1 

