0 1 259 27 10 259 259 0 3 1 0 0 1 0 6 6 6 6 1 1 10 0.3704 26 9 0.1004 0.0347 1 0 16 -1.0000 0.6154 -0.1111 1 0 0 0 0 0 1 0 0 0 0 0 2 2 4 1 4 7 4 7 8 9 11 
0 1 259 27 10 259 259 0 3 1 0 0 1 0 2 2 1 1 1 1 8 0.2963 18 24 0.0695 0.0927 1 1 10 16 0.5556 0.6667 1 0 0 1 0 0 1 0 0 1 0 0 2 1 4 9 6 11 4 5 7 8 11 
1 1 260 27 10 259 259 0 3 1 0 0 1 0 2 2 2 2 1 1 8 0.2963 15 5 0.0579 0.0193 1 0 7 -3.0000 0.4667 -0.6000 1 0 0 1 0 0 1 0 0 1 0 0 2 2 8 8 7 6 3 6 8 10 12 

0 2 259 27 12 259 259 0 3 0 1 0 1 0 6 5 1.5000 0.5000 2 1 13 0.4815 26 21 0.1004 0.0811 1 1 13 8 0.5000 0.3810 1 0 0 0 0 0 1 0 0 0 0 0 1 0 2 3 5 5 3 5 6 9 11 
0 2 259 27 12 259 259 0 3 1 0 0 1 0 6 0 0 0 2 1 6 0.2222 26 13 0.1004 0.0502 1 1 20 7 0.7692 0.5385 1 0 0 0 0 0 1 0 0 0 0 0 2 0 6 0 6 0 4 7 9 11 10 
1 2 260 27 12 259 259 0 3 1 0 0 1 0 2 1 0.5000 0.5000 1 1 9 0.3333 19 13 0.0734 0.0502 1 1 10 4 0.5263 0.3077 1 0 0 0 0 0 1 0 0 0 0 0 2 1 4 3 5 9 4 6 8 7 7 

0 3 260 27 16 260 260 0 2 1 0 0 1 0 8 11 9 9 1 1 18 0.6667 22 9 0.0846 0.0346 1 0 4 -9.0000 0.1818 -1.0000 1 0 0 0 0 0 1 0 0 1 0 0 2 2 4 6 3 7 4 7 8 9 11 
1 3 261 27 16 260 260 0 2 0 1 0 1 0 5 17 0.5000 2.5000 1 1 7 0.2593 14 26 0.0538 0.1000 1 1 7 19 0.5000 0.7308 1 0 0 0 0 0 1 0 0 1 0 0 1 0 3 0 3 2 3 6 8 8 12 

0 4 260 27 10 260 260 0 3 1 0 0 1 0 19 11 9 9 1 1 10 0.3704 26 9 0.1000 0.0346 1 0 16 -1.0000 0.6154 -0.1111 1 0 0 0 0 0 1 0 0 0 0 0 2 2 4 1 4 7 4 7 8 9 11 
0 4 260 27 10 260 260 0 3 1 0 0 1 0 3 4 1.5000 1.5000 1 1 9 0.3333 14 18 0.0538 0.0692 1 1 5 9 0.3571 0.5000 1 0 0 0 0 0 1 0 0 0 0 0 2 1 3 2 6 9 2 6 8 8 7 
1 4 261 27 10 260 260 0 3 1 0 0 1 0 4 3 3 3 1 1 8 0.2963 15 5 0.0577 0.0192 1 0 7 -3.0000 0.4667 -0.6000 1 0 0 0 0 0 1 0 0 0 0 0 2 2 8 6 7 5 3 6 8 10 12 

