0 1 12639990 1 0 1 0 0 0 0 0 0 0 0 2 1 3 17 0.6538 21 23 44 2 1.0952 0 0 1 1 0.0667 0.0730 1 1 4 6 0.1905 0.2609 1 0 0 0 0 0 2 0 1 1 0 0 2 0 4 0 4 0 4 7 8 9 11 2 1 2 1 1 1 1 2 1 2 1 
0 1 12639989 1 0 1 0 0 0 0 0 0 0 0 2 2 4 9 0.3462 22 20 42 2 1.1000 0 0 1 1 0.0698 0.0635 1 1 13 11 0.5909 0.5500 1 0 1 2 0 0 1 2 1 1 0 0 2 0 7 4 6 3 2 2 4 6 10 1 1 1 1 1 1 1 1 1 1 5 
0 1 12639990 1 0 1 0 0 0 0 0 0 0 0 2 4 6 8 0.3077 22 19 41 3 1.1579 0 0 1 1 0.0698 0.0603 1 1 14 11 0.6364 0.5789 1 0 1 2 0 0 2 2 0 0 1 1 2 0 7 4 6 2 2 3 4 6 6 1 1 1 1 1 1 1 1 1 1 3 
0 1 12639989 1 0 1 0 0 0 0 0 0 0 0 1 2 3 11 0.4231 12 20 32 8 1.6667 0 0 1 1 0.0381 0.0635 1 1 1 9 0.0833 0.4500 1 0 0 0 0 0 1 0 0 0 0 0 2 1 4 1 8 10 3 6 8 10 12 1 2 1 1 1 1 0 1 0 1 2 
0 1 12639990 0 1 1 0 0 0 0 0 0 0 0 1 2 3 5 0.1923 14 20 34 6 1.4286 0 0 1 1 0.0444 0.0635 1 1 9 15 0.6429 0.7500 1 0 0 0 0 0 1 0 1 0 0 1 1 0 1 0 1 0 2 4 6 7 11 1 2 1 1 1 1 2 1 2 1 2 
0 1 12639990 0 1 1 0 0 0 0 0 0 0 0 4 1 5 14 0.5385 19 18 37 1 1.0556 0 0 1 1 0.0603 0.0571 1 1 5 4 0.2632 0.2222 1 0 0 0 0 0 1 0 0 1 1 1 1 1 1 3 1 2 2 4 4 4 6 1 1 1 1 1 1 1 1 1 1 2 
1 1 12639991 1 0 0 1 0 0 0 0 0 0 0 3 2 5 23 0.8846 27 21 48 6 1.2857 0 0 1 1 0.0857 0.0667 1 0 4 -2.0000 0.1481 -0.0952 1 0 0 0 0 0 1 0 1 1 0 1 2 2 4 3 5 4 3 5 8 12 16 2 0 2 0 3 0 3 0 3 0 0 
0 1 12639990 0 1 0 1 0 0 0 0 0 0 0 3 2 5 11 0.4231 27 20 47 7 1.3500 0 0 1 1 0.0857 0.0635 1 1 16 9 0.5926 0.4500 1 1 0 0 0 0 2 0 0 0 1 0 1 0 4 0 2 0 2 3 4 3 3 5 1 4 1 3 1 2 1 2 1 0 
0 1 12639990 0 1 0 1 0 0 0 0 0 0 0 3 4 7 10 0.3846 27 19 46 8 1.4211 0 0 1 1 0.0857 0.0603 1 1 17 9 0.6296 0.4737 1 0 0 0 0 0 1 0 0 1 0 0 1 0 1 0 1 0 2 1 2 2 3 5 1 5 1 4 1 3 1 2 1 0 
0 1 12639990 1 0 0 1 0 0 0 0 0 0 0 2 2 4 2 0.0769 20 20 40 0 1 0 0 1 1 0.0635 0.0635 1 1 18 18 0.9000 0.9000 1 0 0 0 0 1 1 0 2 0 0 1 2 0 4 2 4 8 4 6 7 10 12 1 1 2 1 2 1 2 1 1 1 0 
0 1 12639990 1 0 0 0 1 0 0 0 0 0 0 1 4 5 4 0.1538 27 19 46 8 1.4211 0 0 1 1 0.0857 0.0603 1 1 23 15 0.8519 0.7895 1 0 0 0 0 0 1 0 0 1 2 1 2 0 4 0 9 0 3 6 7 9 12 2 3 3 3 4 2 3 1 2 1 0 

0 2 12639991 1 0 1 0 0 1 0 1 0 0 0 1 1 2 17 0.6538 21 23 44 2 1.0952 0 0 1 1 0.0667 0.0730 1 1 4 6 0.1905 0.2609 1 0 0 0 0 0 2 0 1 0 0 0 2 0 4 0 4 0 4 7 8 9 11 2 1 2 1 1 1 1 2 1 2 1 
0 2 12639990 1 0 1 0 0 0 0 0 0 0 0 2 1 3 9 0.3462 22 20 42 2 1.1000 0 0 1 1 0.0698 0.0635 1 1 13 11 0.5909 0.5500 1 0 1 0 0 0 1 1 0 1 0 0 2 0 7 0 6 1 2 2 4 6 10 1 1 1 1 1 1 1 1 1 1 5 
0 2 12639991 1 0 1 0 0 0 0 0 0 0 0 2 3 5 8 0.3077 22 19 41 3 1.1579 0 0 1 1 0.0698 0.0603 1 1 14 11 0.6364 0.5789 1 0 1 0 0 0 1 1 0 0 1 1 2 0 7 0 6 0 2 3 4 6 6 1 1 1 1 1 1 1 1 1 1 3 
0 2 12639990 1 0 1 0 0 0 0 0 0 0 0 2 3 5 11 0.4231 12 20 32 8 1.6667 0 0 1 1 0.0381 0.0635 1 1 1 9 0.0833 0.4500 1 0 0 0 2 0 2 0 1 0 0 0 2 1 4 1 13 10 3 6 8 10 12 1 2 1 1 1 1 0 1 0 1 2 
0 2 12639991 0 1 1 0 0 0 0 0 0 0 0 1 2 3 5 0.1923 14 20 34 6 1.4286 0 0 1 1 0.0444 0.0635 1 1 9 15 0.6429 0.7500 1 0 0 0 0 0 1 0 0 0 0 1 1 0 1 0 1 0 2 4 6 7 11 1 2 1 1 1 1 2 1 2 1 2 
0 2 12639991 0 1 1 0 0 0 0 0 0 0 0 3 1 4 14 0.5385 19 18 37 1 1.0556 0 0 1 1 0.0603 0.0571 1 1 5 4 0.2632 0.2222 1 0 0 0 0 0 1 0 0 0 0 1 1 1 1 3 1 2 2 4 4 4 6 1 1 1 1 1 1 1 1 1 1 2 
1 2 12679992 1 0 1 0 0 1 0 1 0 0 0 2 2 4 15 0.5769 27 12 39 15 2.2500 0 0 1 1 0.0857 0.0381 1 0 12 -3.0000 0.4444 -0.2500 1 0 0 0 2 0 2 0 1 0 0 0 2 3 4 4 9 3 3 6 8 10 12 1 0 1 0 1 0 1 0 2 0 1 
0 2 12639990 1 0 1 0 0 1 0 1 0 0 0 2 3 5 13 0.5000 27 20 47 7 1.3500 0 0 1 1 0.0857 0.0635 1 1 14 7 0.5185 0.3500 1 0 0 0 2 0 1 0 2 0 0 0 2 0 5 2 9 6 3 6 8 12 11 2 1 1 1 1 1 1 1 1 2 1 
0 2 12639991 1 0 0 1 0 0 0 0 0 0 0 2 3 5 2 0.0769 20 20 40 0 1 0 0 1 1 0.0635 0.0635 1 1 18 18 0.9000 0.9000 1 0 0 0 0 1 1 0 2 0 0 0 2 0 4 2 4 8 4 6 7 10 12 1 1 2 1 2 1 2 1 1 1 0 
0 2 12639991 1 0 0 0 1 0 0 0 0 0 0 1 3 4 4 0.1538 27 19 46 8 1.4211 0 0 1 1 0.0857 0.0603 1 1 23 15 0.8519 0.7895 1 0 0 0 0 0 1 0 0 1 1 0 2 0 4 0 9 0 3 6 7 9 12 2 3 3 3 4 2 3 1 2 1 0 

0 3 12679991 1 0 1 0 0 1 0 1 0 0 0 1 1 2 17 0.6296 21 23 44 2 1.0952 0 0 1 1 0.0665 0.0728 1 1 4 6 0.1905 0.2609 1 0 0 0 0 0 2 0 1 0 0 0 2 0 4 0 4 0 4 7 8 9 11 2 1 2 1 1 1 1 2 1 2 1 
0 3 12679990 1 0 1 0 0 0 0 0 0 0 0 2 1 3 9 0.3333 22 20 42 2 1.1000 0 0 1 1 0.0696 0.0633 1 1 13 11 0.5909 0.5500 1 0 1 0 0 0 1 1 0 1 0 0 2 0 7 0 6 1 2 2 4 6 10 1 1 1 1 1 1 1 1 1 1 5 
0 3 12679991 1 0 1 0 0 0 0 0 0 0 0 2 3 5 8 0.2963 22 19 41 3 1.1579 0 0 1 1 0.0696 0.0601 1 1 14 11 0.6364 0.5789 1 0 1 0 0 0 1 1 0 0 1 1 2 0 7 0 6 0 2 3 4 6 6 1 1 1 1 1 1 1 1 1 1 3 
0 3 12679990 1 0 1 0 0 1 0 1 1 1 2 2 3 5 11 0.4074 12 20 32 8 1.6667 0 0 1 1 0.0380 0.0633 1 1 1 9 0.0833 0.4500 1 0 0 0 1 1 2 0 1 0 0 0 2 1 4 1 12 12 3 6 8 10 12 1 2 1 1 1 1 0 1 0 1 2 
0 3 12679991 0 1 1 0 0 0 0 0 0 0 0 1 2 3 5 0.1852 14 20 34 6 1.4286 0 0 1 1 0.0443 0.0633 1 1 9 15 0.6429 0.7500 1 0 0 0 0 0 1 0 0 0 0 1 1 0 1 0 1 0 2 4 6 7 11 1 2 1 1 1 1 2 1 2 1 2 
0 3 12679991 0 1 1 0 0 0 0 0 0 0 0 3 1 4 14 0.5185 19 18 37 1 1.0556 0 0 1 1 0.0601 0.0570 1 1 5 4 0.2632 0.2222 1 0 0 0 0 0 1 0 0 0 0 1 1 1 1 3 1 2 2 4 4 4 6 1 1 1 1 1 1 1 1 1 1 2 
0 3 12679991 1 0 0 1 0 0 0 0 0 0 0 2 3 5 2 0.0741 20 20 40 0 1 0 0 1 1 0.0633 0.0633 1 1 18 18 0.9000 0.9000 1 0 0 0 0 1 1 0 2 0 0 0 2 0 4 2 4 8 4 6 7 10 12 1 1 2 1 2 1 2 1 1 1 0 
1 3 12679992 1 0 0 1 0 2 1 3 1 1 2 2 2 4 16 0.5926 28 12 40 16 2.3333 1 0 1.0370 1 0.0886 0.0380 1 0 12 -4.0000 0.4286 -0.3333 1 0 0 0 0 2 2 0 1 0 0 0 2 2 6 3 5 9 3 6 8 10 12 4 0 4 0 6 0 8 0 10 0 0 
0 3 12679990 1 0 0 1 0 2 0 2 0 0 0 2 3 5 13 0.4815 28 20 48 8 1.4000 1 0 1.0370 1 0.0886 0.0633 1 1 15 7 0.5357 0.3500 1 0 0 0 1 1 1 0 2 0 0 0 2 0 5 3 8 7 3 6 8 12 11 7 1 5 1 4 1 4 1 4 2 0 
0 3 12679991 1 0 0 0 1 0 0 0 0 0 0 1 3 4 4 0.1481 27 19 46 8 1.4211 0 0 1 1 0.0854 0.0601 1 1 23 15 0.8519 0.7895 1 0 0 0 0 0 1 0 0 1 1 0 2 0 4 0 9 0 3 6 7 9 12 2 3 3 3 4 2 3 1 2 1 0 

1 4 12719990 1 0 1 0 0 1 0 1 0 0 0 2 1 3 17 0.6296 21 23 44 2 1.0952 0 0 1 1 0.0665 0.0728 1 1 4 6 0.1905 0.2609 1 0 0 0 0 0 2 0 1 1 0 0 2 0 4 0 4 0 4 7 8 9 11 2 1 2 1 1 1 1 2 1 2 1 
0 4 12679989 1 0 1 0 0 0 0 0 0 0 0 2 2 4 9 0.3333 22 20 42 2 1.1000 0 0 1 1 0.0696 0.0633 1 1 13 11 0.5909 0.5500 1 0 1 2 0 0 1 2 1 1 0 0 2 0 7 3 8 2 2 2 4 6 10 1 1 1 1 1 1 1 1 1 1 5 
0 4 12679990 1 0 1 0 0 0 0 0 0 0 0 2 4 6 8 0.2963 22 19 41 3 1.1579 0 0 1 1 0.0696 0.0601 1 1 14 11 0.6364 0.5789 1 0 1 2 0 0 2 2 0 0 1 1 2 0 7 4 7 1 2 3 4 6 6 1 1 1 1 1 1 1 1 1 1 3 
0 4 12679989 1 0 1 0 0 2 0 2 2 2 4 1 2 3 11 0.4074 12 20 32 8 1.6667 0 0 1 1 0.0380 0.0633 1 1 1 9 0.0833 0.4500 1 0 0 0 0 0 1 0 0 0 0 0 2 1 4 1 8 10 3 6 8 10 12 1 2 1 1 1 1 0 1 0 1 2 
0 4 12679990 0 1 1 0 0 0 0 0 0 0 0 1 2 3 5 0.1852 14 20 34 6 1.4286 0 0 1 1 0.0443 0.0633 1 1 9 15 0.6429 0.7500 1 0 0 0 0 0 1 0 1 0 0 1 1 0 1 0 1 0 2 4 6 7 11 1 2 1 1 1 1 2 1 2 1 2 
0 4 12679990 0 1 1 0 0 0 0 0 0 0 0 4 1 5 14 0.5185 19 18 37 1 1.0556 0 0 1 1 0.0601 0.0570 1 1 5 4 0.2632 0.2222 1 0 0 0 0 0 1 0 0 1 1 1 1 1 1 3 1 2 2 4 4 4 6 1 1 1 1 1 1 1 1 1 1 2 
1 4 12719991 1 0 1 0 0 3 1 4 1 1 2 3 2 5 24 0.8889 28 21 49 7 1.3333 1 0 1.0370 1 0.0886 0.0665 1 0 4 -3.0000 0.1429 -0.1429 1 0 0 0 0 0 1 0 1 1 0 1 2 2 4 3 6 3 3 5 8 12 16 2 0 1 0 1 0 1 0 1 0 1 
0 4 12679990 1 0 0 1 0 0 0 0 0 0 0 2 2 4 2 0.0741 20 20 40 0 1 0 0 1 1 0.0633 0.0633 1 1 18 18 0.9000 0.9000 1 0 0 0 0 1 1 0 2 0 0 1 2 0 4 2 4 8 4 6 7 10 12 1 1 2 1 2 1 2 1 1 1 0 
0 4 12679989 0 1 0 1 0 3 0 3 0 0 0 3 2 5 11 0.4074 28 20 48 8 1.4000 1 0 1.0370 1 0.0886 0.0633 1 1 17 9 0.6071 0.4500 1 1 0 0 0 0 2 0 0 0 1 0 1 0 4 0 2 0 2 3 4 3 3 2 1 2 1 2 1 2 1 2 1 1 
0 4 12679990 0 1 0 1 0 3 0 3 0 0 0 3 4 7 10 0.3704 28 19 47 9 1.4737 1 0 1.0370 1 0.0886 0.0601 1 1 18 9 0.6429 0.4737 1 0 0 0 0 0 1 0 0 1 0 0 1 0 1 0 1 0 2 1 2 2 3 2 1 2 1 2 1 2 1 2 1 1 
0 4 12679990 1 0 0 0 1 0 0 0 0 0 0 1 4 5 4 0.1481 27 19 46 8 1.4211 0 0 1 1 0.0854 0.0601 1 1 23 15 0.8519 0.7895 1 0 0 0 0 0 1 0 0 1 2 1 2 0 4 0 9 0 3 6 7 9 12 2 3 3 3 4 2 3 1 2 1 0 

1 5 12719991 1 0 1 0 0 2 0 2 0 0 0 1 1 2 17 0.6071 21 23 44 2 1.0952 0 0 1 1 0.0662 0.0726 1 1 4 6 0.1905 0.2609 1 0 0 0 0 0 2 0 1 0 0 0 2 0 4 0 4 0 4 7 8 9 11 2 1 2 1 1 1 1 2 1 2 1 
0 5 12719990 1 0 1 0 0 0 0 0 0 0 0 2 2 4 9 0.3214 22 20 42 2 1.1000 0 0 1 1 0.0694 0.0631 1 1 13 11 0.5909 0.5500 1 0 1 2 0 0 1 2 1 1 0 0 2 0 7 4 6 3 2 2 4 6 10 1 1 1 1 1 1 1 1 1 1 5 
1 5 12719991 1 0 1 0 0 0 0 0 0 0 0 2 4 6 8 0.2857 22 19 41 3 1.1579 0 0 1 1 0.0694 0.0599 1 1 14 11 0.6364 0.5789 1 0 1 2 0 0 2 2 0 0 1 1 2 0 7 4 6 2 2 3 4 6 6 1 1 1 1 1 1 1 1 1 1 3 
0 5 12719990 1 0 1 0 0 2 0 2 2 2 4 1 2 3 11 0.3929 12 20 32 8 1.6667 0 0 1 1 0.0379 0.0631 1 1 1 9 0.0833 0.4500 1 0 0 0 0 0 1 0 0 0 0 0 2 1 4 1 8 10 3 6 8 10 12 1 2 1 1 1 1 0 1 0 1 2 
1 5 12719991 0 1 1 0 0 0 0 0 0 0 0 1 2 3 5 0.1786 14 20 34 6 1.4286 0 0 1 1 0.0442 0.0631 1 1 9 15 0.6429 0.7500 1 0 0 0 0 0 1 0 0 0 0 1 1 0 1 0 1 0 2 4 6 7 11 1 2 1 1 1 1 2 1 2 1 2 
1 5 12719991 0 1 1 0 0 0 0 0 0 0 0 4 1 5 14 0.5000 19 18 37 1 1.0556 0 0 1 1 0.0599 0.0568 1 1 5 4 0.2632 0.2222 1 0 0 0 0 0 1 0 0 1 1 1 1 1 1 3 1 2 2 4 4 4 6 1 1 1 1 1 1 1 1 1 1 2 
1 5 12719991 1 0 0 1 0 0 0 0 0 0 0 2 2 4 2 0.0714 20 20 40 0 1 0 0 1 1 0.0631 0.0631 1 1 18 18 0.9000 0.9000 1 0 0 0 0 1 1 0 2 0 0 0 2 0 4 2 4 8 4 6 7 10 12 1 1 2 1 2 1 2 1 1 1 0 
0 5 12719990 0 1 0 1 0 4 0 4 0 0 0 2 2 4 11 0.3929 29 20 49 9 1.4500 2 0 1.0741 1 0.0915 0.0631 1 1 18 9 0.6207 0.4500 1 1 0 0 0 0 2 0 0 0 1 0 1 0 4 0 2 0 2 3 4 3 3 15 1 15 1 14 1 10 1 9 1 0 
1 5 12719991 0 1 0 1 0 4 0 4 0 0 0 2 4 6 10 0.3571 29 19 48 10 1.5263 2 0 1.0741 1 0.0915 0.0599 1 1 19 9 0.6552 0.4737 1 0 0 0 0 0 1 0 0 1 0 0 1 0 1 0 1 0 2 1 2 2 3 17 1 15 1 15 1 14 1 10 1 0 
1 5 12719991 1 0 0 0 1 0 0 0 0 0 0 1 4 5 4 0.1429 27 19 46 8 1.4211 0 0 1 1 0.0852 0.0599 1 1 23 15 0.8519 0.7895 1 0 0 0 0 0 1 0 0 1 2 1 2 0 4 0 9 0 3 6 7 9 12 2 3 3 3 4 2 3 1 2 1 0 

0 6 12719991 1 0 1 0 0 0 0 0 0 0 0 2 2 4 9 0.3214 22 20 42 2 1.1000 0 0 1 1 0.0694 0.0631 1 1 13 11 0.5909 0.5500 1 0 1 2 0 0 1 2 1 1 0 0 2 0 7 4 6 3 2 2 4 6 10 1 1 1 1 1 1 1 1 1 1 5 
1 6 12719992 1 0 1 0 0 0 0 0 0 0 0 2 4 6 8 0.2857 22 19 41 3 1.1579 0 0 1 1 0.0694 0.0599 1 1 14 11 0.6364 0.5789 1 0 1 2 0 0 2 2 0 0 1 1 2 0 7 4 6 2 2 3 4 6 6 1 1 1 1 1 1 1 1 1 1 3 
0 6 12719991 1 0 1 0 0 2 0 2 2 2 4 1 2 3 11 0.3929 12 20 32 8 1.6667 0 0 1 1 0.0379 0.0631 1 1 1 9 0.0833 0.4500 1 0 0 0 0 0 1 0 0 0 0 0 2 1 4 1 8 10 3 6 8 10 12 1 2 1 1 1 1 0 1 0 1 2 
1 6 12719992 0 1 1 0 0 0 0 0 0 1 1 1 2 3 5 0.1786 14 20 34 6 1.4286 0 0 1 1 0.0442 0.0631 1 1 9 15 0.6429 0.7500 1 0 0 0 0 0 1 0 0 0 0 1 1 0 1 0 1 0 2 4 6 7 11 1 2 1 1 1 1 2 1 2 1 2 
1 6 12719992 0 1 1 0 0 0 0 0 0 0 0 4 1 5 14 0.5000 19 18 37 1 1.0556 0 0 1 1 0.0599 0.0568 1 1 5 4 0.2632 0.2222 1 0 0 0 0 0 1 0 0 1 1 1 1 1 1 3 1 2 2 4 4 4 6 1 1 1 1 1 1 1 1 1 1 2 
1 6 12719992 1 0 0 1 0 0 0 0 0 0 0 2 2 4 2 0.0714 20 20 40 0 1 0 0 1 1 0.0631 0.0631 1 1 18 18 0.9000 0.9000 1 0 0 0 0 1 1 0 1 0 0 0 2 0 4 2 4 8 4 6 7 10 12 1 1 2 1 2 1 2 1 1 1 0 
0 6 12719991 0 1 0 1 0 4 0 4 0 0 0 2 2 4 11 0.3929 29 20 49 9 1.4500 2 0 1.0741 1 0.0915 0.0631 1 1 18 9 0.6207 0.4500 1 1 0 0 0 0 2 0 0 0 1 0 1 0 4 0 2 0 2 3 4 3 3 15 1 15 1 14 1 10 1 9 1 0 
1 6 12719992 0 1 0 1 0 4 0 4 0 0 0 2 4 6 10 0.3571 29 19 48 10 1.5263 2 0 1.0741 1 0.0915 0.0599 1 1 19 9 0.6552 0.4737 1 0 0 0 0 0 1 0 0 1 0 0 1 0 1 0 1 0 2 1 2 2 3 17 1 15 1 15 1 14 1 10 1 0 
1 6 12719992 1 0 0 0 1 0 0 0 0 0 0 1 4 5 4 0.1429 27 19 46 8 1.4211 0 0 1 1 0.0852 0.0599 1 1 23 15 0.8519 0.7895 1 0 0 0 0 0 1 0 0 1 2 1 2 0 4 0 9 0 3 6 7 9 12 2 3 3 3 4 2 3 1 2 1 0 

0 7 12759992 1 0 1 0 0 1 0 1 0 0 0 2 2 4 9 0.3214 22 20 42 2 1.1000 0 0 1 1 0.0692 0.0629 1 1 13 11 0.5909 0.5500 2 0 0 2 0 0 2 1 1 0 0 0 2 2 4 6 4 5 2 2 4 6 10 1 1 1 1 1 1 1 1 1 1 5 
0 7 12759992 1 0 1 0 0 2 0 2 2 2 4 1 2 3 11 0.3929 12 20 32 8 1.6667 0 0 1 1 0.0377 0.0629 1 1 1 9 0.0833 0.4500 1 0 0 0 0 0 1 0 0 0 0 0 2 1 4 1 8 10 3 6 8 10 12 1 2 1 1 1 1 0 1 0 1 2 
1 7 12759993 0 1 1 0 0 0 0 0 0 1 1 1 2 3 5 0.1786 14 20 34 6 1.4286 0 0 1 1 0.0440 0.0629 1 1 9 15 0.6429 0.7500 1 0 0 0 0 0 1 0 0 0 0 1 1 0 1 0 1 0 2 4 6 7 11 1 2 1 1 1 1 2 1 2 1 2 
0 7 12759992 0 1 1 0 0 1 1 2 0 1 1 3 2 5 9 0.3214 20 22 42 2 1.1000 1 0 1.0526 1 0.0629 0.0692 1 1 11 13 0.5500 0.5909 2 0 0 0 0 0 2 0 0 0 0 0 2 0 2 0 2 1 1 1 2 3 6 1 2 1 1 1 1 1 1 1 1 4 
0 7 12759992 1 0 1 0 0 1 0 1 0 0 0 3 1 4 14 0.5000 20 18 38 2 1.1111 1 0 1.0526 1 0.0629 0.0566 1 1 6 4 0.3000 0.2222 1 0 0 0 0 0 1 0 0 0 2 1 2 1 4 3 4 2 3 5 6 7 10 1 1 1 1 1 1 1 1 1 1 2 
1 7 12759993 1 0 0 1 0 0 0 0 0 0 0 2 2 4 2 0.0714 20 20 40 0 1 0 0 1 1 0.0629 0.0629 1 1 18 18 0.9000 0.9000 1 0 0 0 0 1 1 0 1 0 0 0 2 0 4 2 4 8 4 6 7 10 12 1 1 2 1 2 1 2 1 1 1 0 
0 7 12759992 0 1 0 1 0 4 0 4 0 1 1 2 2 4 11 0.3929 29 20 49 9 1.4500 2 0 1.0741 1 0.0912 0.0629 1 1 18 9 0.6207 0.4500 1 1 0 0 0 0 2 0 0 0 1 0 1 2 1 1 1 1 2 3 4 3 3 15 1 15 1 14 1 10 1 9 1 0 
0 7 12759992 1 0 0 1 0 1 4 5 0 0 0 3 2 5 10 0.3571 20 29 49 9 1.4500 1 2 1.0526 1.0741 0.0629 0.0912 1 1 10 19 0.5000 0.6552 1 1 1 1 0 0 2 1 1 0 1 0 2 2 4 6 4 4 3 4 5 4 5 17 1 15 1 15 1 14 1 10 1 0 

0 8 12719991 1 0 1 0 0 2 0 2 2 2 4 1 2 3 11 0.3929 12 20 32 8 1.6667 0 0 1 1 0.0379 0.0631 1 1 1 9 0.0833 0.4500 1 0 0 0 0 0 1 0 0 0 0 0 2 1 4 1 8 10 3 6 8 10 12 1 2 1 1 1 1 0 1 0 1 2 
1 8 12719992 0 1 1 0 0 0 0 0 0 1 1 1 2 3 5 0.1786 14 20 34 6 1.4286 0 0 1 1 0.0442 0.0631 1 1 9 15 0.6429 0.7500 1 0 0 0 0 0 1 0 0 0 0 1 1 0 1 0 1 0 2 4 6 7 11 1 2 1 1 1 1 2 1 2 1 2 
1 8 12719992 0 1 1 0 0 1 0 1 0 0 0 4 1 5 14 0.5000 19 18 37 1 1.0556 0 0 1 1 0.0599 0.0568 1 1 5 4 0.2632 0.2222 1 0 0 0 0 0 1 0 0 1 2 1 1 1 1 3 1 2 2 4 4 4 6 1 1 1 1 1 1 1 1 1 1 2 
0 8 12719991 0 1 1 0 0 1 0 1 1 0 1 2 2 4 10 0.3571 23 20 43 3 1.1500 1 0 1.0455 1 0.0726 0.0631 1 1 13 10 0.5652 0.5000 1 3 0 0 0 0 3 1 0 0 0 1 1 2 4 1 2 1 1 2 3 4 3 1 1 1 1 1 1 1 1 1 1 4 
1 8 12719992 0 1 1 0 0 1 1 2 0 1 1 2 4 6 9 0.3214 23 19 42 4 1.2105 1 0 1.0455 1 0.0726 0.0599 1 1 14 10 0.6087 0.5263 1 1 1 0 0 0 3 0 0 0 1 0 1 2 1 1 1 1 2 3 4 3 3 2 1 1 1 1 1 1 1 1 1 2 
1 8 12719992 1 0 0 1 0 0 0 0 0 0 0 2 2 4 2 0.0714 20 20 40 0 1 0 0 1 1 0.0631 0.0631 1 1 18 18 0.9000 0.9000 1 0 0 0 0 1 1 0 1 0 0 0 2 0 4 2 4 8 4 6 7 10 12 1 1 2 1 2 1 2 1 1 1 0 
0 8 12719991 0 1 0 1 0 4 0 4 0 1 1 2 2 4 11 0.3929 29 20 49 9 1.4500 2 0 1.0741 1 0.0915 0.0631 1 1 18 9 0.6207 0.4500 1 1 1 0 0 0 3 0 0 0 1 0 1 0 4 0 2 0 2 3 4 3 3 15 1 15 1 14 1 10 1 9 1 0 
1 8 12719992 0 1 0 1 0 4 1 5 0 0 0 2 4 6 10 0.3571 29 19 48 10 1.5263 2 0 1.0741 1 0.0915 0.0599 1 1 19 9 0.6552 0.4737 1 0 0 0 0 0 1 0 0 1 0 0 1 0 1 0 1 0 2 1 2 2 3 17 1 15 1 15 1 14 1 10 1 0 
1 8 12719992 1 0 0 0 1 0 1 1 0 0 0 1 4 5 4 0.1429 27 19 46 8 1.4211 0 0 1 1 0.0852 0.0599 1 1 23 15 0.8519 0.7895 1 0 0 0 0 0 1 0 0 1 2 1 2 0 4 0 9 0 3 6 7 9 12 2 3 3 3 4 2 3 1 2 1 0 

0 9 12719992 1 0 1 0 0 2 0 2 2 2 4 1 1 2 11 0.3929 12 20 32 8 1.6667 0 0 1 1 0.0379 0.0631 1 1 1 9 0.0833 0.4500 1 0 0 0 0 0 1 0 0 0 0 0 2 1 4 1 8 10 3 6 8 10 12 1 2 1 1 1 1 0 1 0 1 2 
1 9 12719993 0 1 1 0 0 1 0 1 0 0 0 4 1 5 14 0.5000 19 18 37 1 1.0556 0 0 1 1 0.0599 0.0568 1 1 5 4 0.2632 0.2222 1 0 0 0 0 0 1 0 0 1 2 1 1 1 1 3 1 2 2 4 4 4 6 1 1 1 1 1 1 1 1 1 1 2 
0 9 12719992 0 1 1 0 0 1 0 1 1 0 1 2 2 4 10 0.3571 23 20 43 3 1.1500 1 0 1.0455 1 0.0726 0.0631 1 1 13 10 0.5652 0.5000 1 3 0 0 0 0 3 1 0 0 0 1 1 2 4 1 2 1 1 2 3 4 3 1 1 1 1 1 1 1 1 1 1 4 
1 9 12719993 0 1 1 0 0 1 1 2 0 1 1 2 4 6 9 0.3214 23 19 42 4 1.2105 1 0 1.0455 1 0.0726 0.0599 1 1 14 10 0.6087 0.5263 1 1 1 0 0 0 3 0 0 0 1 0 1 2 1 1 1 1 2 3 4 3 3 2 1 1 1 1 1 1 1 1 1 2 
1 9 12719993 1 0 1 0 0 1 1 2 1.5000 1.5000 3 1 1 2 5 0.1786 21 14 35 7 1.5000 1 0 1.0500 1 0.0662 0.0442 1 1 16 9 0.7619 0.6429 1 0 0 0 0 0 1 0 0 0 0 0 2 1 3 1 3 6 4 7 8 9 11 1 4 1 3 1 1 2 1 2 1 1 
0 9 12719992 0 1 0 1 0 4 0 4 0 1 1 2 2 4 11 0.3929 29 20 49 9 1.4500 2 0 1.0741 1 0.0915 0.0631 1 1 18 9 0.6207 0.4500 1 1 1 0 0 0 3 0 0 0 1 0 1 0 4 0 2 0 2 3 4 3 3 15 1 15 1 14 1 10 1 9 1 0 
1 9 12719993 0 1 0 1 0 4 1 5 0 0 0 2 4 6 10 0.3571 29 19 48 10 1.5263 2 0 1.0741 1 0.0915 0.0599 1 1 19 9 0.6552 0.4737 1 0 0 0 0 0 1 0 0 1 0 0 1 0 1 0 1 0 2 1 2 2 3 17 1 15 1 15 1 14 1 10 1 0 
1 9 12719993 1 0 0 0 1 0 1 1 0 0 0 1 4 5 4 0.1429 27 19 46 8 1.4211 0 0 1 1 0.0852 0.0599 1 1 23 15 0.8519 0.7895 1 0 0 0 0 0 1 0 0 1 2 1 2 0 4 0 9 0 3 6 7 9 12 2 3 3 3 4 2 3 1 2 1 0 

0 10 12719993 1 0 1 0 0 2 0 2 2 2 4 1 1 2 11 0.3929 12 20 32 8 1.6667 0 0 1 1 0.0379 0.0631 1 1 1 9 0.0833 0.4500 1 0 0 0 0 0 1 0 0 0 0 0 2 1 4 1 8 10 3 6 8 10 12 1 2 1 1 1 1 0 1 0 1 2 
0 10 12719993 0 1 1 0 0 1 0 1 1 0 1 2 2 4 10 0.3571 23 20 43 3 1.1500 1 0 1.0455 1 0.0726 0.0631 1 1 13 10 0.5652 0.5000 1 3 0 0 0 0 3 1 0 0 0 1 1 4 1 2 1 2 1 2 3 4 3 1 1 1 1 1 1 1 1 1 1 4 
1 10 12719994 1 0 1 0 0 1 1 2 1.5000 1.5000 3 1 1 2 5 0.1786 21 14 35 7 1.5000 1 0 1.0500 1 0.0662 0.0442 1 1 16 9 0.7619 0.6429 1 0 0 0 0 0 1 0 0 0 0 0 2 1 3 1 3 6 4 7 8 9 11 1 4 1 3 1 1 2 1 2 1 1 
0 10 12719993 1 0 1 0 0 2 1 3 0.5000 0.5000 1 3 1 4 14 0.5000 20 18 38 2 1.1111 1 0 1.0526 1 0.0631 0.0568 1 1 6 4 0.3000 0.2222 1 0 0 0 0 0 1 0 0 0 2 2 2 1 4 3 4 2 3 5 6 7 10 2 1 2 1 1 1 1 1 1 1 1 
0 10 12719993 0 1 0 1 0 4 0 4 0 1 1 2 2 4 11 0.3929 29 20 49 9 1.4500 2 0 1.0741 1 0.0915 0.0631 1 1 18 9 0.6207 0.4500 1 1 0 0 0 0 2 0 0 0 1 0 1 2 1 1 1 1 2 3 4 3 3 15 1 15 1 14 1 10 1 9 1 0 
0 10 12719993 1 0 0 1 0 2 1 3 1 1 2 3 2 5 9 0.3214 20 23 43 3 1.1500 1 1 1.0526 1.0455 0.0631 0.0726 1 1 11 14 0.5500 0.6087 1 1 2 0 0 0 3 1 0 0 0 1 2 2 7 3 5 3 2 3 4 6 6 2 2 1 2 1 2 1 2 1 2 2 
0 10 12719993 1 0 0 0 1 2 4 6 0 0 0 3 2 5 10 0.3571 20 29 49 9 1.4500 1 2 1.0526 1.0741 0.0631 0.0915 1 1 10 19 0.5000 0.6552 1 2 1 0 0 0 2 2 0 0 1 0 2 2 7 3 5 3 3 4 5 4 5 17 2 15 2 15 2 14 2 10 2 0 

0 11 12719994 0 1 1 0 0 1 0 1 1 0 1 2 2 4 10 0.3571 23 20 43 3 1.1500 1 0 1.0455 1 0.0726 0.0631 1 1 13 10 0.5652 0.5000 1 3 0 0 0 0 3 1 0 0 0 1 1 4 1 2 1 2 1 2 3 4 3 1 1 1 1 1 1 1 1 1 1 4 
0 11 12719994 1 0 1 0 0 2 1 3 0.5000 0.5000 1 3 1 4 14 0.5000 20 18 38 2 1.1111 1 0 1.0526 1 0.0631 0.0568 1 1 6 4 0.3000 0.2222 1 0 0 0 0 0 1 0 0 0 2 2 2 1 4 3 4 2 3 5 6 7 10 2 1 2 1 1 1 1 1 1 1 1 
1 11 12719995 1 0 1 0 0 1 3 4 3 3 6 1 1 2 12 0.4286 21 12 33 9 1.7500 1 0 1.0500 1 0.0662 0.0379 1 0 9 0 0.4286 0 1 0 0 0 0 0 1 0 0 0 0 0 2 2 3 3 6 8 3 6 8 10 12 1 3 1 1 0 1 0 1 0 1 1 
1 11 12719995 0 1 0 1 0 4 0 4 0 1 1 2 2 4 11 0.3929 29 20 49 9 1.4500 2 0 1.0741 1 0.0915 0.0631 1 1 18 9 0.6207 0.4500 1 1 0 0 0 0 2 0 0 0 1 0 1 2 1 1 1 1 2 3 4 3 3 15 1 15 1 14 1 10 1 9 1 0 
0 11 12719994 1 0 0 1 0 2 1 3 1 1 2 3 2 5 9 0.3214 20 23 43 3 1.1500 1 1 1.0526 1.0455 0.0631 0.0726 1 1 11 14 0.5500 0.6087 1 1 2 0 0 0 3 1 0 0 0 1 2 2 7 3 5 3 2 3 4 6 6 2 2 1 2 1 2 1 2 1 2 2 
1 11 12719995 1 0 0 0 1 2 4 6 0 0 0 3 2 5 10 0.3571 20 29 49 9 1.4500 1 2 1.0526 1.0741 0.0631 0.0915 1 1 10 19 0.5000 0.6552 1 2 1 0 0 0 2 2 0 0 1 0 2 2 7 3 5 3 3 4 5 4 5 17 2 15 2 15 2 14 2 10 2 0 

0 12 12719994 0 1 1 0 0 1 0 1 1 0 1 2 2 4 10 0.3571 23 20 43 3 1.1500 1 0 1.0455 1 0.0726 0.0631 1 1 13 10 0.5652 0.5000 1 3 0 0 0 0 3 1 0 0 0 1 1 4 1 2 1 2 1 2 3 4 3 1 1 1 1 1 1 1 1 1 1 4 
0 12 12719994 1 0 1 0 0 2 1 3 0.5000 0.5000 1 3 1 4 14 0.5000 20 18 38 2 1.1111 1 0 1.0526 1 0.0631 0.0568 1 1 6 4 0.3000 0.2222 1 0 0 0 0 0 1 0 0 0 2 2 2 1 4 3 4 2 3 5 6 7 10 2 1 2 1 1 1 1 1 1 1 1 
0 12 12719995 0 1 0 1 0 4 0 4 0 1 1 2 2 4 11 0.3929 29 20 49 9 1.4500 2 0 1.0741 1 0.0915 0.0631 1 1 18 9 0.6207 0.4500 1 1 0 0 0 0 2 0 0 0 1 0 1 2 1 1 1 1 2 3 4 3 3 15 1 15 1 14 1 10 1 9 1 0 
0 12 12719994 1 0 0 1 0 2 1 3 1 1 2 3 2 5 9 0.3214 20 23 43 3 1.1500 1 1 1.0526 1.0455 0.0631 0.0726 1 1 11 14 0.5500 0.6087 1 1 2 0 0 0 3 1 0 0 0 1 2 2 7 3 5 3 2 3 4 6 6 2 2 1 2 1 2 1 2 1 2 2 
1 12 12759995 1 0 0 1 0 2 4 6 4 4 8 1 1 2 13 0.4643 22 12 34 10 1.8333 2 0 1.1000 1 0.0694 0.0379 1 0 9 -1.0000 0.4091 -0.0833 1 0 0 0 0 0 1 0 0 0 0 0 2 2 4 5 3 4 3 6 8 10 12 1 5 0 3 0 3 0 3 0 3 0 
0 12 12719995 1 0 0 0 1 2 4 6 0 0 0 3 2 5 10 0.3571 20 29 49 9 1.4500 1 2 1.0526 1.0741 0.0631 0.0915 1 1 10 19 0.5000 0.6552 1 2 1 0 0 0 2 2 0 0 1 0 2 2 7 3 5 3 3 4 5 4 5 17 2 15 2 15 2 14 2 10 2 0 

0 13 12759994 0 1 1 0 0 1 0 1 1 0 1 2 2 4 10 0.3571 23 20 43 3 1.1500 1 0 1.0455 1 0.0723 0.0629 1 1 13 10 0.5652 0.5000 1 3 0 0 0 0 3 1 0 0 0 1 1 4 1 2 1 2 1 2 3 4 3 1 1 1 1 1 1 1 1 1 1 4 
0 13 12759994 1 0 1 0 0 2 1 3 0.5000 0.5000 1 3 1 4 14 0.5000 20 18 38 2 1.1111 1 0 1.0526 1 0.0629 0.0566 1 1 6 4 0.3000 0.2222 1 0 0 0 0 0 1 0 0 0 2 2 2 1 4 3 4 2 3 5 6 7 10 2 1 2 1 1 1 1 1 1 1 1 
1 13 12759995 0 1 0 1 0 4 0 4 0 1 1 2 2 4 11 0.3929 29 20 49 9 1.4500 2 0 1.0741 1 0.0912 0.0629 1 1 18 9 0.6207 0.4500 1 1 0 0 0 0 2 0 0 0 1 0 1 2 1 1 1 1 2 3 4 3 3 15 1 15 1 14 1 10 1 9 1 0 
0 13 12759994 1 0 0 1 0 2 1 3 1 1 2 3 2 5 9 0.3214 20 23 43 3 1.1500 1 1 1.0526 1.0455 0.0629 0.0723 1 1 11 14 0.5500 0.6087 1 1 2 0 0 0 3 1 0 0 0 1 2 2 7 3 5 3 2 3 4 6 6 2 2 1 2 1 2 1 2 1 2 2 
0 13 12759994 0 1 0 1 0 3 3 6 0 0 0 1 1 2 9 0.3214 22 22 44 0 1 2 1 1.1000 1.0476 0.0692 0.0692 1 1 13 13 0.5909 0.5909 1 0 0 0 0 0 1 0 0 0 0 0 1 0 1 2 3 4 2 4 5 8 11 2 1 2 1 2 1 2 1 2 1 1 
1 13 12759995 1 0 0 0 1 2 4 6 0 0 0 3 2 5 10 0.3571 20 29 49 9 1.4500 1 2 1.0526 1.0741 0.0629 0.0912 1 1 10 19 0.5000 0.6552 1 2 1 0 0 0 2 2 0 0 1 0 2 2 7 3 5 3 3 4 5 4 5 17 2 15 2 15 2 14 2 10 2 0 

0 14 12759993 1 0 1 0 0 5 3 8 5 5 10 1 1 2 11 0.3929 12 20 32 8 1.6667 0 0 1 1 0.0377 0.0629 1 1 1 9 0.0833 0.4500 1 0 0 0 0 0 1 0 0 0 0 0 2 1 4 1 8 10 3 6 8 10 12 1 2 1 1 1 1 0 1 0 1 2 
0 14 12759993 0 1 1 0 0 1 0 1 1 0 1 2 2 4 10 0.3571 23 20 43 3 1.1500 1 0 1.0455 1 0.0723 0.0629 1 1 13 10 0.5652 0.5000 1 3 0 0 0 0 3 1 0 0 0 1 1 4 1 2 1 2 1 2 3 4 3 1 1 1 1 1 1 1 1 1 1 4 
0 14 12759993 1 0 1 0 0 2 1 3 0.5000 0.5000 1 3 1 4 14 0.5000 20 18 38 2 1.1111 1 0 1.0526 1 0.0629 0.0566 1 1 6 4 0.3000 0.2222 1 0 0 0 0 0 1 0 0 0 2 2 2 1 4 3 4 2 3 5 6 7 10 2 1 2 1 1 1 1 1 1 1 1 
1 14 12759994 0 1 1 0 0 2 2 4 0.5000 2.5000 3 1 1 2 6 0.2143 15 21 36 6 1.4000 1 1 1.0714 1.0500 0.0472 0.0660 1 1 9 15 0.6000 0.7143 1 0 0 0 0 0 1 0 0 0 0 0 1 0 1 0 1 0 2 4 6 7 11 2 3 1 1 1 1 2 1 2 1 1 
0 14 12759993 0 1 0 1 0 4 0 4 0 1 1 2 2 4 11 0.3929 29 20 49 9 1.4500 2 0 1.0741 1 0.0912 0.0629 1 1 18 9 0.6207 0.4500 1 1 0 0 0 0 2 0 0 0 1 0 1 2 1 1 1 1 2 3 4 3 3 15 1 15 1 14 1 10 1 9 1 0 
0 14 12759993 1 0 0 1 0 2 1 3 1 1 2 3 2 5 9 0.3214 20 23 43 3 1.1500 1 1 1.0526 1.0455 0.0629 0.0723 1 1 11 14 0.5500 0.6087 1 1 2 0 0 0 3 1 0 0 0 1 2 2 7 3 5 3 2 3 4 6 6 2 2 1 2 1 2 1 2 1 2 2 
0 14 12759993 1 0 0 0 1 2 4 6 0 0 0 3 2 5 10 0.3571 20 29 49 9 1.4500 1 2 1.0526 1.0741 0.0629 0.0912 1 1 10 19 0.5000 0.6552 1 2 1 0 0 0 2 2 0 0 1 0 2 2 7 3 5 3 3 4 5 4 5 17 2 15 2 15 2 14 2 10 2 0 

0 15 12719992 1 0 1 0 0 5 3 8 5 5 10 1 1 2 11 0.3929 12 20 32 8 1.6667 0 0 1 1 0.0379 0.0631 1 1 1 9 0.0833 0.4500 1 0 0 0 0 0 1 0 0 0 0 0 2 1 4 1 8 10 3 6 8 10 12 1 2 1 1 1 1 0 1 0 1 2 
0 15 12719992 0 1 1 0 0 1 0 1 1 0 1 2 2 4 10 0.3571 23 20 43 3 1.1500 1 0 1.0455 1 0.0726 0.0631 1 1 13 10 0.5652 0.5000 1 3 0 0 0 0 3 1 0 0 0 0 1 2 4 1 2 1 1 2 3 4 3 1 1 1 1 1 1 1 1 1 1 4 
1 15 12719993 0 1 1 0 0 1 2 3 0 1 1 2 4 6 9 0.3214 23 19 42 4 1.2105 1 0 1.0455 1 0.0726 0.0599 1 1 14 10 0.6087 0.5263 1 1 1 0 0 0 3 0 0 0 0 1 1 2 1 1 1 1 2 3 4 3 3 2 1 1 1 1 1 1 1 1 1 2 
1 15 12719993 1 0 1 0 0 2 2 4 2.5000 2.5000 5 1 1 2 5 0.1786 21 14 35 7 1.5000 1 0 1.0500 1 0.0662 0.0442 1 1 16 9 0.7619 0.6429 1 0 0 0 0 0 1 0 0 0 0 0 2 1 3 1 3 6 4 7 8 9 11 1 4 1 3 1 1 2 1 2 1 1 
1 15 12719993 1 0 1 0 0 1 2 3 0.5000 0.5000 1 1 4 5 14 0.5000 19 19 38 0 1 1 0 1.0556 1 0.0599 0.0599 1 1 5 5 0.2632 0.2632 1 0 0 0 0 0 1 0 0 0 1 2 2 1 4 1 6 1 2 4 8 10 10 1 3 1 2 1 1 1 1 1 1 1 
0 15 12719992 0 1 0 1 0 4 0 4 0 1 1 2 2 4 11 0.3929 29 20 49 9 1.4500 2 0 1.0741 1 0.0915 0.0631 1 1 18 9 0.6207 0.4500 1 1 1 0 0 0 3 0 0 0 0 1 1 0 4 0 2 0 2 3 4 3 3 15 1 15 1 14 1 10 1 9 1 0 
1 15 12719993 0 1 0 1 0 4 2 6 0 0 0 2 4 6 10 0.3571 29 19 48 10 1.5263 2 0 1.0741 1 0.0915 0.0599 1 1 19 9 0.6552 0.4737 1 0 0 0 0 0 1 0 0 0 1 0 1 0 1 0 1 0 2 1 2 2 3 17 1 15 1 15 1 14 1 10 1 0 
1 15 12719993 1 0 0 0 1 0 2 2 0 0 0 1 4 5 4 0.1429 27 19 46 8 1.4211 0 0 1 1 0.0852 0.0599 1 1 23 15 0.8519 0.7895 1 0 0 0 0 0 1 0 0 1 2 1 2 0 4 0 9 0 3 6 7 9 12 2 3 3 3 4 2 3 1 2 1 0 

0 16 12759993 1 0 1 0 0 5 3 8 5 5 10 1 1 2 11 0.3929 12 20 32 8 1.6667 0 0 1 1 0.0377 0.0629 1 1 1 9 0.0833 0.4500 1 0 0 0 0 0 1 0 0 0 0 0 2 1 4 1 8 10 3 6 8 10 12 1 2 1 1 1 1 0 1 0 1 2 
0 16 12759993 0 1 1 0 0 2 0 2 1.5000 0 1.5000 2 2 4 10 0.3571 23 20 43 3 1.1500 1 0 1.0455 1 0.0723 0.0629 1 1 13 10 0.5652 0.5000 1 3 0 0 0 0 3 1 0 0 0 1 1 4 1 2 1 2 1 2 3 4 3 1 1 1 1 1 1 1 1 1 1 4 
1 16 12759994 1 0 1 0 0 2 2 4 2.5000 2.5000 5 1 1 2 5 0.1786 21 14 35 7 1.5000 1 0 1.0500 1 0.0660 0.0440 1 1 16 9 0.7619 0.6429 1 0 0 0 0 0 1 0 0 0 0 0 2 1 3 1 3 6 4 7 8 9 11 1 4 1 3 1 1 2 1 2 1 1 
0 16 12759993 1 0 1 0 0 3 2 5 1.5000 1.5000 3 3 2 5 9 0.3214 20 23 43 3 1.1500 1 1 1.0526 1.0455 0.0629 0.0723 1 1 11 14 0.5500 0.6087 1 1 2 0 0 0 3 1 0 0 0 1 2 2 7 3 5 3 2 3 4 6 6 2 2 1 2 1 1 1 1 1 1 3 
1 16 12759994 0 1 1 0 0 3 1 4 0.5000 0.5000 1 3 1 4 15 0.5357 20 19 39 1 1.0526 1 1 1.0526 1.0556 0.0629 0.0597 1 1 5 4 0.2500 0.2105 1 0 0 0 0 0 1 0 0 0 2 2 1 0 4 0 3 0 2 4 4 4 6 1 2 1 1 1 1 1 1 1 1 1 
0 16 12759993 0 1 0 1 0 4 0 4 0.5000 1.5000 2 2 2 4 11 0.3929 29 20 49 9 1.4500 2 0 1.0741 1 0.0912 0.0629 1 1 18 9 0.6207 0.4500 1 1 0 0 0 0 2 0 0 0 1 0 1 2 1 1 1 1 2 3 4 3 3 15 1 15 1 14 1 10 1 9 1 0 
0 16 12759993 1 0 0 1 0 3 4 7 0.5000 0.5000 1 3 2 5 10 0.3571 20 29 49 9 1.4500 1 2 1.0526 1.0741 0.0629 0.0912 1 1 10 19 0.5000 0.6552 1 2 1 0 0 0 2 2 0 0 1 0 2 2 7 3 5 3 3 4 5 4 5 17 2 15 1 15 1 14 1 10 1 0 

0 17 12719992 1 0 1 0 0 5 3 8 5 5 10 1 1 2 11 0.3929 12 20 32 8 1.6667 0 0 1 1 0.0379 0.0631 1 1 1 9 0.0833 0.4500 1 0 0 0 0 0 1 0 0 0 0 0 2 1 4 1 8 10 3 6 8 10 12 1 2 1 1 1 1 0 1 0 1 2 
1 17 12719993 1 0 1 0 0 2 2 4 2.5000 2.5000 5 1 1 2 5 0.1786 21 14 35 7 1.5000 1 0 1.0500 1 0.0662 0.0442 1 1 16 9 0.7619 0.6429 1 0 0 0 0 0 1 0 0 0 0 0 2 1 3 1 3 6 4 7 8 9 11 1 4 1 3 1 1 2 1 2 1 1 
1 17 12719993 1 0 1 0 0 1 3 4 0.5000 0.5000 1 1 4 5 14 0.5000 19 19 38 0 1 1 0 1.0556 1 0.0599 0.0599 1 1 5 5 0.2632 0.2632 1 0 0 0 0 0 1 0 0 0 1 2 2 1 4 1 6 1 2 4 8 10 10 1 3 1 2 1 1 1 1 1 1 1 
0 17 12719992 1 0 1 0 0 2 0 2 1.5000 1.5000 3 2 2 4 10 0.3571 24 20 44 4 1.2000 2 0 1.0909 1 0.0757 0.0631 1 1 14 10 0.5833 0.5000 1 2 1 0 0 0 2 2 0 0 1 0 2 2 7 3 5 3 2 3 4 6 6 3 1 1 1 1 1 1 1 1 1 3 
1 17 12719993 1 0 1 0 0 2 3 5 0.5000 0.5000 1 2 4 6 9 0.3214 24 19 43 5 1.2632 2 0 1.0909 1 0.0757 0.0599 1 1 15 10 0.6250 0.5263 1 1 2 0 0 0 3 1 0 0 0 2 2 3 6 3 5 3 3 4 5 4 5 4 1 3 1 1 1 1 1 1 1 1 
0 17 12719992 0 1 0 1 0 4 0 4 0.5000 1.5000 2 2 2 4 11 0.3929 29 20 49 9 1.4500 2 0 1.0741 1 0.0915 0.0631 1 1 18 9 0.6207 0.4500 1 1 1 0 0 0 3 0 0 0 0 1 1 0 4 0 2 0 2 3 4 3 3 15 1 15 1 14 1 10 1 9 1 0 
1 17 12719993 0 1 0 1 0 4 3 7 0 0.5000 0.5000 2 4 6 10 0.3571 29 19 48 10 1.5263 2 0 1.0741 1 0.0915 0.0599 1 1 19 9 0.6552 0.4737 1 0 0 0 0 0 1 0 0 0 1 0 1 0 1 0 1 0 2 1 2 2 3 17 1 15 1 15 1 14 1 10 1 0 
1 17 12719993 1 0 0 0 1 0 3 3 0 0 0 1 4 5 4 0.1429 27 19 46 8 1.4211 0 0 1 1 0.0852 0.0599 1 1 23 15 0.8519 0.7895 1 0 0 0 0 0 1 0 0 0 2 2 2 0 4 0 9 0 3 6 7 9 12 2 3 3 3 4 2 3 1 2 1 0 

0 18 12719993 1 0 1 0 0 5 3 8 5 5 10 1 1 2 11 0.3929 12 20 32 8 1.6667 0 0 1 1 0.0379 0.0631 1 1 1 9 0.0833 0.4500 1 0 0 0 0 0 1 0 0 0 0 0 2 1 4 1 8 10 3 6 8 10 12 1 2 1 1 1 1 0 1 0 1 2 
1 18 12719994 1 0 1 0 0 1 3 4 0.5000 0.5000 1 1 4 5 14 0.5000 19 19 38 0 1 1 0 1.0556 1 0.0599 0.0599 1 1 5 5 0.2632 0.2632 1 0 0 0 0 0 1 0 0 0 1 2 2 1 4 1 6 1 2 4 8 10 10 1 3 1 2 1 1 1 1 1 1 1 
0 18 12719993 1 0 1 0 0 2 0 2 1.5000 1.5000 3 2 2 4 10 0.3571 24 20 44 4 1.2000 2 0 1.0909 1 0.0757 0.0631 1 1 14 10 0.5833 0.5000 1 2 1 0 0 0 2 2 0 0 1 0 2 2 7 3 5 3 2 3 4 6 6 3 1 1 1 1 1 1 1 1 1 3 
1 18 12719994 1 0 1 0 0 2 3 5 0.5000 0.5000 1 2 4 6 9 0.3214 24 19 43 5 1.2632 2 0 1.0909 1 0.0757 0.0599 1 1 15 10 0.6250 0.5263 1 1 2 0 0 0 3 1 0 0 0 2 2 3 6 3 5 3 3 4 5 4 5 4 1 3 1 1 1 1 1 1 1 1 
0 18 12719993 0 1 0 1 0 4 0 4 0.5000 1.5000 2 2 2 4 11 0.3929 29 20 49 9 1.4500 2 0 1.0741 1 0.0915 0.0631 1 1 18 9 0.6207 0.4500 1 1 1 0 0 0 3 0 0 0 0 1 1 0 4 0 2 0 2 3 4 3 3 15 1 15 1 14 1 10 1 9 1 0 
1 18 12719994 0 1 0 1 0 4 3 7 0 0.5000 0.5000 2 4 6 10 0.3571 29 19 48 10 1.5263 2 0 1.0741 1 0.0915 0.0599 1 1 19 9 0.6552 0.4737 1 0 0 0 0 0 1 0 0 0 1 0 1 0 1 0 1 0 2 1 2 2 3 17 1 15 1 15 1 14 1 10 1 0 
1 18 12719994 1 0 0 0 1 0 3 3 0 0 0 1 4 5 4 0.1429 27 19 46 8 1.4211 0 0 1 1 0.0852 0.0599 1 1 23 15 0.8519 0.7895 1 0 0 0 0 0 1 0 0 0 2 2 2 0 4 0 9 0 3 6 7 9 12 2 3 3 3 4 2 3 1 2 1 0 

0 19 12759994 1 0 1 0 0 5 3 8 5 5 10 1 1 2 11 0.3929 12 20 32 8 1.6667 0 0 1 1 0.0377 0.0629 1 1 1 9 0.0833 0.4500 1 0 0 0 0 0 1 0 0 0 0 0 2 1 4 1 8 10 3 6 8 10 12 1 2 1 1 1 1 0 1 0 1 2 
0 19 12759994 1 0 1 0 0 2 0 2 1.5000 1.5000 3 2 2 4 10 0.3571 24 20 44 4 1.2000 2 0 1.0909 1 0.0755 0.0629 1 1 14 10 0.5833 0.5000 2 2 0 0 0 0 3 1 0 0 0 1 2 4 4 5 3 5 2 3 4 6 6 3 1 1 1 1 1 1 1 1 1 3 
1 19 12759995 0 1 1 0 0 4 2 6 0.5000 1.5000 2 3 1 4 15 0.5357 20 19 39 1 1.0526 1 1 1.0526 1.0556 0.0629 0.0597 1 1 5 4 0.2500 0.2105 1 0 0 0 0 0 1 0 0 0 3 1 1 0 4 0 3 0 2 4 4 4 6 2 2 1 1 1 1 1 1 1 1 1 
0 19 12759994 0 1 0 1 0 4 0 4 0.5000 1.5000 2 2 2 4 11 0.3929 29 20 49 9 1.4500 2 0 1.0741 1 0.0912 0.0629 1 1 18 9 0.6207 0.4500 1 2 0 0 0 0 3 0 0 0 1 0 1 2 1 1 1 1 2 3 4 3 3 15 1 15 1 14 1 10 1 9 1 0 
0 19 12759993 0 1 0 1 0 4 2 6 1.5000 0.5000 2 3 2 5 10 0.3571 20 24 44 4 1.2000 1 2 1.0526 1.0909 0.0629 0.0755 1 1 10 14 0.5000 0.5833 2 1 0 0 0 0 3 0 0 0 0 0 2 1 2 1 2 1 1 1 1 2 3 3 2 1 2 1 2 1 2 1 2 1 
0 19 12759994 1 0 0 0 1 4 4 8 0.5000 0.5000 1 3 2 5 10 0.3571 20 29 49 9 1.4500 1 2 1.0526 1.0741 0.0629 0.0912 1 1 10 19 0.5000 0.6552 2 2 0 0 0 0 3 1 0 0 1 0 2 4 5 3 5 3 3 4 5 4 5 17 2 15 2 15 2 14 2 10 2 0 

0 20 12719994 1 0 1 0 0 5 3 8 5 5 10 1 1 2 11 0.3929 12 20 32 8 1.6667 0 0 1 1 0.0379 0.0631 1 1 1 9 0.0833 0.4500 1 0 0 0 0 0 1 0 0 0 0 0 2 1 4 1 8 10 3 6 8 10 12 1 2 1 1 1 1 0 1 0 1 2 
0 20 12719994 1 0 1 0 0 2 0 2 1.5000 1.5000 3 2 2 4 10 0.3571 24 20 44 4 1.2000 2 0 1.0909 1 0.0757 0.0631 1 1 14 10 0.5833 0.5000 1 2 1 0 0 0 2 2 0 0 1 0 2 2 7 3 5 3 2 3 4 6 6 3 1 1 1 1 1 1 1 1 1 3 
1 20 12719995 1 0 1 0 0 2 4 6 0.5000 0.5000 1 2 3 5 9 0.3214 24 19 43 5 1.2632 2 0 1.0909 1 0.0757 0.0599 1 1 15 10 0.6250 0.5263 1 1 2 0 0 0 3 1 0 0 0 1 2 3 6 3 5 3 3 4 5 4 5 4 1 3 1 1 1 1 1 1 1 1 
0 20 12719994 0 1 0 1 0 4 0 4 0.5000 1.5000 2 2 2 4 11 0.3929 29 20 49 9 1.4500 2 0 1.0741 1 0.0915 0.0631 1 1 18 9 0.6207 0.4500 1 1 1 0 0 0 3 0 0 0 0 0 1 0 4 0 2 0 2 3 4 3 3 15 1 15 1 14 1 10 1 9 1 0 
1 20 12719995 0 1 0 1 0 4 4 8 0 0.5000 0.5000 2 3 5 10 0.3571 29 19 48 10 1.5263 2 0 1.0741 1 0.0915 0.0599 1 1 19 9 0.6552 0.4737 1 0 0 0 0 0 1 0 0 0 0 0 1 0 1 0 1 0 2 1 2 2 3 17 1 15 1 15 1 14 1 10 1 0 
1 20 12719995 1 0 0 0 1 0 4 4 0 0 0 1 3 4 4 0.1429 27 19 46 8 1.4211 0 0 1 1 0.0852 0.0599 1 1 23 15 0.8519 0.7895 1 0 0 0 0 0 1 0 0 0 2 2 2 0 4 0 9 0 3 6 7 9 12 2 3 3 3 4 2 3 1 2 1 0 

1 21 12759995 1 0 1 0 0 5 3 8 5 5 10 1 1 2 11 0.3929 12 20 32 8 1.6667 0 0 1 1 0.0377 0.0629 1 1 1 9 0.0833 0.4500 1 0 0 0 0 0 1 0 0 0 0 0 2 1 4 1 8 10 3 6 8 10 12 1 2 1 1 1 1 0 1 0 1 2 
1 21 12759995 1 0 1 0 0 3 0 3 1.5000 1.5000 3 2 2 4 10 0.3571 24 20 44 4 1.2000 2 0 1.0909 1 0.0755 0.0629 1 1 14 10 0.5833 0.5000 2 2 0 0 0 0 3 1 0 0 0 0 2 4 4 5 3 5 2 3 4 6 6 3 1 1 1 1 1 1 1 1 1 3 
0 21 12759990 0 1 1 0 0 5 3 8 1.5000 1.5000 3 2 2 4 10 0.3571 20 24 44 4 1.2000 1 2 1.0526 1.0909 0.0629 0.0755 1 1 10 14 0.5000 0.5833 2 1 0 0 0 0 3 0 0 0 0 0 2 1 2 1 2 1 1 1 1 2 3 3 2 1 1 1 1 1 1 1 1 2 
1 21 12759995 0 1 0 1 0 4 0 4 1.5000 1.5000 3 2 2 4 11 0.3929 29 20 49 9 1.4500 2 0 1.0741 1 0.0912 0.0629 1 1 18 9 0.6207 0.4500 1 2 0 0 0 0 3 0 0 0 0 0 1 2 1 1 1 1 2 3 4 3 3 15 1 15 1 14 1 10 1 9 1 0 
1 21 12759995 1 0 0 1 0 5 4 9 1.5000 1.5000 3 2 2 4 10 0.3571 20 29 49 9 1.4500 1 2 1.0526 1.0741 0.0629 0.0912 1 1 10 19 0.5000 0.6552 2 2 0 0 0 0 3 1 0 0 0 0 2 4 5 3 5 3 3 4 5 4 5 17 2 15 1 15 1 14 1 10 1 0 

0 22 12759992 1 0 1 0 0 5 3 8 5 5 10 1 1 2 11 0.3929 12 20 32 8 1.6667 0 0 1 1 0.0377 0.0629 1 1 1 9 0.0833 0.4500 1 0 0 0 0 0 1 0 0 0 0 0 2 1 4 1 8 10 3 6 8 10 12 1 2 1 1 1 1 0 1 0 1 2 
1 22 12759993 1 0 1 0 0 2 5 7 1.5000 1.5000 3 1 4 5 14 0.5000 19 19 38 0 1 1 0 1.0556 1 0.0597 0.0597 1 1 5 5 0.2632 0.2632 1 0 0 0 0 0 1 0 0 0 1 2 2 1 4 1 6 1 2 4 8 10 10 1 3 1 2 1 1 1 1 1 1 1 
0 22 12759992 1 0 1 0 0 3 0 3 1.5000 1.5000 3 2 2 4 10 0.3571 24 20 44 4 1.2000 2 0 1.0909 1 0.0755 0.0629 1 1 14 10 0.5833 0.5000 1 2 1 0 0 0 2 2 0 0 1 0 2 2 7 3 5 3 2 3 4 6 6 3 1 1 1 1 1 1 1 1 1 3 
1 22 12759993 1 0 1 0 0 3 5 8 1.5000 1.5000 3 2 4 6 9 0.3214 24 19 43 5 1.2632 2 0 1.0909 1 0.0755 0.0597 1 1 15 10 0.6250 0.5263 1 1 2 0 0 0 3 1 0 0 0 2 2 3 6 3 5 3 3 4 5 4 5 4 1 3 1 1 1 1 1 1 1 1 
1 22 12759993 0 1 1 0 0 3 3 6 0.5000 3.5000 4 1 1 2 6 0.2143 15 21 36 6 1.4000 1 1 1.0714 1.0500 0.0472 0.0660 1 1 9 15 0.6000 0.7143 1 0 0 0 0 0 1 0 0 0 0 0 1 0 1 0 1 0 2 4 6 7 11 2 3 1 1 1 1 2 1 2 1 1 
0 22 12759992 0 1 0 1 0 4 0 4 1.5000 1.5000 3 2 2 4 11 0.3929 29 20 49 9 1.4500 2 0 1.0741 1 0.0912 0.0629 1 1 18 9 0.6207 0.4500 1 1 1 0 0 0 3 0 0 0 0 1 1 0 4 0 2 0 2 3 4 3 3 15 1 15 1 14 1 10 1 9 1 0 
1 22 12759993 0 1 0 1 0 4 5 9 0 1.5000 1.5000 2 4 6 10 0.3571 29 19 48 10 1.5263 2 0 1.0741 1 0.0912 0.0597 1 1 19 9 0.6552 0.4737 1 0 0 0 0 0 1 0 0 0 1 0 1 0 1 0 1 0 2 1 2 2 3 17 1 15 1 15 1 14 1 10 1 0 
1 22 12759993 1 0 0 0 1 0 5 5 0 0 0 1 4 5 4 0.1429 27 19 46 8 1.4211 0 0 1 1 0.0849 0.0597 1 1 23 15 0.8519 0.7895 1 0 0 0 0 0 1 0 0 0 2 2 2 0 4 0 9 0 3 6 7 9 12 2 3 3 3 4 2 3 1 2 1 0 

0 23 12719991 1 0 1 0 0 5 3 8 5 5 10 1 2 3 11 0.3929 12 20 32 8 1.6667 0 0 1 1 0.0379 0.0631 1 1 1 9 0.0833 0.4500 1 0 0 0 0 0 1 0 0 0 0 0 2 1 4 1 8 10 3 6 8 10 12 1 2 1 1 1 1 0 1 0 1 2 
1 23 12719992 0 1 1 0 0 5 2 7 0.5000 1.5000 2 4 1 5 14 0.5000 19 18 37 1 1.0556 0 0 1 1 0.0599 0.0568 1 1 5 4 0.2632 0.2222 1 0 0 0 0 0 1 0 0 1 2 1 1 1 1 3 1 2 2 4 4 4 6 1 1 1 1 1 1 1 1 1 1 2 
0 23 12719991 0 1 1 0 0 3 0 3 1.5000 0 1.5000 2 2 4 10 0.3571 23 20 43 3 1.1500 1 0 1.0455 1 0.0726 0.0631 1 1 13 10 0.5652 0.5000 1 3 0 0 0 0 3 1 0 0 0 1 1 2 4 1 2 1 1 2 3 4 3 1 1 1 1 1 1 1 1 1 1 4 
1 23 12719992 0 1 1 0 0 3 5 8 1.5000 1.5000 3 2 4 6 9 0.3214 23 19 42 4 1.2105 1 0 1.0455 1 0.0726 0.0599 1 1 14 10 0.6087 0.5263 1 1 1 0 0 0 3 0 0 0 1 0 1 2 1 1 1 1 2 3 4 3 3 2 1 1 1 1 1 1 1 1 1 2 
1 23 12719992 1 0 1 0 0 3 3 6 0.5000 0.5000 1 1 2 3 5 0.1786 15 20 35 5 1.3333 1 0 1.0714 1 0.0473 0.0631 1 1 10 15 0.6667 0.7500 1 0 0 0 0 0 1 0 0 1 0 0 2 1 3 1 3 1 3 6 9 10 12 2 2 2 1 1 1 1 1 2 1 1 
1 23 12719992 1 0 0 1 0 3 3 6 0 0 0 2 2 4 2 0.0714 20 20 40 0 1 0 0 1 1 0.0631 0.0631 1 1 18 18 0.9000 0.9000 1 0 0 0 0 0 1 0 0 1 0 0 2 0 4 2 4 5 4 6 7 10 12 1 1 2 1 2 1 2 1 1 1 0 
0 23 12719991 0 1 0 1 0 4 0 4 1.5000 1.5000 3 2 2 4 11 0.3929 29 20 49 9 1.4500 2 0 1.0741 1 0.0915 0.0631 1 1 18 9 0.6207 0.4500 1 1 1 0 0 0 3 0 0 0 1 0 1 0 4 0 2 0 2 3 4 3 3 15 1 15 1 14 1 10 1 9 1 0 
1 23 12719992 0 1 0 1 0 4 5 9 0 1.5000 1.5000 2 4 6 10 0.3571 29 19 48 10 1.5263 2 0 1.0741 1 0.0915 0.0599 1 1 19 9 0.6552 0.4737 1 0 0 0 0 0 1 0 0 1 0 0 1 0 1 0 1 0 2 1 2 2 3 17 1 15 1 15 1 14 1 10 1 0 
1 23 12719992 1 0 0 0 1 0 5 5 0 0 0 1 4 5 4 0.1429 27 19 46 8 1.4211 0 0 1 1 0.0852 0.0599 1 1 23 15 0.8519 0.7895 1 0 0 0 0 0 1 0 0 1 2 1 2 0 4 0 9 0 3 6 7 9 12 2 3 3 3 4 2 3 1 2 1 0 

0 24 12719992 1 0 1 0 0 5 3 8 5 5 10 1 2 3 11 0.3929 12 20 32 8 1.6667 0 0 1 1 0.0379 0.0631 1 1 1 9 0.0833 0.4500 1 0 0 0 0 0 1 0 0 0 0 0 2 1 4 1 8 10 3 6 8 10 12 1 2 1 1 1 1 0 1 0 1 2 
0 24 12719992 0 1 1 0 0 3 0 3 1.5000 0 1.5000 2 2 4 10 0.3571 23 20 43 3 1.1500 1 0 1.0455 1 0.0726 0.0631 1 1 13 10 0.5652 0.5000 1 3 0 0 0 0 3 1 0 0 0 1 1 4 1 2 1 2 1 2 3 4 3 1 1 1 1 1 1 1 1 1 1 4 
1 24 12719993 1 0 1 0 0 3 3 6 0.5000 0.5000 1 1 2 3 5 0.1786 15 20 35 5 1.3333 1 0 1.0714 1 0.0473 0.0631 1 1 10 15 0.6667 0.7500 1 0 0 0 0 0 1 0 0 1 0 0 2 1 3 1 3 1 3 6 9 10 12 2 2 2 1 1 1 1 1 2 1 1 
0 24 12719992 1 0 1 0 0 6 3 9 1 1 2 3 1 4 14 0.5000 20 18 38 2 1.1111 1 0 1.0526 1 0.0631 0.0568 1 1 6 4 0.3000 0.2222 1 0 0 0 0 0 1 0 0 0 2 2 2 1 4 3 4 2 3 5 6 7 10 2 1 2 1 1 1 1 1 1 1 1 
1 24 12719993 1 0 0 1 0 3 3 6 0 0 0 2 2 4 2 0.0714 20 20 40 0 1 0 0 1 1 0.0631 0.0631 1 1 18 18 0.9000 0.9000 1 0 0 0 0 0 1 0 0 1 0 0 2 0 4 2 4 5 4 6 7 10 12 1 1 2 1 2 1 2 1 1 1 0 
0 24 12719992 0 1 0 1 0 4 0 4 1.5000 1.5000 3 2 2 4 11 0.3929 29 20 49 9 1.4500 2 0 1.0741 1 0.0915 0.0631 1 1 18 9 0.6207 0.4500 1 1 0 0 0 0 2 0 0 0 1 0 1 2 1 1 1 1 2 3 4 3 3 15 1 15 1 14 1 10 1 9 1 0 
0 24 12719992 1 0 0 1 0 6 3 9 1.5000 1.5000 3 3 2 5 9 0.3214 20 23 43 3 1.1500 1 1 1.0526 1.0455 0.0631 0.0726 1 1 11 14 0.5500 0.6087 1 1 2 0 0 0 3 1 0 0 0 1 2 2 7 3 5 3 2 3 4 6 6 2 2 1 2 1 2 1 2 1 2 2 
0 24 12719992 1 0 0 0 1 6 4 10 1.5000 1.5000 3 3 2 5 10 0.3571 20 29 49 9 1.4500 1 2 1.0526 1.0741 0.0631 0.0915 1 1 10 19 0.5000 0.6552 1 2 1 0 0 0 2 2 0 0 1 0 2 2 7 3 5 3 3 4 5 4 5 17 2 15 2 15 2 14 2 10 2 0 

0 25 12759993 1 0 1 0 0 5 3 8 5 5 10 1 1 2 11 0.3929 12 20 32 8 1.6667 0 0 1 1 0.0377 0.0629 1 1 1 9 0.0833 0.4500 1 0 0 0 0 0 1 0 0 0 0 0 2 1 4 1 8 10 3 6 8 10 12 1 2 1 1 1 1 0 1 0 1 2 
0 25 12759993 0 1 1 0 0 3 0 3 1.5000 0 1.5000 2 2 4 10 0.3571 23 20 43 3 1.1500 1 0 1.0455 1 0.0723 0.0629 1 1 13 10 0.5652 0.5000 1 3 0 0 0 0 3 1 0 0 0 1 1 4 1 2 1 2 1 2 3 4 3 1 1 1 1 1 1 1 1 1 1 4 
0 25 12759993 1 0 1 0 0 6 3 9 1 1 2 3 1 4 14 0.5000 20 18 38 2 1.1111 1 0 1.0526 1 0.0629 0.0566 1 1 6 4 0.3000 0.2222 1 0 0 0 0 0 1 0 0 0 2 2 2 1 4 3 4 2 3 5 6 7 10 2 1 2 1 1 1 1 1 1 1 1 
1 25 12759994 0 1 1 0 0 4 4 8 3.5000 1.5000 5 1 1 2 6 0.2143 21 15 36 6 1.4000 1 1 1.0500 1.0714 0.0660 0.0472 1 1 15 9 0.7143 0.6000 1 0 0 0 0 0 1 0 0 0 0 0 1 0 1 0 1 1 3 6 7 9 11 2 3 1 1 1 1 2 1 2 1 1 
0 25 12759993 0 1 0 1 0 4 0 4 1.5000 1.5000 3 2 2 4 11 0.3929 29 20 49 9 1.4500 2 0 1.0741 1 0.0912 0.0629 1 1 18 9 0.6207 0.4500 1 1 0 0 0 0 2 0 0 0 1 0 1 2 1 1 1 1 2 3 4 3 3 15 1 15 1 14 1 10 1 9 1 0 
0 25 12759993 1 0 0 1 0 6 3 9 1.5000 1.5000 3 3 2 5 9 0.3214 20 23 43 3 1.1500 1 1 1.0526 1.0455 0.0629 0.0723 1 1 11 14 0.5500 0.6087 1 1 2 0 0 0 3 1 0 0 0 1 2 2 7 3 5 3 2 3 4 6 6 2 2 1 2 1 2 1 2 1 2 2 
0 25 12759993 1 0 0 0 1 6 4 10 1.5000 1.5000 3 3 2 5 10 0.3571 20 29 49 9 1.4500 1 2 1.0526 1.0741 0.0629 0.0912 1 1 10 19 0.5000 0.6552 1 2 1 0 0 0 2 2 0 0 1 0 2 2 7 3 5 3 3 4 5 4 5 17 2 15 2 15 2 14 2 10 2 0 

0 26 12719993 1 0 1 0 0 5 3 8 5 5 10 1 2 3 11 0.3929 12 20 32 8 1.6667 0 0 1 1 0.0379 0.0631 1 1 1 9 0.0833 0.4500 1 0 0 0 0 0 1 0 0 0 0 0 2 1 4 1 8 10 3 6 8 10 12 1 2 1 1 1 1 0 1 0 1 2 
0 26 12719993 0 1 1 0 0 3 0 3 1.5000 0 1.5000 2 2 4 10 0.3571 23 20 43 3 1.1500 1 0 1.0455 1 0.0726 0.0631 1 1 13 10 0.5652 0.5000 1 3 0 0 0 0 3 1 0 0 0 1 1 4 1 2 1 2 1 2 3 4 3 1 1 1 1 1 1 1 1 1 1 4 
0 26 12719993 1 0 1 0 0 6 3 9 1 1 2 3 1 4 14 0.5000 20 18 38 2 1.1111 1 0 1.0526 1 0.0631 0.0568 1 1 6 4 0.3000 0.2222 1 0 0 0 0 0 1 0 0 0 2 2 2 1 4 3 4 2 3 5 6 7 10 2 1 2 1 1 1 1 1 1 1 1 
1 26 12719994 1 0 0 1 0 4 3 7 0 0 0 1 2 3 2 0.0714 20 20 40 0 1 0 0 1 1 0.0631 0.0631 1 1 18 18 0.9000 0.9000 1 0 0 0 0 0 1 0 0 0 0 0 2 0 4 2 4 5 4 6 7 10 12 1 1 2 1 2 1 2 1 1 1 0 
0 26 12719993 0 1 0 1 0 4 0 4 1.5000 1.5000 3 2 2 4 11 0.3929 29 20 49 9 1.4500 2 0 1.0741 1 0.0915 0.0631 1 1 18 9 0.6207 0.4500 1 1 0 0 0 0 2 0 0 0 1 0 1 2 1 1 1 1 2 3 4 3 3 15 1 15 1 14 1 10 1 9 1 0 
0 26 12719993 1 0 0 1 0 6 3 9 1.5000 1.5000 3 3 2 5 9 0.3214 20 23 43 3 1.1500 1 1 1.0526 1.0455 0.0631 0.0726 1 1 11 14 0.5500 0.6087 1 1 2 0 0 0 3 1 0 0 0 1 2 2 7 3 5 3 2 3 4 6 6 2 2 1 2 1 2 1 2 1 2 2 
0 26 12719993 1 0 0 0 1 6 4 10 1.5000 1.5000 3 3 2 5 10 0.3571 20 29 49 9 1.4500 1 2 1.0526 1.0741 0.0631 0.0915 1 1 10 19 0.5000 0.6552 1 2 1 0 0 0 2 2 0 0 1 0 2 2 7 3 5 3 3 4 5 4 5 17 2 15 2 15 2 14 2 10 2 0 

0 27 12719994 0 1 1 0 0 3 0 3 1.5000 0 1.5000 2 2 4 10 0.3571 23 20 43 3 1.1500 1 0 1.0455 1 0.0726 0.0631 1 1 13 10 0.5652 0.5000 1 3 0 0 0 0 3 1 0 0 0 1 1 4 1 2 1 2 1 2 3 4 3 1 1 1 1 1 1 1 1 1 1 4 
0 27 12719994 1 0 1 0 0 6 3 9 1 1 2 3 1 4 14 0.5000 20 18 38 2 1.1111 1 0 1.0526 1 0.0631 0.0568 1 1 6 4 0.3000 0.2222 1 0 0 0 0 0 1 0 0 0 2 2 2 1 4 3 4 2 3 5 6 7 10 2 1 2 1 1 1 1 1 1 1 1 
1 27 12719995 1 0 1 0 0 5 6 11 6 6 12 1 1 2 12 0.4286 21 12 33 9 1.7500 1 0 1.0500 1 0.0662 0.0379 1 0 9 0 0.4286 0 1 0 0 0 0 0 1 0 0 0 0 0 2 2 3 3 6 8 3 6 8 10 12 1 3 1 1 0 1 0 1 0 1 1 
1 27 12719995 0 1 0 1 0 4 0 4 1.5000 1.5000 3 2 2 4 11 0.3929 29 20 49 9 1.4500 2 0 1.0741 1 0.0915 0.0631 1 1 18 9 0.6207 0.4500 1 1 0 0 0 0 2 0 0 0 1 0 1 2 1 1 1 1 2 3 4 3 3 15 1 15 1 14 1 10 1 9 1 0 
0 27 12719994 1 0 0 1 0 6 3 9 1.5000 1.5000 3 3 2 5 9 0.3214 20 23 43 3 1.1500 1 1 1.0526 1.0455 0.0631 0.0726 1 1 11 14 0.5500 0.6087 1 1 2 0 0 0 3 1 0 0 0 1 2 2 7 3 5 3 2 3 4 6 6 2 2 1 2 1 2 1 2 1 2 2 
1 27 12719995 1 0 0 0 1 6 4 10 1.5000 1.5000 3 3 2 5 10 0.3571 20 29 49 9 1.4500 1 2 1.0526 1.0741 0.0631 0.0915 1 1 10 19 0.5000 0.6552 1 2 1 0 0 0 2 2 0 0 1 0 2 2 7 3 5 3 3 4 5 4 5 17 2 15 2 15 2 14 2 10 2 0 

0 28 12719994 0 1 1 0 0 3 0 3 1.5000 0 1.5000 2 2 4 10 0.3571 23 20 43 3 1.1500 1 0 1.0455 1 0.0726 0.0631 1 1 13 10 0.5652 0.5000 1 3 0 0 0 0 3 1 0 0 0 1 1 4 1 2 1 2 1 2 3 4 3 1 1 1 1 1 1 1 1 1 1 4 
0 28 12719994 1 0 1 0 0 6 3 9 1 1 2 3 1 4 14 0.5000 20 18 38 2 1.1111 1 0 1.0526 1 0.0631 0.0568 1 1 6 4 0.3000 0.2222 1 0 0 0 0 0 1 0 0 0 2 2 2 1 4 3 4 2 3 5 6 7 10 2 1 2 1 1 1 1 1 1 1 1 
0 28 12719995 0 1 0 1 0 4 0 4 1.5000 1.5000 3 2 2 4 11 0.3929 29 20 49 9 1.4500 2 0 1.0741 1 0.0915 0.0631 1 1 18 9 0.6207 0.4500 1 1 0 0 0 0 2 0 0 0 1 0 1 2 1 1 1 1 2 3 4 3 3 15 1 15 1 14 1 10 1 9 1 0 
0 28 12719994 1 0 0 1 0 6 3 9 1.5000 1.5000 3 3 2 5 9 0.3214 20 23 43 3 1.1500 1 1 1.0526 1.0455 0.0631 0.0726 1 1 11 14 0.5500 0.6087 1 1 2 0 0 0 3 1 0 0 0 1 2 2 7 3 5 3 2 3 4 6 6 2 2 1 2 1 2 1 2 1 2 2 
1 28 12759995 1 0 0 1 0 6 7 13 7 7 14 1 1 2 13 0.4643 22 12 34 10 1.8333 2 0 1.1000 1 0.0694 0.0379 1 0 9 -1.0000 0.4091 -0.0833 1 0 0 0 0 0 1 0 0 0 0 0 2 2 4 5 3 4 3 6 8 10 12 1 5 0 3 0 3 0 3 0 3 0 
0 28 12719995 1 0 0 0 1 6 4 10 1.5000 1.5000 3 3 2 5 10 0.3571 20 29 49 9 1.4500 1 2 1.0526 1.0741 0.0631 0.0915 1 1 10 19 0.5000 0.6552 1 2 1 0 0 0 2 2 0 0 1 0 2 2 7 3 5 3 3 4 5 4 5 17 2 15 2 15 2 14 2 10 2 0 

0 29 12759994 0 1 1 0 0 3 0 3 1.5000 0 1.5000 2 2 4 10 0.3571 23 20 43 3 1.1500 1 0 1.0455 1 0.0723 0.0629 1 1 13 10 0.5652 0.5000 1 3 0 0 0 0 3 1 0 0 0 1 1 4 1 2 1 2 1 2 3 4 3 1 1 1 1 1 1 1 1 1 1 4 
0 29 12759994 1 0 1 0 0 6 3 9 1 1 2 3 1 4 14 0.5000 20 18 38 2 1.1111 1 0 1.0526 1 0.0629 0.0566 1 1 6 4 0.3000 0.2222 1 0 0 0 0 0 1 0 0 0 2 2 2 1 4 3 4 2 3 5 6 7 10 2 1 2 1 1 1 1 1 1 1 1 
1 29 12759995 0 1 0 1 0 4 0 4 1.5000 1.5000 3 2 2 4 11 0.3929 29 20 49 9 1.4500 2 0 1.0741 1 0.0912 0.0629 1 1 18 9 0.6207 0.4500 1 1 0 0 0 0 2 0 0 0 1 0 1 2 1 1 1 1 2 3 4 3 3 15 1 15 1 14 1 10 1 9 1 0 
0 29 12759994 1 0 0 1 0 6 3 9 1.5000 1.5000 3 3 2 5 9 0.3214 20 23 43 3 1.1500 1 1 1.0526 1.0455 0.0629 0.0723 1 1 11 14 0.5500 0.6087 1 1 2 0 0 0 3 1 0 0 0 1 2 2 7 3 5 3 2 3 4 6 6 2 2 1 2 1 2 1 2 1 2 2 
0 29 12759994 0 1 0 1 0 7 3 10 0 0 0 1 1 2 9 0.3214 22 22 44 0 1 2 1 1.1000 1.0476 0.0692 0.0692 1 1 13 13 0.5909 0.5909 1 0 0 0 0 0 1 0 0 0 0 0 1 0 1 2 3 4 2 4 5 8 11 2 1 2 1 2 1 2 1 2 1 1 
1 29 12759995 1 0 0 0 1 6 4 10 1.5000 1.5000 3 3 2 5 10 0.3571 20 29 49 9 1.4500 1 2 1.0526 1.0741 0.0629 0.0912 1 1 10 19 0.5000 0.6552 1 2 1 0 0 0 2 2 0 0 1 0 2 2 7 3 5 3 3 4 5 4 5 17 2 15 2 15 2 14 2 10 2 0 

0 30 12759993 0 1 1 0 0 3 0 3 1.5000 0 1.5000 2 2 4 10 0.3571 23 20 43 3 1.1500 1 0 1.0455 1 0.0723 0.0629 1 1 13 10 0.5652 0.5000 1 3 0 0 0 0 3 1 0 0 0 1 1 4 1 2 1 2 1 2 3 4 3 1 1 1 1 1 1 1 1 1 1 4 
0 30 12759993 1 0 1 0 0 6 3 9 1 1 2 3 1 4 14 0.5000 20 18 38 2 1.1111 1 0 1.0526 1 0.0629 0.0566 1 1 6 4 0.3000 0.2222 1 0 0 0 0 0 1 0 0 0 2 2 2 1 4 3 4 2 3 5 6 7 10 2 1 2 1 1 1 1 1 1 1 1 
1 30 12759994 1 0 1 0 0 7 8 15 8 8 16 2 1 3 12 0.4286 21 12 33 9 1.7500 1 0 1.0500 1 0.0660 0.0377 1 0 9 0 0.4286 0 1 0 0 0 0 0 1 0 0 0 0 0 2 2 3 2 7 7 3 6 8 10 12 1 2 1 1 0 1 0 1 0 1 2 
1 30 12759994 0 1 0 1 0 4 0 4 1.5000 1.5000 3 2 2 4 11 0.3929 29 20 49 9 1.4500 2 0 1.0741 1 0.0912 0.0629 1 1 18 9 0.6207 0.4500 1 1 0 0 0 0 2 0 0 0 1 0 1 2 1 1 1 1 2 3 4 3 3 15 1 15 1 14 1 10 1 9 1 0 
0 30 12759993 1 0 0 1 0 6 3 9 1.5000 1.5000 3 3 2 5 9 0.3214 20 23 43 3 1.1500 1 1 1.0526 1.0455 0.0629 0.0723 1 1 11 14 0.5500 0.6087 1 1 2 0 0 0 3 1 0 0 0 1 2 2 7 3 5 3 2 3 4 6 6 2 2 1 2 1 2 1 2 1 2 2 
1 30 12759994 0 1 0 1 0 7 5 12 0 1 1 2 1 3 3 0.1071 21 20 41 1 1.0500 1 0 1.0500 1 0.0660 0.0629 1 1 18 17 0.8571 0.8500 1 0 0 0 0 0 1 0 0 0 0 0 1 0 1 4 1 7 3 6 8 10 11 2 2 2 1 2 1 1 1 1 1 0 
1 30 12759994 1 0 0 0 1 6 4 10 1.5000 1.5000 3 3 2 5 10 0.3571 20 29 49 9 1.4500 1 2 1.0526 1.0741 0.0629 0.0912 1 1 10 19 0.5000 0.6552 1 2 1 0 0 0 2 2 0 0 1 0 2 2 7 3 5 3 3 4 5 4 5 17 2 15 2 15 2 14 2 10 2 0 

0 31 12719991 1 0 1 0 0 8 7 15 8 8 16 1 2 3 11 0.3929 12 20 32 8 1.6667 0 0 1 1 0.0379 0.0631 1 1 1 9 0.0833 0.4500 1 0 0 0 0 0 1 0 0 0 0 0 2 1 4 1 8 10 3 6 8 10 12 1 2 1 1 1 1 0 1 0 1 2 
0 31 12719991 0 1 1 0 0 3 0 3 1.5000 0 1.5000 2 2 4 10 0.3571 23 20 43 3 1.1500 1 0 1.0455 1 0.0726 0.0631 1 1 13 10 0.5652 0.5000 1 3 0 0 0 0 3 1 0 0 0 0 1 2 4 1 2 1 1 2 3 4 3 1 1 1 1 1 1 1 1 1 1 4 
1 31 12719992 0 1 1 0 0 3 6 9 1.5000 1.5000 3 2 4 6 9 0.3214 23 19 42 4 1.2105 1 0 1.0455 1 0.0726 0.0599 1 1 14 10 0.6087 0.5263 1 1 1 0 0 0 3 0 0 0 0 1 1 2 1 1 1 1 2 3 4 3 3 2 1 1 1 1 1 1 1 1 1 2 
1 31 12719992 1 0 1 0 0 4 5 9 1.5000 1.5000 3 1 2 3 5 0.1786 15 20 35 5 1.3333 1 0 1.0714 1 0.0473 0.0631 1 1 10 15 0.6667 0.7500 1 0 0 0 0 0 1 0 0 1 0 0 2 1 3 1 3 1 3 6 9 10 12 2 2 2 1 1 1 1 1 2 1 1 
1 31 12719992 1 0 1 0 0 3 6 9 2 2 4 1 4 5 14 0.5000 19 19 38 0 1 1 0 1.0556 1 0.0599 0.0599 1 1 5 5 0.2632 0.2632 1 0 0 0 0 0 1 0 0 0 1 2 2 1 4 1 6 1 2 4 8 10 10 1 3 1 2 1 1 1 1 1 1 1 
1 31 12719992 1 0 0 1 0 5 7 12 1 1 2 2 2 4 2 0.0714 20 20 40 0 1 0 0 1 1 0.0631 0.0631 1 1 18 18 0.9000 0.9000 1 0 0 0 0 0 1 0 0 1 0 0 2 0 4 2 4 5 4 6 7 10 12 1 1 2 1 2 1 2 1 1 1 0 
0 31 12719991 0 1 0 1 0 4 0 4 1.5000 1.5000 3 2 2 4 11 0.3929 29 20 49 9 1.4500 2 0 1.0741 1 0.0915 0.0631 1 1 18 9 0.6207 0.4500 1 1 1 0 0 0 3 0 0 0 0 1 1 0 4 0 2 0 2 3 4 3 3 15 1 15 1 14 1 10 1 9 1 0 
1 31 12719992 0 1 0 1 0 4 6 10 0 1.5000 1.5000 2 4 6 10 0.3571 29 19 48 10 1.5263 2 0 1.0741 1 0.0915 0.0599 1 1 19 9 0.6552 0.4737 1 0 0 0 0 0 1 0 0 0 1 0 1 0 1 0 1 0 2 1 2 2 3 17 1 15 1 15 1 14 1 10 1 0 
1 31 12719992 1 0 0 0 1 0 6 6 0 0 0 1 4 5 4 0.1429 27 19 46 8 1.4211 0 0 1 1 0.0852 0.0599 1 1 23 15 0.8519 0.7895 1 0 0 0 0 0 1 0 0 1 2 1 2 0 4 0 9 0 3 6 7 9 12 2 3 3 3 4 2 3 1 2 1 0 

0 32 12759992 1 0 1 0 0 8 7 15 8 8 16 1 2 3 11 0.3929 12 20 32 8 1.6667 0 0 1 1 0.0377 0.0629 1 1 1 9 0.0833 0.4500 1 0 0 0 0 0 1 0 0 0 0 0 2 1 4 1 8 10 3 6 8 10 12 1 2 1 1 1 1 0 1 0 1 2 
0 32 12759992 0 1 1 0 0 4 0 4 2 0 2 2 2 4 10 0.3571 23 20 43 3 1.1500 1 0 1.0455 1 0.0723 0.0629 1 1 13 10 0.5652 0.5000 1 3 0 0 0 0 3 1 0 0 0 1 1 4 1 2 1 2 1 2 3 4 3 1 1 1 1 1 1 1 1 1 1 4 
1 32 12759993 1 0 1 0 0 4 5 9 1.5000 1.5000 3 1 2 3 5 0.1786 15 20 35 5 1.3333 1 0 1.0714 1 0.0472 0.0629 1 1 10 15 0.6667 0.7500 1 0 0 0 0 0 1 0 0 1 0 0 2 1 3 1 3 1 3 6 9 10 12 2 2 2 1 1 1 1 1 2 1 1 
0 32 12759992 1 0 1 0 0 7 4 11 2 2 4 3 2 5 9 0.3214 20 23 43 3 1.1500 1 1 1.0526 1.0455 0.0629 0.0723 1 1 11 14 0.5500 0.6087 1 1 2 0 0 0 3 1 0 0 0 1 2 2 7 3 5 3 2 3 4 6 6 2 2 1 2 1 1 1 1 1 1 3 
1 32 12759993 0 1 1 0 0 7 3 10 1 2 3 3 1 4 15 0.5357 20 19 39 1 1.0526 1 1 1.0526 1.0556 0.0629 0.0597 1 1 5 4 0.2500 0.2105 1 0 0 0 0 0 1 0 0 0 2 2 1 0 4 0 3 0 2 4 4 4 6 1 2 1 1 1 1 1 1 1 1 1 
1 32 12759993 1 0 0 1 0 5 7 12 1 1 2 2 2 4 2 0.0714 20 20 40 0 1 0 0 1 1 0.0629 0.0629 1 1 18 18 0.9000 0.9000 1 0 0 0 0 0 1 0 0 1 0 0 2 0 4 2 4 5 4 6 7 10 12 1 1 2 1 2 1 2 1 1 1 0 
0 32 12759992 0 1 0 1 0 4 0 4 2 2 4 2 2 4 11 0.3929 29 20 49 9 1.4500 2 0 1.0741 1 0.0912 0.0629 1 1 18 9 0.6207 0.4500 1 1 0 0 0 0 2 0 0 0 1 0 1 2 1 1 1 1 2 3 4 3 3 15 1 15 1 14 1 10 1 9 1 0 
0 32 12759992 1 0 0 1 0 7 4 11 2 2 4 3 2 5 10 0.3571 20 29 49 9 1.4500 1 2 1.0526 1.0741 0.0629 0.0912 1 1 10 19 0.5000 0.6552 1 2 1 0 0 0 2 2 0 0 1 0 2 2 7 3 5 3 3 4 5 4 5 17 2 15 1 15 1 14 1 10 1 0 

0 33 12719991 1 0 1 0 0 8 7 15 8 8 16 1 2 3 11 0.3929 12 20 32 8 1.6667 0 0 1 1 0.0379 0.0631 1 1 1 9 0.0833 0.4500 1 0 0 0 0 0 1 0 0 0 0 0 2 1 4 1 8 10 3 6 8 10 12 1 2 1 1 1 1 0 1 0 1 2 
1 33 12719992 1 0 1 0 0 4 5 9 1.5000 1.5000 3 1 2 3 5 0.1786 15 20 35 5 1.3333 1 0 1.0714 1 0.0473 0.0631 1 1 10 15 0.6667 0.7500 1 0 0 0 0 0 1 0 0 1 0 0 2 1 3 1 3 1 3 6 9 10 12 2 2 2 1 1 1 1 1 2 1 1 
1 33 12719992 1 0 1 0 0 3 7 10 2 2 4 1 4 5 14 0.5000 19 19 38 0 1 1 0 1.0556 1 0.0599 0.0599 1 1 5 5 0.2632 0.2632 1 0 0 0 0 0 1 0 0 0 1 2 2 1 4 1 6 1 2 4 8 10 10 1 3 1 2 1 1 1 1 1 1 1 
0 33 12719991 1 0 1 0 0 4 0 4 2 2 4 2 2 4 10 0.3571 24 20 44 4 1.2000 2 0 1.0909 1 0.0757 0.0631 1 1 14 10 0.5833 0.5000 1 2 1 0 0 0 2 2 0 0 1 0 2 2 7 3 5 3 2 3 4 6 6 3 1 1 1 1 1 1 1 1 1 3 
1 33 12719992 1 0 1 0 0 4 7 11 2 2 4 2 4 6 9 0.3214 24 19 43 5 1.2632 2 0 1.0909 1 0.0757 0.0599 1 1 15 10 0.6250 0.5263 1 1 2 0 0 0 3 1 0 0 0 2 2 3 6 3 5 3 3 4 5 4 5 4 1 3 1 1 1 1 1 1 1 1 
1 33 12719992 1 0 0 1 0 5 7 12 1 1 2 2 2 4 2 0.0714 20 20 40 0 1 0 0 1 1 0.0631 0.0631 1 1 18 18 0.9000 0.9000 1 0 0 0 0 0 1 0 0 1 0 0 2 0 4 2 4 5 4 6 7 10 12 1 1 2 1 2 1 2 1 1 1 0 
0 33 12719991 0 1 0 1 0 4 0 4 2 2 4 2 2 4 11 0.3929 29 20 49 9 1.4500 2 0 1.0741 1 0.0915 0.0631 1 1 18 9 0.6207 0.4500 1 1 1 0 0 0 3 0 0 0 0 1 1 0 4 0 2 0 2 3 4 3 3 15 1 15 1 14 1 10 1 9 1 0 
1 33 12719992 0 1 0 1 0 4 7 11 0 2 2 2 4 6 10 0.3571 29 19 48 10 1.5263 2 0 1.0741 1 0.0915 0.0599 1 1 19 9 0.6552 0.4737 1 0 0 0 0 0 1 0 0 0 1 0 1 0 1 0 1 0 2 1 2 2 3 17 1 15 1 15 1 14 1 10 1 0 
1 33 12719992 1 0 0 0 1 0 7 7 0 0 0 1 4 5 4 0.1429 27 19 46 8 1.4211 0 0 1 1 0.0852 0.0599 1 1 23 15 0.8519 0.7895 1 0 0 0 0 0 1 0 0 0 2 2 2 0 4 0 9 0 3 6 7 9 12 2 3 3 3 4 2 3 1 2 1 0 

0 34 12759992 1 0 1 0 0 8 7 15 8 8 16 1 1 2 11 0.3929 12 20 32 8 1.6667 0 0 1 1 0.0377 0.0629 1 1 1 9 0.0833 0.4500 1 0 0 0 0 0 1 0 0 0 0 0 2 1 4 1 8 10 3 6 8 10 12 1 2 1 1 1 1 0 1 0 1 2 
1 34 12759993 1 0 1 0 0 3 7 10 2 2 4 1 4 5 14 0.5000 19 19 38 0 1 1 0 1.0556 1 0.0597 0.0597 1 1 5 5 0.2632 0.2632 1 0 0 0 0 0 1 0 0 0 1 2 2 1 4 1 6 1 2 4 8 10 10 1 3 1 2 1 1 1 1 1 1 1 
0 34 12759992 1 0 1 0 0 4 0 4 2 2 4 2 2 4 10 0.3571 24 20 44 4 1.2000 2 0 1.0909 1 0.0755 0.0629 1 1 14 10 0.5833 0.5000 1 2 1 0 0 0 2 2 0 0 1 0 2 2 7 3 5 3 2 3 4 6 6 3 1 1 1 1 1 1 1 1 1 3 
1 34 12759993 1 0 1 0 0 4 7 11 2 2 4 2 4 6 9 0.3214 24 19 43 5 1.2632 2 0 1.0909 1 0.0755 0.0597 1 1 15 10 0.6250 0.5263 1 1 2 0 0 0 3 1 0 0 0 2 2 3 6 3 5 3 3 4 5 4 5 4 1 3 1 1 1 1 1 1 1 1 
1 34 12759993 0 1 1 0 0 6 5 11 3.5000 2.5000 6 1 1 2 6 0.2143 21 15 36 6 1.4000 1 1 1.0500 1.0714 0.0660 0.0472 1 1 15 9 0.7143 0.6000 1 0 0 0 0 0 1 0 0 0 0 0 1 0 1 0 1 1 3 6 7 9 11 2 3 1 1 1 1 2 1 2 1 1 
0 34 12759992 0 1 0 1 0 4 0 4 2 2 4 2 2 4 11 0.3929 29 20 49 9 1.4500 2 0 1.0741 1 0.0912 0.0629 1 1 18 9 0.6207 0.4500 1 1 1 0 0 0 3 0 0 0 0 1 1 0 4 0 2 0 2 3 4 3 3 15 1 15 1 14 1 10 1 9 1 0 
1 34 12759993 0 1 0 1 0 4 7 11 0 2 2 2 4 6 10 0.3571 29 19 48 10 1.5263 2 0 1.0741 1 0.0912 0.0597 1 1 19 9 0.6552 0.4737 1 0 0 0 0 0 1 0 0 0 1 0 1 0 1 0 1 0 2 1 2 2 3 17 1 15 1 15 1 14 1 10 1 0 
1 34 12759993 1 0 0 0 1 0 7 7 0 0 0 1 4 5 4 0.1429 27 19 46 8 1.4211 0 0 1 1 0.0849 0.0597 1 1 23 15 0.8519 0.7895 1 0 0 0 0 0 1 0 0 0 2 2 2 0 4 0 9 0 3 6 7 9 12 2 3 3 3 4 2 3 1 2 1 0 

0 35 12719992 1 0 1 0 0 8 7 15 8 8 16 1 2 3 11 0.3929 12 20 32 8 1.6667 0 0 1 1 0.0379 0.0631 1 1 1 9 0.0833 0.4500 1 0 0 0 0 0 1 0 0 0 0 0 2 1 4 1 8 10 3 6 8 10 12 1 2 1 1 1 1 0 1 0 1 2 
1 35 12719993 1 0 1 0 0 3 7 10 2 2 4 1 4 5 14 0.5000 19 19 38 0 1 1 0 1.0556 1 0.0599 0.0599 1 1 5 5 0.2632 0.2632 1 0 0 0 0 0 1 0 0 0 1 2 2 1 4 1 6 1 2 4 8 10 10 1 3 1 2 1 1 1 1 1 1 1 
0 35 12719992 1 0 1 0 0 4 0 4 2 2 4 2 2 4 10 0.3571 24 20 44 4 1.2000 2 0 1.0909 1 0.0757 0.0631 1 1 14 10 0.5833 0.5000 1 2 1 0 0 0 2 2 0 0 1 0 2 2 7 3 5 3 2 3 4 6 6 3 1 1 1 1 1 1 1 1 1 3 
1 35 12719993 1 0 1 0 0 4 7 11 2 2 4 2 4 6 9 0.3214 24 19 43 5 1.2632 2 0 1.0909 1 0.0757 0.0599 1 1 15 10 0.6250 0.5263 1 1 2 0 0 0 3 1 0 0 0 2 2 3 6 3 5 3 3 4 5 4 5 4 1 3 1 1 1 1 1 1 1 1 
1 35 12719993 1 0 0 1 0 6 7 13 1 1 2 1 2 3 2 0.0714 20 20 40 0 1 0 0 1 1 0.0631 0.0631 1 1 18 18 0.9000 0.9000 1 0 0 0 0 0 1 0 0 0 0 0 2 0 4 2 4 5 4 6 7 10 12 1 1 2 1 2 1 2 1 1 1 0 
0 35 12719992 0 1 0 1 0 4 0 4 2 2 4 2 2 4 11 0.3929 29 20 49 9 1.4500 2 0 1.0741 1 0.0915 0.0631 1 1 18 9 0.6207 0.4500 1 1 1 0 0 0 3 0 0 0 0 1 1 0 4 0 2 0 2 3 4 3 3 15 1 15 1 14 1 10 1 9 1 0 
1 35 12719993 0 1 0 1 0 4 7 11 0 2 2 2 4 6 10 0.3571 29 19 48 10 1.5263 2 0 1.0741 1 0.0915 0.0599 1 1 19 9 0.6552 0.4737 1 0 0 0 0 0 1 0 0 0 1 0 1 0 1 0 1 0 2 1 2 2 3 17 1 15 1 15 1 14 1 10 1 0 
1 35 12719993 1 0 0 0 1 0 7 7 0 0 0 1 4 5 4 0.1429 27 19 46 8 1.4211 0 0 1 1 0.0852 0.0599 1 1 23 15 0.8519 0.7895 1 0 0 0 0 0 1 0 0 0 2 2 2 0 4 0 9 0 3 6 7 9 12 2 3 3 3 4 2 3 1 2 1 0 

0 36 12759993 1 0 1 0 0 8 7 15 8 8 16 1 2 3 11 0.3929 12 20 32 8 1.6667 0 0 1 1 0.0377 0.0629 1 1 1 9 0.0833 0.4500 1 0 0 0 0 0 1 0 0 0 0 0 2 1 4 1 8 10 3 6 8 10 12 1 2 1 1 1 1 0 1 0 1 2 
0 36 12759993 1 0 1 0 0 4 0 4 2 2 4 2 2 4 10 0.3571 24 20 44 4 1.2000 2 0 1.0909 1 0.0755 0.0629 1 1 14 10 0.5833 0.5000 2 2 0 0 0 0 3 1 0 0 0 1 2 4 4 5 3 5 2 3 4 6 6 3 1 1 1 1 1 1 1 1 1 3 
1 36 12759994 0 1 1 0 0 8 4 12 1 3 4 3 1 4 15 0.5357 20 19 39 1 1.0526 1 1 1.0526 1.0556 0.0629 0.0597 1 1 5 4 0.2500 0.2105 1 0 0 0 0 0 1 0 0 0 3 1 1 0 4 0 3 0 2 4 4 4 6 2 2 1 1 1 1 1 1 1 1 1 
1 36 12759994 1 0 0 1 0 6 7 13 1 1 2 1 2 3 2 0.0714 20 20 40 0 1 0 0 1 1 0.0629 0.0629 1 1 18 18 0.9000 0.9000 1 0 0 0 0 0 1 0 0 0 0 0 2 0 4 2 4 5 4 6 7 10 12 1 1 2 1 2 1 2 1 1 1 0 
0 36 12759993 0 1 0 1 0 4 0 4 2 2 4 2 2 4 11 0.3929 29 20 49 9 1.4500 2 0 1.0741 1 0.0912 0.0629 1 1 18 9 0.6207 0.4500 1 2 0 0 0 0 3 0 0 0 1 0 1 2 1 1 1 1 2 3 4 3 3 15 1 15 1 14 1 10 1 9 1 0 
0 36 12759992 0 1 0 1 0 8 4 12 2 2 4 3 2 5 10 0.3571 20 24 44 4 1.2000 1 2 1.0526 1.0909 0.0629 0.0755 1 1 10 14 0.5000 0.5833 2 1 0 0 0 0 3 0 0 0 0 0 2 1 2 1 2 1 1 1 1 2 3 3 2 1 2 1 2 1 2 1 2 1 
0 36 12759993 1 0 0 0 1 8 4 12 2 2 4 3 2 5 10 0.3571 20 29 49 9 1.4500 1 2 1.0526 1.0741 0.0629 0.0912 1 1 10 19 0.5000 0.6552 2 2 0 0 0 0 3 1 0 0 1 0 2 4 5 3 5 3 3 4 5 4 5 17 2 15 2 15 2 14 2 10 2 0 

0 37 12719993 1 0 1 0 0 8 7 15 8 8 16 1 2 3 11 0.3929 12 20 32 8 1.6667 0 0 1 1 0.0379 0.0631 1 1 1 9 0.0833 0.4500 1 0 0 0 0 0 1 0 0 0 0 0 2 1 4 1 8 10 3 6 8 10 12 1 2 1 1 1 1 0 1 0 1 2 
0 37 12719993 1 0 1 0 0 4 0 4 2 2 4 2 2 4 10 0.3571 24 20 44 4 1.2000 2 0 1.0909 1 0.0757 0.0631 1 1 14 10 0.5833 0.5000 1 2 1 0 0 0 2 2 0 0 1 0 2 2 7 3 5 3 2 3 4 6 6 3 1 1 1 1 1 1 1 1 1 3 
1 37 12719994 1 0 1 0 0 4 8 12 2 2 4 2 3 5 9 0.3214 24 19 43 5 1.2632 2 0 1.0909 1 0.0757 0.0599 1 1 15 10 0.6250 0.5263 1 1 2 0 0 0 3 1 0 0 0 1 2 3 6 3 5 3 3 4 5 4 5 4 1 3 1 1 1 1 1 1 1 1 
1 37 12719994 1 0 0 1 0 6 7 13 1 1 2 1 2 3 2 0.0714 20 20 40 0 1 0 0 1 1 0.0631 0.0631 1 1 18 18 0.9000 0.9000 1 0 0 0 0 0 1 0 0 0 0 0 2 0 4 2 4 5 4 6 7 10 12 1 1 2 1 2 1 2 1 1 1 0 
0 37 12719993 0 1 0 1 0 4 0 4 2 2 4 2 2 4 11 0.3929 29 20 49 9 1.4500 2 0 1.0741 1 0.0915 0.0631 1 1 18 9 0.6207 0.4500 1 1 1 0 0 0 3 0 0 0 0 0 1 0 4 0 2 0 2 3 4 3 3 15 1 15 1 14 1 10 1 9 1 0 
1 37 12719994 0 1 0 1 0 4 8 12 0 2 2 2 3 5 10 0.3571 29 19 48 10 1.5263 2 0 1.0741 1 0.0915 0.0599 1 1 19 9 0.6552 0.4737 1 0 0 0 0 0 1 0 0 0 0 0 1 0 1 0 1 0 2 1 2 2 3 17 1 15 1 15 1 14 1 10 1 0 
1 37 12719994 1 0 0 0 1 0 8 8 0 0 0 1 3 4 4 0.1429 27 19 46 8 1.4211 0 0 1 1 0.0852 0.0599 1 1 23 15 0.8519 0.7895 1 0 0 0 0 0 1 0 0 0 2 2 2 0 4 0 9 0 3 6 7 9 12 2 3 3 3 4 2 3 1 2 1 0 

0 38 12759994 1 0 1 0 0 8 7 15 8 8 16 1 2 3 11 0.3929 12 20 32 8 1.6667 0 0 1 1 0.0377 0.0629 1 1 1 9 0.0833 0.4500 1 0 0 0 0 0 1 0 0 0 0 0 2 1 4 1 8 10 3 6 8 10 12 1 2 1 1 1 1 0 1 0 1 2 
0 38 12759994 1 0 1 0 0 5 0 5 2 2 4 2 2 4 10 0.3571 24 20 44 4 1.2000 2 0 1.0909 1 0.0755 0.0629 1 1 14 10 0.5833 0.5000 2 2 0 0 0 0 3 1 0 0 0 0 2 4 4 5 3 5 2 3 4 6 6 3 1 1 1 1 1 1 1 1 1 3 
0 38 12759989 0 1 1 0 0 9 5 14 2 3 5 2 2 4 10 0.3571 20 24 44 4 1.2000 1 2 1.0526 1.0909 0.0629 0.0755 1 1 10 14 0.5000 0.5833 2 1 0 0 0 0 3 0 0 0 0 0 2 1 2 1 2 1 1 1 1 2 3 3 2 1 1 1 1 1 1 1 1 2 
1 38 12759995 1 0 0 1 0 6 7 13 1 1 2 1 2 3 2 0.0714 20 20 40 0 1 0 0 1 1 0.0629 0.0629 1 1 18 18 0.9000 0.9000 1 0 0 0 0 0 1 0 0 0 0 0 2 0 4 2 4 5 4 6 7 10 12 1 1 2 1 2 1 2 1 1 1 0 
0 38 12759994 0 1 0 1 0 4 0 4 3 2 5 2 2 4 11 0.3929 29 20 49 9 1.4500 2 0 1.0741 1 0.0912 0.0629 1 1 18 9 0.6207 0.4500 1 2 0 0 0 0 3 0 0 0 0 0 1 2 1 1 1 1 2 3 4 3 3 15 1 15 1 14 1 10 1 9 1 0 
0 38 12759994 1 0 0 1 0 9 4 13 3 3 6 2 2 4 10 0.3571 20 29 49 9 1.4500 1 2 1.0526 1.0741 0.0629 0.0912 1 1 10 19 0.5000 0.6552 2 2 0 0 0 0 3 1 0 0 0 0 2 4 5 3 5 3 3 4 5 4 5 17 2 15 1 15 1 14 1 10 1 0 

0 39 12759990 1 0 1 0 0 5 0 5 0 0 0 2 2 4 9 0.3214 22 20 42 2 1.1000 0 0 1 1 0.0692 0.0629 1 1 13 11 0.5909 0.5500 1 0 1 2 0 0 1 2 1 1 0 0 2 0 7 4 6 3 2 2 4 6 10 1 1 1 1 1 1 1 1 1 1 5 
1 39 12759991 1 0 1 0 0 5 9 14 2 2 4 2 4 6 8 0.2857 22 19 41 3 1.1579 0 0 1 1 0.0692 0.0597 1 1 14 11 0.6364 0.5789 1 0 1 2 0 0 2 2 0 0 1 1 2 0 7 4 6 2 2 3 4 6 6 1 1 1 1 1 1 1 1 1 1 3 
0 39 12759990 1 0 1 0 0 8 7 15 8 8 16 1 2 3 11 0.3929 12 20 32 8 1.6667 0 0 1 1 0.0377 0.0629 1 1 1 9 0.0833 0.4500 1 0 0 0 0 0 1 0 0 0 0 0 2 1 4 1 8 10 3 6 8 10 12 1 2 1 1 1 1 0 1 0 1 2 
1 39 12759991 0 1 1 0 0 5 6 11 2.5000 3.5000 6 1 2 3 5 0.1786 14 20 34 6 1.4286 0 0 1 1 0.0440 0.0629 1 1 9 15 0.6429 0.7500 1 0 0 0 0 0 2 0 0 0 0 1 1 0 1 0 1 0 2 4 6 7 11 1 2 1 1 1 1 2 1 2 1 2 
1 39 12759991 0 1 1 0 0 9 4 13 1 3 4 4 1 5 14 0.5000 19 18 37 1 1.0556 0 0 1 1 0.0597 0.0566 1 1 5 4 0.2632 0.2222 1 0 0 0 0 0 1 0 0 1 1 1 1 1 1 3 1 2 2 4 4 4 6 1 1 1 1 1 1 1 1 1 1 2 
1 39 12759991 0 1 1 0 0 1 3 4 2.5000 3.5000 6 1 1 2 18 0.6429 24 21 45 3 1.1429 1 0 1.0435 1 0.0755 0.0660 1 1 6 3 0.2500 0.1429 1 0 0 0 0 0 2 0 0 0 0 1 1 0 1 0 1 1 2 4 6 7 11 2 2 1 1 1 1 1 2 1 2 1 
1 39 12759991 1 0 0 1 0 6 7 13 1 1 2 2 2 4 2 0.0714 20 20 40 0 1 0 0 1 1 0.0629 0.0629 1 1 18 18 0.9000 0.9000 1 0 0 0 0 1 1 0 2 0 0 0 2 0 4 2 4 8 4 6 7 10 12 1 1 2 1 2 1 2 1 1 1 0 
0 39 12759990 0 1 0 1 0 4 0 4 3 2 5 2 2 4 11 0.3929 29 20 49 9 1.4500 2 0 1.0741 1 0.0912 0.0629 1 1 18 9 0.6207 0.4500 1 1 0 0 0 0 2 0 0 0 1 0 1 0 4 0 2 0 2 3 4 3 3 15 1 15 1 14 1 10 1 9 1 0 
1 39 12759991 0 1 0 1 0 4 9 13 0 3 3 2 4 6 10 0.3571 29 19 48 10 1.5263 2 0 1.0741 1 0.0912 0.0597 1 1 19 9 0.6552 0.4737 1 0 0 0 0 0 1 0 0 1 0 0 1 0 1 0 1 0 2 1 2 2 3 17 1 15 1 15 1 14 1 10 1 0 
1 39 12759991 1 0 0 0 1 0 9 9 0 0 0 1 4 5 4 0.1429 27 19 46 8 1.4211 0 0 1 1 0.0849 0.0597 1 1 23 15 0.8519 0.7895 1 0 0 0 0 0 1 0 0 1 2 1 2 0 4 0 9 0 3 6 7 9 12 2 3 3 3 4 2 3 1 2 1 0 

0 40 12719994 1 0 1 0 0 8 7 15 8 8 16 1 1 2 11 0.3929 12 20 32 8 1.6667 0 0 1 1 0.0379 0.0631 1 1 1 9 0.0833 0.4500 1 0 0 0 0 0 1 0 0 0 0 0 2 1 4 1 8 10 3 6 8 10 12 1 2 1 1 1 1 0 1 0 1 2 
1 40 12719995 0 1 1 0 0 5 0 5 3 2 5 2 2 4 11 0.3929 25 20 45 5 1.2500 3 0 1.1364 1 0.0789 0.0631 1 1 14 9 0.5600 0.4500 2 2 0 0 0 0 4 0 0 0 0 0 1 0 4 0 2 0 2 3 4 3 3 2 1 1 1 1 1 1 1 1 1 2 
1 40 12719995 0 1 0 1 0 4 0 4 3 2 5 3 2 5 11 0.3929 29 20 49 9 1.4500 2 0 1.0741 1 0.0915 0.0631 1 1 18 9 0.6207 0.4500 2 2 0 0 0 0 4 0 0 0 0 0 1 0 4 0 2 0 2 3 4 3 3 15 1 15 1 14 1 10 1 9 1 0 
1 40 12719995 0 1 0 1 0 4 9 13 0 3 3 3 2 5 10 0.3571 29 19 48 10 1.5263 2 0 1.0741 1 0.0915 0.0599 1 1 19 9 0.6552 0.4737 1 0 0 0 0 0 1 0 0 0 0 0 1 0 1 0 1 0 2 1 2 2 3 17 1 15 1 15 1 14 1 10 1 0 
1 40 12719995 1 0 0 1 0 5 4 9 3 3 6 2 3 5 10 0.3571 25 29 54 4 1.1600 3 2 1.1364 1.0741 0.0789 0.0915 1 1 15 19 0.6000 0.6552 2 2 0 0 0 0 4 0 0 0 0 1 2 4 5 4 4 4 3 4 5 4 5 17 5 15 2 15 1 14 1 10 1 0 
1 40 12719995 1 0 0 0 1 0 9 9 0 0 0 1 2 3 4 0.1429 27 19 46 8 1.4211 0 0 1 1 0.0852 0.0599 1 1 23 15 0.8519 0.7895 1 0 0 0 0 0 1 0 0 0 2 2 2 0 4 0 9 0 3 6 7 9 12 2 3 3 3 4 2 3 1 2 1 0 

0 41 12719995 1 0 1 0 0 8 7 15 8 8 16 1 1 2 11 0.3929 12 20 32 8 1.6667 0 0 1 1 0.0379 0.0631 1 1 1 9 0.0833 0.4500 1 0 0 0 0 0 1 0 0 0 0 0 2 1 4 1 8 10 3 6 8 10 12 1 2 1 1 1 1 0 1 0 1 2 
1 41 12719996 1 0 1 0 0 6 1 7 3.5000 3.5000 7 1 2 3 11 0.3929 26 20 46 6 1.3000 4 0 1.1818 1 0.0820 0.0631 1 1 15 9 0.5769 0.4500 2 1 0 0 0 0 3 0 0 0 0 1 2 2 7 4 5 3 3 4 5 4 5 5 1 3 1 1 1 1 1 1 1 1 
0 41 12719995 0 1 0 1 0 4 1 5 3.5000 2.5000 6 2 2 4 11 0.3929 29 20 49 9 1.4500 2 0 1.0741 1 0.0915 0.0631 1 1 18 9 0.6207 0.4500 2 1 0 0 0 0 3 0 0 0 0 0 2 0 5 2 2 1 2 3 4 3 3 15 1 15 1 14 1 10 1 9 1 0 
1 41 12719996 0 1 0 1 0 4 9 13 0 3.5000 3.5000 2 2 4 10 0.3571 29 19 48 10 1.5263 2 0 1.0741 1 0.0915 0.0599 1 1 19 9 0.6552 0.4737 1 0 0 0 0 0 1 0 0 0 0 0 1 0 1 0 1 0 2 1 2 2 3 17 1 15 1 15 1 14 1 10 1 0 
1 41 12719996 1 0 0 0 1 0 9 9 0 0 0 1 2 3 4 0.1429 27 19 46 8 1.4211 0 0 1 1 0.0852 0.0599 1 1 23 15 0.8519 0.7895 1 0 0 0 0 0 1 0 0 0 1 2 2 0 4 0 9 0 3 6 7 9 12 2 3 3 3 4 2 3 1 2 1 0 

0 42 12719996 1 0 1 0 0 8 7 15 8 8 16 1 1 2 11 0.3929 12 20 32 8 1.6667 0 0 1 1 0.0379 0.0631 1 1 1 9 0.0833 0.4500 1 0 0 0 0 0 1 0 0 0 0 0 2 1 4 1 8 10 3 6 8 10 12 1 2 1 1 1 1 0 1 0 1 2 
0 42 12719996 0 1 0 1 0 4 2 6 4.5000 2.5000 7 2 1 3 11 0.3929 29 20 49 9 1.4500 2 0 1.0741 1 0.0915 0.0631 1 1 18 9 0.6207 0.4500 1 1 0 0 0 0 2 0 0 0 0 0 1 2 5 2 2 1 2 3 4 3 3 15 1 15 1 14 1 10 1 9 1 0 
1 42 12719997 0 1 0 1 0 4 9 13 0 4.5000 4.5000 2 2 4 10 0.3571 29 19 48 10 1.5263 2 0 1.0741 1 0.0915 0.0599 1 1 19 9 0.6552 0.4737 1 0 0 0 0 0 1 0 0 0 0 0 1 0 1 0 1 0 2 1 2 2 3 17 1 15 1 15 1 14 1 10 1 0 
1 42 12719997 1 0 0 0 1 0 9 9 0 0 0 1 2 3 4 0.1429 27 19 46 8 1.4211 0 0 1 1 0.0852 0.0599 1 1 23 15 0.8519 0.7895 1 0 0 0 0 0 1 0 0 0 1 1 2 0 4 0 9 0 3 6 7 9 12 2 3 3 3 4 2 3 1 2 1 0 

0 43 12719996 1 0 1 0 0 8 7 15 8 8 16 1 2 3 11 0.3929 12 20 32 8 1.6667 0 0 1 1 0.0379 0.0631 1 1 1 9 0.0833 0.4500 1 0 0 0 1 0 1 0 1 1 0 0 2 1 4 1 12 10 3 6 8 10 12 1 2 1 1 1 1 0 1 0 1 2 
0 43 12719996 1 0 0 1 0 5 7 12 0 0 0 2 2 4 13 0.4643 29 20 49 9 1.4500 2 0 1.0741 1 0.0915 0.0631 1 1 16 7 0.5517 0.3500 1 0 0 0 1 0 1 0 1 0 1 0 2 0 5 2 9 6 3 6 8 12 11 12 1 9 1 8 1 7 1 6 2 0 
1 43 12719998 1 0 0 0 1 0 10 10 0 0 0 2 1 3 4 0.1429 27 19 46 8 1.4211 0 0 1 1 0.0852 0.0599 1 1 23 15 0.8519 0.7895 1 0 0 0 0 0 1 0 0 0 0 0 2 0 4 0 9 0 3 6 7 9 12 2 3 3 3 4 2 3 1 2 1 0 
1 43 12719998 0 1 0 0 1 5 0 5 0 0 0 2 2 4 18 0.6429 29 27 56 2 1.0741 2 0 1.0741 1 0.0915 0.0852 1 1 11 9 0.3793 0.3333 1 0 0 0 0 0 1 0 0 0 2 0 1 0 1 0 2 2 2 4 5 8 11 5 1 7 1 9 2 10 1 9 1 0 

0 44 12719996 1 0 1 0 0 10 11 21 10 10 20 1 2 3 11 0.3929 12 20 32 8 1.6667 0 0 1 1 0.0379 0.0631 1 1 1 9 0.0833 0.4500 1 0 0 0 1 0 1 0 1 1 0 0 2 1 4 1 12 10 3 6 8 10 12 1 2 1 1 1 1 0 1 0 1 2 
0 44 12719996 1 0 0 1 0 5 11 16 0 0 0 2 2 4 13 0.4643 29 20 49 9 1.4500 2 0 1.0741 1 0.0915 0.0631 1 1 16 7 0.5517 0.3500 1 0 0 0 1 0 1 0 1 0 1 0 2 0 5 2 9 6 3 6 8 12 11 12 1 9 1 8 1 7 1 6 2 0 
1 44 12719998 0 1 0 0 1 5 1 6 0 0 0 2 2 4 18 0.6429 29 27 56 2 1.0741 2 0 1.0741 1 0.0915 0.0852 1 1 11 9 0.3793 0.3333 1 0 0 0 0 0 1 0 0 0 2 0 1 0 1 0 2 2 2 4 5 8 11 5 1 7 1 9 2 10 1 9 1 0 
1 44 12719998 1 0 0 0 1 11 1 12 0 0 0 1 2 3 3 0.1071 19 27 46 8 1.4211 0 0 1 1 0.0599 0.0852 1 1 16 24 0.8421 0.8889 1 0 0 0 0 0 1 0 0 0 0 0 2 0 4 0 8 0 4 6 9 10 11 1 2 2 2 3 2 4 1 3 1 0 

0 45 12719996 1 0 1 0 0 12 15 27 12 12 24 2 2 4 11 0.3929 12 20 32 8 1.6667 0 0 1 1 0.0379 0.0631 1 1 1 9 0.0833 0.4500 1 0 0 0 0 0 2 0 0 1 0 0 2 1 4 1 8 10 3 6 8 10 12 1 2 1 1 1 1 0 1 0 1 2 
1 45 12759998 1 0 0 1 0 6 12 18 12 12 24 2 2 4 17 0.6071 29 12 41 17 2.4167 2 0 1.0741 1 0.0915 0.0379 1 0 12 -5.0000 0.4138 -0.4167 1 0 0 0 0 0 2 0 0 1 0 0 2 2 4 5 4 4 3 6 8 10 12 5 0 4 0 6 0 8 0 10 0 0 
0 45 12719996 1 0 0 1 0 6 15 21 0 0 0 2 2 4 14 0.5000 29 20 49 9 1.4500 2 0 1.0741 1 0.0915 0.0631 1 1 15 6 0.5172 0.3000 1 0 0 0 0 0 1 0 0 2 0 0 2 0 4 2 8 6 3 5 9 9 11 9 1 7 1 6 1 5 2 4 2 0 
0 45 12719997 1 0 0 0 1 11 2 13 0 0 0 1 1 2 3 0.1071 19 27 46 8 1.4211 0 0 1 1 0.0599 0.0852 1 1 16 24 0.8421 0.8889 1 0 0 0 0 0 1 0 0 0 0 0 2 0 4 0 8 0 4 6 9 10 11 1 2 2 2 3 2 4 1 3 1 0 

0 46 12759995 1 0 1 0 0 13 15 28 13 13 26 1 1 2 11 0.3929 12 20 32 8 1.6667 0 0 1 1 0.0377 0.0629 1 1 1 9 0.0833 0.4500 1 0 0 0 0 0 1 0 0 0 0 0 2 1 4 1 8 10 3 6 8 10 12 1 2 1 1 1 1 0 1 0 1 2 
1 46 12759997 1 0 1 0 0 7 7 14 2 2 4 3 1 4 25 0.8929 29 22 51 7 1.3182 2 1 1.0741 1.0476 0.0912 0.0692 1 0 4 -3.0000 0.1379 -0.1364 1 0 0 0 0 0 1 0 0 0 0 0 2 2 4 2 6 2 3 5 8 12 16 2 0 1 0 1 0 1 0 1 0 1 
0 46 12759994 1 0 0 1 0 7 2 9 5 5 10 3 1 4 11 0.3929 29 20 49 9 1.4500 2 0 1.0741 1 0.0912 0.0629 1 1 18 9 0.6207 0.4500 1 0 1 0 0 0 1 1 0 0 0 0 2 2 8 3 6 2 3 4 5 4 5 3 1 3 1 2 1 2 1 2 1 1 
0 46 12759996 1 0 0 1 0 7 11 18 0.5000 0.5000 1 3 2 5 10 0.3571 29 19 48 10 1.5263 2 0 1.0741 1 0.0912 0.0597 1 1 19 9 0.6552 0.4737 1 0 1 0 0 0 1 1 0 0 0 0 2 0 8 5 6 2 3 3 4 6 5 4 1 3 1 3 1 2 1 2 1 0 
0 46 12759996 1 0 0 0 1 11 2 13 0 0 0 2 1 3 3 0.1071 19 27 46 8 1.4211 0 0 1 1 0.0597 0.0849 1 1 16 24 0.8421 0.8889 1 0 0 0 0 0 1 0 0 0 0 0 2 0 4 0 8 0 4 6 9 10 11 1 2 2 2 3 2 4 1 3 1 0 

0 47 12799995 1 0 1 0 0 13 15 28 13 13 26 1 1 2 11 0.3929 12 20 32 8 1.6667 0 0 1 1 0.0376 0.0627 1 1 1 9 0.0833 0.4500 1 0 0 0 0 0 1 0 0 0 0 0 2 1 4 1 8 10 3 6 8 10 12 1 2 1 1 1 1 0 1 0 1 2 
0 47 12799995 0 1 1 0 0 2 7 9 2.5000 5 7.5000 2 1 3 12 0.4286 21 26 47 5 1.2381 1 4 1.0500 1.1818 0.0658 0.0815 1 1 9 14 0.4286 0.5385 1 1 0 0 0 0 2 0 0 0 1 0 1 2 1 1 1 1 1 1 1 2 3 3 2 1 1 1 1 1 1 1 1 2 
1 47 12799996 0 1 0 1 0 7 11 18 0.5000 5 5.5000 2 2 4 10 0.3571 29 19 48 10 1.5263 2 0 1.0741 1 0.0909 0.0596 1 1 19 9 0.6552 0.4737 1 0 0 0 0 0 1 0 0 0 0 0 1 0 1 0 1 0 2 1 2 2 3 17 1 15 1 15 1 14 1 10 1 0 
0 47 12799995 1 0 0 1 0 2 7 9 2.5000 2.5000 5 2 2 4 11 0.3929 21 29 50 8 1.3810 1 2 1.0500 1.0741 0.0658 0.0909 1 1 10 18 0.4762 0.6207 1 1 1 0 0 0 2 1 0 0 1 0 2 3 3 7 5 4 2 3 4 6 6 15 2 15 2 14 1 10 1 9 1 0 
1 47 12799996 1 0 0 0 1 2 11 13 1 1 2 1 2 3 4 0.1429 27 19 46 8 1.4211 0 0 1 1 0.0846 0.0596 1 1 23 15 0.8519 0.7895 1 0 0 0 0 0 1 0 0 0 2 1 2 0 4 0 9 0 3 6 7 9 12 2 3 3 3 4 2 3 1 2 1 0 

0 48 12799994 1 0 1 0 0 13 15 28 13 13 26 1 1 2 11 0.3929 12 20 32 8 1.6667 0 0 1 1 0.0376 0.0627 1 1 1 9 0.0833 0.4500 1 0 0 0 0 0 1 0 0 0 0 0 2 1 4 1 8 10 3 6 8 10 12 1 2 1 1 1 1 0 1 0 1 2 
1 48 12799995 1 0 1 0 0 2 7 9 2.5000 2.5000 5 2 2 4 11 0.3929 21 25 46 4 1.1905 1 3 1.0500 1.1364 0.0658 0.0784 1 1 10 14 0.4762 0.5600 2 0 2 0 0 0 2 2 0 0 1 0 3 1 5 5 6 3 2 3 4 6 6 2 2 1 2 1 1 1 1 1 1 3 
1 48 12799995 0 1 0 1 0 7 11 18 0.5000 5 5.5000 3 2 5 10 0.3571 29 19 48 10 1.5263 2 0 1.0741 1 0.0909 0.0596 1 1 19 9 0.6552 0.4737 1 0 0 0 0 0 1 0 0 0 0 0 1 0 1 0 1 0 2 1 2 2 3 17 1 15 1 15 1 14 1 10 1 0 
1 48 12799995 1 0 0 1 0 7 7 14 5 5 10 2 3 5 10 0.3571 25 29 54 4 1.1600 3 2 1.1364 1.0741 0.0784 0.0909 1 1 15 19 0.6000 0.6552 2 0 2 0 0 0 2 2 0 0 0 1 2 3 7 3 5 3 3 4 5 4 5 17 5 15 2 15 1 14 1 10 1 0 
1 48 12799995 1 0 0 1 0 2 7 9 2.5000 2.5000 5 2 3 5 11 0.3929 21 29 50 8 1.3810 1 2 1.0500 1.0741 0.0658 0.0909 1 1 10 18 0.4762 0.6207 2 0 2 0 0 0 2 2 0 0 1 0 3 1 5 5 6 3 2 3 4 6 6 15 2 15 2 14 1 10 1 9 1 0 
1 48 12799995 1 0 0 0 1 2 11 13 1 1 2 1 2 3 4 0.1429 27 19 46 8 1.4211 0 0 1 1 0.0846 0.0596 1 1 23 15 0.8519 0.7895 1 0 0 0 0 0 1 0 0 0 2 2 2 0 4 0 9 0 3 6 7 9 12 2 3 3 3 4 2 3 1 2 1 0 

0 49 12719993 1 0 1 0 0 13 15 28 13 13 26 1 2 3 11 0.3929 12 20 32 8 1.6667 0 0 1 1 0.0379 0.0631 1 1 1 9 0.0833 0.4500 1 0 0 0 0 0 1 0 0 0 0 0 2 1 4 1 8 10 3 6 8 10 12 1 2 1 1 1 1 0 1 0 1 2 
1 49 12719994 0 1 1 0 0 7 2 9 5 2.5000 7.5000 2 2 4 11 0.3929 25 20 45 5 1.2500 3 0 1.1364 1 0.0789 0.0631 1 1 14 9 0.5600 0.4500 2 2 0 0 0 0 4 0 0 0 0 0 1 0 4 0 2 0 2 3 4 3 3 2 1 1 1 1 1 1 1 1 1 2 
1 49 12719994 1 0 0 1 0 6 15 21 1 1 2 1 2 3 2 0.0714 20 20 40 0 1 0 0 1 1 0.0631 0.0631 1 1 18 18 0.9000 0.9000 1 0 0 0 0 0 1 0 0 0 0 0 2 0 4 2 4 5 4 6 7 10 12 1 1 2 1 2 1 2 1 1 1 0 
1 49 12719994 0 1 0 1 0 7 2 9 5 2.5000 7.5000 3 2 5 11 0.3929 29 20 49 9 1.4500 2 0 1.0741 1 0.0915 0.0631 1 1 18 9 0.6207 0.4500 2 2 0 0 0 0 4 0 0 0 0 0 1 0 4 0 2 0 2 3 4 3 3 15 1 15 1 14 1 10 1 9 1 0 
1 49 12719994 0 1 0 1 0 7 11 18 0.5000 5 5.5000 3 2 5 10 0.3571 29 19 48 10 1.5263 2 0 1.0741 1 0.0915 0.0599 1 1 19 9 0.6552 0.4737 1 0 0 0 0 0 1 0 0 0 0 0 1 0 1 0 1 0 2 1 2 2 3 17 1 15 1 15 1 14 1 10 1 0 
1 49 12719994 1 0 0 1 0 7 7 14 5 5 10 2 3 5 10 0.3571 25 29 54 4 1.1600 3 2 1.1364 1.0741 0.0789 0.0915 1 1 15 19 0.6000 0.6552 2 2 0 0 0 0 4 0 0 0 0 1 2 4 5 4 4 4 3 4 5 4 5 17 5 15 2 15 1 14 1 10 1 0 
1 49 12719994 1 0 0 0 1 2 11 13 1 1 2 1 2 3 4 0.1429 27 19 46 8 1.4211 0 0 1 1 0.0852 0.0599 1 1 23 15 0.8519 0.7895 1 0 0 0 0 0 1 0 0 0 2 2 2 0 4 0 9 0 3 6 7 9 12 2 3 3 3 4 2 3 1 2 1 0 

0 50 12719994 1 0 1 0 0 13 15 28 13 13 26 1 2 3 11 0.3929 12 20 32 8 1.6667 0 0 1 1 0.0379 0.0631 1 1 1 9 0.0833 0.4500 1 0 0 0 0 0 1 0 0 0 0 0 2 1 4 1 8 10 3 6 8 10 12 1 2 1 1 1 1 0 1 0 1 2 
0 50 12719994 1 0 1 0 0 8 3 11 5.5000 5.5000 11 1 2 3 11 0.3929 26 20 46 6 1.3000 4 0 1.1818 1 0.0820 0.0631 1 1 15 9 0.5769 0.4500 2 1 0 0 0 0 3 0 0 0 0 1 2 2 7 4 5 3 3 4 5 4 5 5 1 3 1 1 1 1 1 1 1 1 
1 50 12719995 1 0 0 1 0 6 15 21 1 1 2 1 2 3 2 0.0714 20 20 40 0 1 0 0 1 1 0.0631 0.0631 1 1 18 18 0.9000 0.9000 1 0 0 0 0 0 1 0 0 0 0 0 2 0 4 2 4 5 4 6 7 10 12 1 1 2 1 2 1 2 1 1 1 0 
0 50 12719994 0 1 0 1 0 7 3 10 5.5000 3 8.5000 2 2 4 11 0.3929 29 20 49 9 1.4500 2 0 1.0741 1 0.0915 0.0631 1 1 18 9 0.6207 0.4500 2 1 0 0 0 0 3 0 0 0 0 0 2 0 5 2 2 1 2 3 4 3 3 15 1 15 1 14 1 10 1 9 1 0 
1 50 12719995 0 1 0 1 0 7 11 18 0.5000 5.5000 6 2 2 4 10 0.3571 29 19 48 10 1.5263 2 0 1.0741 1 0.0915 0.0599 1 1 19 9 0.6552 0.4737 1 0 0 0 0 0 1 0 0 0 0 0 1 0 1 0 1 0 2 1 2 2 3 17 1 15 1 15 1 14 1 10 1 0 
1 50 12719995 1 0 0 0 1 2 11 13 1 1 2 1 2 3 4 0.1429 27 19 46 8 1.4211 0 0 1 1 0.0852 0.0599 1 1 23 15 0.8519 0.7895 1 0 0 0 0 0 1 0 0 0 1 2 2 0 4 0 9 0 3 6 7 9 12 2 3 3 3 4 2 3 1 2 1 0 

0 51 12719995 1 0 1 0 0 13 16 29 13 13 26 1 1 2 11 0.3929 12 20 32 8 1.6667 0 0 1 1 0.0379 0.0631 1 1 1 9 0.0833 0.4500 1 0 0 0 0 0 1 0 0 0 0 0 2 1 4 1 8 10 3 6 8 10 12 1 2 1 1 1 1 0 1 0 1 2 
0 51 12719995 1 0 1 0 0 8 3 11 5.5000 5.5000 11 1 2 3 11 0.3929 26 20 46 6 1.3000 4 0 1.1818 1 0.0820 0.0631 1 1 15 9 0.5769 0.4500 2 1 0 0 0 0 3 0 0 0 0 1 2 2 7 4 5 3 3 4 5 4 5 5 1 3 1 1 1 1 1 1 1 1 
0 51 12719995 0 1 0 1 0 7 3 10 5.5000 3 8.5000 2 2 4 11 0.3929 29 20 49 9 1.4500 2 0 1.0741 1 0.0915 0.0631 1 1 18 9 0.6207 0.4500 2 1 0 0 0 0 3 0 0 0 0 0 2 0 5 2 2 1 2 3 4 3 3 15 1 15 1 14 1 10 1 9 1 0 
1 51 12719996 0 1 0 1 0 7 11 18 0.5000 5.5000 6 2 2 4 10 0.3571 29 19 48 10 1.5263 2 0 1.0741 1 0.0915 0.0599 1 1 19 9 0.6552 0.4737 1 0 0 0 0 0 1 0 0 0 0 0 1 0 1 0 1 0 2 1 2 2 3 17 1 15 1 15 1 14 1 10 1 0 
1 51 12719996 1 0 0 0 1 2 11 13 1 1 2 1 2 3 4 0.1429 27 19 46 8 1.4211 0 0 1 1 0.0852 0.0599 1 1 23 15 0.8519 0.7895 1 0 0 0 0 0 1 0 0 0 1 2 2 0 4 0 9 0 3 6 7 9 12 2 3 3 3 4 2 3 1 2 1 0 

0 52 12719995 1 0 1 0 0 13 16 29 13 13 26 1 2 3 11 0.3929 12 20 32 8 1.6667 0 0 1 1 0.0379 0.0631 1 1 1 9 0.0833 0.4500 1 0 0 0 1 0 1 0 1 1 0 0 2 1 4 1 12 10 3 6 8 10 12 1 2 1 1 1 1 0 1 0 1 2 
0 52 12719995 1 0 1 0 0 8 3 11 6 6 12 1 1 2 11 0.3929 26 20 46 6 1.3000 4 0 1.1818 1 0.0820 0.0631 1 1 15 9 0.5769 0.4500 1 0 0 0 0 0 1 0 0 0 0 1 2 0 7 2 5 1 3 4 5 4 5 5 1 3 1 1 1 1 1 1 1 1 
0 52 12719995 1 0 0 1 0 8 16 24 0 0 0 2 2 4 13 0.4643 29 20 49 9 1.4500 2 0 1.0741 1 0.0915 0.0631 1 1 16 7 0.5517 0.3500 1 0 0 0 1 0 1 0 1 0 1 0 2 0 5 2 9 6 3 6 8 12 11 12 1 9 1 8 1 7 1 6 2 0 
1 52 12719997 1 0 0 0 1 2 12 14 1 1 2 2 1 3 4 0.1429 27 19 46 8 1.4211 0 0 1 1 0.0852 0.0599 1 1 23 15 0.8519 0.7895 1 0 0 0 0 0 1 0 0 0 0 1 2 0 4 0 9 0 3 6 7 9 12 2 3 3 3 4 2 3 1 2 1 0 
1 52 12719997 0 1 0 0 1 8 2 10 0.5000 0.5000 1 2 2 4 18 0.6429 29 27 56 2 1.0741 2 0 1.0741 1 0.0915 0.0852 1 1 11 9 0.3793 0.3333 1 0 0 0 0 0 1 0 0 0 2 0 1 0 1 0 2 2 2 4 5 8 11 5 1 7 1 9 2 10 1 9 1 0 

0 53 12719997 1 0 1 0 0 8 3 11 6 6 12 1 1 2 11 0.3929 26 20 46 6 1.3000 4 0 1.1818 1 0.0820 0.0631 1 1 15 9 0.5769 0.4500 1 0 0 0 0 0 1 0 0 0 0 0 2 0 7 2 5 1 3 4 5 4 5 5 1 3 1 1 1 1 1 1 1 1 
1 53 12719998 1 0 1 0 0 17 14 31 14 14 28 2 1 3 12 0.4286 21 12 33 9 1.7500 1 0 1.0500 1 0.0662 0.0379 1 0 9 0 0.4286 0 1 0 0 1 0 0 1 1 0 0 0 0 2 2 3 6 6 10 3 6 8 10 12 1 3 1 1 0 1 0 1 0 1 1 
1 53 12719998 0 1 0 1 0 17 8 25 0 0 0 2 1 3 14 0.5000 21 29 50 8 1.3810 1 2 1.0500 1.0741 0.0662 0.0915 1 1 7 15 0.3333 0.5172 1 0 0 1 0 0 1 1 0 0 0 0 1 1 3 4 4 4 2 4 7 8 9 9 1 8 1 7 1 6 1 5 2 0 

1 54 12759999 1 0 1 0 0 9 7 16 0 0 0 1 1 2 16 0.5714 27 20 47 7 1.3500 5 0 1.2273 1 0.0849 0.0629 1 1 11 4 0.4074 0.2000 1 0 0 0 0 0 1 0 0 0 0 0 2 0 4 1 12 4 3 4 7 9 11 1 3 1 2 1 1 2 1 3 1 1 
0 54 12759998 0 1 0 0 1 18 7 25 1 3 4 1 1 2 9 0.3214 22 22 44 0 1 2 1 1.1000 1.0476 0.0692 0.0692 1 1 13 13 0.5909 0.5909 1 0 0 0 0 0 1 0 0 0 0 0 1 0 1 2 3 4 2 4 5 8 11 2 4 2 5 2 5 2 6 2 5 0 

0 55 12719995 1 0 1 0 0 15 18 33 15 15 30 1 2 3 11 0.3929 12 20 32 8 1.6667 0 0 1 1 0.0379 0.0631 1 1 1 9 0.0833 0.4500 1 0 0 0 1 0 1 0 1 1 0 0 2 1 4 1 12 10 3 6 8 10 12 1 2 1 1 1 1 0 1 0 1 2 
0 55 12719995 1 0 1 0 0 9 4 13 7 7 14 1 1 2 11 0.3929 26 20 46 6 1.3000 4 0 1.1818 1 0.0820 0.0631 1 1 15 9 0.5769 0.4500 1 0 0 0 0 0 1 0 0 0 0 0 2 0 7 2 5 1 3 4 5 4 5 5 1 3 1 1 1 1 1 1 1 1 
0 55 12719995 1 0 0 1 0 8 18 26 0 0 0 2 2 4 13 0.4643 29 20 49 9 1.4500 2 0 1.0741 1 0.0915 0.0631 1 1 16 7 0.5517 0.3500 1 0 0 0 1 0 1 0 1 0 1 0 2 0 5 2 9 6 3 6 8 12 11 12 1 9 1 8 1 7 1 6 2 0 
1 55 12719997 0 1 0 0 1 8 3 11 0.5000 0.5000 1 2 2 4 18 0.6429 29 27 56 2 1.0741 2 0 1.0741 1 0.0915 0.0852 1 1 11 9 0.3793 0.3333 1 0 0 0 0 0 1 0 0 0 2 0 1 0 1 0 2 2 2 4 5 8 11 5 1 7 1 9 2 10 1 9 1 0 
1 55 12719997 1 0 0 0 1 13 3 16 0 0 0 1 2 3 3 0.1071 19 27 46 8 1.4211 0 0 1 1 0.0599 0.0852 1 1 16 24 0.8421 0.8889 1 0 0 0 0 0 1 0 0 0 0 0 2 0 4 0 8 0 4 6 9 10 11 1 2 2 2 3 2 4 1 3 1 0 

0 56 12719997 1 0 1 0 0 9 4 13 7 7 14 1 1 2 11 0.3929 26 20 46 6 1.3000 4 0 1.1818 1 0.0820 0.0631 1 1 15 9 0.5769 0.4500 1 0 0 0 0 0 1 0 0 0 0 0 2 0 7 2 5 1 3 4 5 4 5 5 1 3 1 1 1 1 1 1 1 1 
1 56 12719998 1 0 1 0 0 19 16 35 16 16 32 2 1 3 12 0.4286 21 12 33 9 1.7500 1 0 1.0500 1 0.0662 0.0379 1 0 9 0 0.4286 0 1 0 0 1 0 0 1 1 0 0 0 0 2 2 3 6 6 10 3 6 8 10 12 1 3 1 1 0 1 0 1 0 1 1 
1 56 12719998 0 1 0 1 0 19 9 28 0 0 0 2 1 3 14 0.5000 21 29 50 8 1.3810 1 2 1.0500 1.0741 0.0662 0.0915 1 1 7 15 0.3333 0.5172 1 0 0 1 0 0 1 1 0 0 0 0 1 1 3 4 4 4 2 4 7 8 9 9 1 8 1 7 1 6 1 5 2 0 

1 57 12759999 1 0 1 0 0 10 7 17 0 0 0 1 1 2 16 0.5714 27 20 47 7 1.3500 5 0 1.2273 1 0.0849 0.0629 1 1 11 4 0.4074 0.2000 1 0 0 0 0 0 1 0 0 0 0 0 2 0 4 1 12 4 3 4 7 9 11 1 3 1 2 1 1 2 1 3 1 1 
0 57 12759998 0 1 0 0 1 20 7 27 1 3 4 1 1 2 9 0.3214 22 22 44 0 1 2 1 1.1000 1.0476 0.0692 0.0692 1 1 13 13 0.5909 0.5909 1 0 0 0 0 0 1 0 0 0 0 0 1 0 1 2 3 4 2 4 5 8 11 2 4 2 5 2 5 2 6 2 5 0 

0 58 12719995 1 0 1 0 0 17 20 37 17 17 34 2 2 4 11 0.3929 12 20 32 8 1.6667 0 0 1 1 0.0379 0.0631 1 1 1 9 0.0833 0.4500 1 0 0 0 0 0 2 0 0 1 0 0 2 1 4 1 8 10 3 6 8 10 12 1 2 1 1 1 1 0 1 0 1 2 
0 58 12719995 1 0 1 0 0 10 5 15 8 8 16 1 1 2 11 0.3929 26 20 46 6 1.3000 4 0 1.1818 1 0.0820 0.0631 1 1 15 9 0.5769 0.4500 1 0 0 0 0 0 1 0 0 0 0 0 2 0 7 2 5 1 3 4 5 4 5 5 1 3 1 1 1 1 1 1 1 1 
1 58 12759997 1 0 0 1 0 9 17 26 17 17 34 2 2 4 17 0.6071 29 12 41 17 2.4167 2 0 1.0741 1 0.0915 0.0379 1 0 12 -5.0000 0.4138 -0.4167 1 0 0 0 0 0 2 0 0 1 0 0 2 2 4 5 4 4 3 6 8 10 12 5 0 4 0 6 0 8 0 10 0 0 
0 58 12719995 1 0 0 1 0 9 20 29 0 0 0 2 2 4 14 0.5000 29 20 49 9 1.4500 2 0 1.0741 1 0.0915 0.0631 1 1 15 6 0.5172 0.3000 1 0 0 0 0 0 1 0 0 2 0 0 2 0 4 2 8 6 3 5 9 9 11 9 1 7 1 6 1 5 2 4 2 0 
0 58 12719996 1 0 0 0 1 13 4 17 0 0 0 1 1 2 3 0.1071 19 27 46 8 1.4211 0 0 1 1 0.0599 0.0852 1 1 16 24 0.8421 0.8889 1 0 0 0 0 0 1 0 0 0 0 0 2 0 4 0 8 0 4 6 9 10 11 1 2 2 2 3 2 4 1 3 1 0 

0 59 12759994 1 0 1 0 0 18 20 38 18 18 36 1 1 2 11 0.3929 12 20 32 8 1.6667 0 0 1 1 0.0377 0.0629 1 1 1 9 0.0833 0.4500 1 0 0 0 0 0 1 0 0 0 0 0 2 1 4 1 8 10 3 6 8 10 12 1 2 1 1 1 1 0 1 0 1 2 
0 59 12759994 1 0 1 0 0 10 5 15 8 8 16 1 2 3 11 0.3929 26 20 46 6 1.3000 4 0 1.1818 1 0.0818 0.0629 1 1 15 9 0.5769 0.4500 1 1 0 0 0 0 2 0 0 0 1 0 2 2 7 5 5 3 3 4 5 4 5 5 1 3 1 1 1 1 1 1 1 1 
1 59 12759996 1 0 1 0 0 10 7 17 2 2 4 3 1 4 25 0.8929 29 22 51 7 1.3182 2 1 1.0741 1.0476 0.0912 0.0692 1 0 4 -3.0000 0.1379 -0.1364 1 0 0 0 0 0 1 0 0 0 0 0 2 2 4 3 5 3 3 5 8 12 16 2 0 1 0 1 0 1 0 1 0 1 
0 59 12759994 0 1 0 1 0 10 5 15 1 8 9 3 2 5 12 0.4286 29 20 49 9 1.4500 2 0 1.0741 1 0.0912 0.0629 1 1 17 8 0.5862 0.4000 1 0 0 0 0 0 1 0 0 0 0 0 1 0 4 0 2 0 2 1 2 2 3 3 1 2 1 2 1 2 1 2 1 1 
0 59 12759995 1 0 0 1 0 10 7 17 0 0 0 3 1 4 16 0.5714 29 20 49 9 1.4500 2 0 1.0741 1 0.0912 0.0629 1 1 13 4 0.4483 0.2000 1 0 0 0 0 0 1 0 1 0 2 0 2 2 4 3 12 6 3 4 7 9 11 2 3 2 2 3 1 5 1 7 1 0 
0 59 12759995 1 0 0 0 1 13 4 17 0 0 0 1 1 2 3 0.1071 19 27 46 8 1.4211 0 0 1 1 0.0597 0.0849 1 1 16 24 0.8421 0.8889 1 0 0 0 0 0 1 0 1 0 0 0 2 0 4 0 8 0 4 6 9 10 11 1 2 2 2 3 2 4 1 3 1 0 

0 60 12759994 1 0 1 0 0 10 5 15 8 8 16 1 2 3 11 0.3929 26 20 46 6 1.3000 4 0 1.1818 1 0.0818 0.0629 1 1 15 9 0.5769 0.4500 2 1 0 0 0 0 3 0 0 0 0 1 2 2 7 4 5 3 3 4 5 4 5 5 1 3 1 1 1 1 1 1 1 1 
1 60 12759995 1 0 1 0 0 20 18 38 18 18 36 2 1 3 12 0.4286 21 12 33 9 1.7500 1 0 1.0500 1 0.0660 0.0377 1 0 9 0 0.4286 0 1 0 0 0 0 0 1 0 0 0 0 0 2 2 3 2 7 7 3 6 8 10 12 1 2 1 1 0 1 0 1 0 1 2 
1 60 12759995 0 1 0 1 0 10 5 15 8 3 11 2 2 4 11 0.3929 29 20 49 9 1.4500 2 0 1.0741 1 0.0912 0.0629 1 1 18 9 0.6207 0.4500 2 1 0 0 0 0 3 0 0 0 0 0 2 0 5 2 2 1 2 3 4 3 3 15 1 15 1 14 1 10 1 9 1 0 
1 60 12759995 0 1 0 1 0 10 13 23 1 8 9 2 2 4 10 0.3571 29 19 48 10 1.5263 2 0 1.0741 1 0.0912 0.0597 1 1 19 9 0.6552 0.4737 1 0 0 0 0 0 1 0 0 0 0 0 1 0 1 0 1 0 2 1 2 2 3 17 1 15 1 15 1 14 1 10 1 0 
1 60 12759995 0 1 0 1 0 20 7 27 0 2 2 2 1 3 3 0.1071 21 20 41 1 1.0500 1 0 1.0500 1 0.0660 0.0629 1 1 18 17 0.8571 0.8500 1 0 0 0 0 0 1 0 0 0 0 0 1 0 1 4 1 7 3 6 8 10 11 2 2 2 1 2 1 1 1 1 1 0 
1 60 12759995 1 0 0 0 1 4 13 17 2 2 4 1 2 3 4 0.1429 27 19 46 8 1.4211 0 0 1 1 0.0849 0.0597 1 1 23 15 0.8519 0.7895 1 0 0 0 0 0 1 0 0 0 1 2 2 0 4 0 9 0 3 6 7 9 12 2 3 3 3 4 2 3 1 2 1 0 

0 61 12799993 1 0 1 0 0 18 20 38 18 18 36 1 2 3 11 0.3929 12 20 32 8 1.6667 0 0 1 1 0.0376 0.0627 1 1 1 9 0.0833 0.4500 1 0 0 0 0 0 1 0 0 0 0 0 2 1 4 1 8 10 3 6 8 10 12 1 2 1 1 1 1 0 1 0 1 2 
1 61 12799994 1 0 1 0 0 5 10 15 3 3 6 2 2 4 11 0.3929 21 25 46 4 1.1905 1 3 1.0500 1.1364 0.0658 0.0784 1 1 10 14 0.4762 0.5600 2 0 2 0 0 0 2 2 0 0 1 0 3 1 5 5 6 3 2 3 4 6 6 2 2 1 2 1 1 1 1 1 1 3 
1 61 12799994 1 0 0 1 0 7 20 27 2 2 4 1 2 3 2 0.0714 20 20 40 0 1 0 0 1 1 0.0627 0.0627 1 1 18 18 0.9000 0.9000 1 0 0 0 0 0 1 0 0 0 0 0 2 0 4 2 4 5 4 6 7 10 12 1 1 2 1 2 1 2 1 1 1 0 
1 61 12799994 0 1 0 1 0 10 13 23 1 8 9 3 2 5 10 0.3571 29 19 48 10 1.5263 2 0 1.0741 1 0.0909 0.0596 1 1 19 9 0.6552 0.4737 1 0 0 0 0 0 1 0 0 0 0 0 1 0 1 0 1 0 2 1 2 2 3 17 1 15 1 15 1 14 1 10 1 0 
1 61 12799994 1 0 0 1 0 10 10 20 8 8 16 2 3 5 10 0.3571 25 29 54 4 1.1600 3 2 1.1364 1.0741 0.0784 0.0909 1 1 15 19 0.6000 0.6552 2 0 2 0 0 0 2 2 0 0 0 1 2 3 7 3 5 3 3 4 5 4 5 17 5 15 2 15 1 14 1 10 1 0 
1 61 12799994 1 0 0 1 0 5 10 15 3 3 6 2 3 5 11 0.3929 21 29 50 8 1.3810 1 2 1.0500 1.0741 0.0658 0.0909 1 1 10 18 0.4762 0.6207 2 0 2 0 0 0 2 2 0 0 1 0 3 1 5 5 6 3 2 3 4 6 6 15 2 15 2 14 1 10 1 9 1 0 
1 61 12799994 1 0 0 0 1 4 13 17 2 2 4 1 2 3 4 0.1429 27 19 46 8 1.4211 0 0 1 1 0.0846 0.0596 1 1 23 15 0.8519 0.7895 1 0 0 0 0 0 1 0 0 0 2 2 2 0 4 0 9 0 3 6 7 9 12 2 3 3 3 4 2 3 1 2 1 0 

