0 1 213 1 0 1 0 0 0 0 0 0 0 0 2 2 4 19 0.5938 23 6 29 17 3.8333 0 0 1 1 0.1080 0.0282 1 0 4 -13.0000 0.1739 -2.1667 1 0 0 0 0 0 1 0 0 1 0 0 2 2 4 3 6 4 3 5 8 12 16 1 0 1 0 1 0 1 0 1 0 2 
0 1 213 1 0 1 0 0 0 0 0 0 0 0 1 1 2 7 0.2188 9 6 15 3 1.5000 0 0 1 1 0.0423 0.0282 1 0 2 -1.0000 0.2222 -0.1667 1 0 0 0 0 0 1 0 0 0 0 1 2 3 4 4 8 10 4 6 7 12 11 0 1 0 1 0 1 0 1 0 0 2 
0 1 213 1 0 1 0 0 0 0 0 0 0 0 2 2 4 8 0.2500 23 12 35 11 1.9167 0 0 1 1 0.1080 0.0563 1 1 15 4 0.6522 0.3333 1 0 0 1 0 0 1 1 0 0 0 1 2 0 4 5 5 5 2 2 4 6 10 1 1 1 1 1 1 1 1 1 1 4 
0 1 213 1 0 1 0 0 0 0 0 0 0 0 2 1 3 2 0.0625 6 8 14 2 1.3333 0 0 1 1 0.0282 0.0376 1 1 4 6 0.6667 0.7500 1 0 0 0 0 0 1 0 0 1 0 0 2 0 4 0 4 0 4 7 8 9 11 1 1 1 1 1 1 1 2 1 2 1 
1 1 214 0 1 1 0 0 0 0 0 0 0 0 2 1 3 10 0.3125 12 11 23 1 1.0909 0 0 1 1 0.0563 0.0516 1 1 2 1 0.1667 0.0909 1 0 0 1 0 0 1 1 0 0 0 0 1 1 1 5 3 2 1 1 1 2 3 1 1 1 1 1 1 1 0 0 0 2 

0 2 214 1 0 1 0 0 0 0 0 0 0 0 2 2 4 19 0.5938 23 6 29 17 3.8333 0 0 1 1 0.1075 0.0280 1 0 4 -13.0000 0.1739 -2.1667 1 0 0 0 0 0 1 0 0 1 0 0 2 2 4 3 6 4 3 5 8 12 16 1 0 1 0 1 0 1 0 1 0 2 
0 2 214 1 0 1 0 0 0 0 0 0 0 0 1 1 2 7 0.2188 9 6 15 3 1.5000 0 0 1 1 0.0421 0.0280 1 0 2 -1.0000 0.2222 -0.1667 1 0 0 0 0 0 1 0 0 0 0 1 2 3 4 4 8 10 4 6 7 12 11 0 1 0 1 0 1 0 1 0 0 2 
1 2 215 1 0 1 0 0 0 0 0 0 0 0 2 1 3 2 0.0625 6 8 14 2 1.3333 0 0 1 1 0.0280 0.0374 1 1 4 6 0.6667 0.7500 1 0 0 0 0 0 1 0 0 1 0 0 2 0 4 0 4 0 4 7 8 9 11 1 1 1 1 1 1 1 2 1 2 1 
1 2 215 1 0 1 0 0 1 1 2 0.5000 0.5000 1 2 1 3 10 0.3125 13 11 24 2 1.1818 1 0 1.0833 1 0.0607 0.0514 1 1 3 1 0.2308 0.0909 1 0 0 1 0 0 1 1 0 0 0 0 2 2 3 6 5 5 2 3 4 6 6 2 1 2 1 1 1 1 0 1 0 3 
0 2 214 1 0 0 1 0 1 0 1 0 0 0 2 2 4 8 0.2500 13 23 36 10 1.7692 1 0 1.0833 1 0.0607 0.1075 1 1 5 15 0.3846 0.6522 1 0 0 1 0 0 1 1 0 0 0 1 2 0 4 6 4 6 2 2 4 6 10 1 2 1 2 1 2 1 2 1 1 4 

0 3 215 1 0 1 0 0 1 2 3 1 1 2 2 2 4 19 0.5938 23 6 29 17 3.8333 0 0 1 1 0.1070 0.0279 1 0 4 -13.0000 0.1739 -2.1667 1 0 0 0 0 0 1 0 1 0 0 0 2 2 4 3 6 4 3 5 8 12 16 1 0 1 0 1 0 1 0 1 0 2 
0 3 215 1 0 1 0 0 1 1 2 1 1 2 1 1 2 7 0.2188 9 6 15 3 1.5000 0 0 1 1 0.0419 0.0279 1 0 2 -1.0000 0.2222 -0.1667 1 0 0 0 0 0 1 0 0 0 0 1 2 3 4 4 8 10 4 6 7 12 11 0 1 0 1 0 1 0 1 0 0 2 
1 3 216 1 0 1 0 0 1 1 2 0.5000 0.5000 1 2 1 3 10 0.3125 13 11 24 2 1.1818 1 0 1.0833 1 0.0605 0.0512 1 1 3 1 0.2308 0.0909 1 0 0 1 0 0 1 1 0 0 0 0 2 2 3 6 5 5 2 3 4 6 6 2 1 2 1 1 1 1 0 1 0 3 
0 3 215 0 1 1 0 0 1 2 3 0 1 1 1 2 3 3 0.0938 9 6 15 3 1.5000 1 0 1.1250 1 0.0419 0.0279 1 1 6 3 0.6667 0.5000 1 0 0 0 0 0 1 0 1 0 0 0 1 0 1 0 1 5 2 4 6 7 11 1 2 1 1 1 1 1 2 1 2 1 
0 3 215 1 0 0 1 0 1 1 2 0 0 0 2 2 4 8 0.2500 13 23 36 10 1.7692 1 0 1.0833 1 0.0605 0.1070 1 1 5 15 0.3846 0.6522 1 0 0 1 0 0 1 1 0 0 0 1 2 0 4 6 4 6 2 2 4 6 10 1 2 1 2 1 2 1 2 1 1 4 

0 4 215 1 0 1 0 0 1 1 2 1 1 2 2 1 3 8 0.2500 10 6 16 4 1.6667 1 0 1.1111 1 0.0465 0.0279 1 0 2 -2.0000 0.2000 -0.3333 1 0 1 0 0 1 1 1 0 0 0 1 2 2 6 5 8 14 4 6 7 12 11 0 2 0 1 0 1 0 1 0 0 1 
0 4 215 1 0 1 0 0 1 3 4 1 1 2 2 2 4 20 0.6250 24 7 31 17 3.4286 1 1 1.0435 1.1667 0.1116 0.0326 1 0 4 -13.0000 0.1667 -1.8571 1 0 0 0 0 0 1 0 0 1 0 0 2 2 4 4 5 5 3 5 8 12 16 2 0 1 0 1 0 1 0 1 0 1 
1 4 216 0 1 1 0 0 2 2 4 0.5000 1.5000 2 2 1 3 11 0.3438 13 12 25 1 1.0833 1 1 1.0833 1.0909 0.0605 0.0558 1 1 2 1 0.1538 0.0833 1 0 0 0 1 0 1 1 0 0 0 1 1 1 1 1 6 4 1 1 1 2 3 2 2 1 1 1 1 1 0 0 0 2 
0 4 215 1 0 0 1 0 1 0 1 0 0 0 2 1 3 7 0.2188 10 33 43 23 3.3000 1 0 1.1111 1 0.0465 0.1535 1 1 3 26 0.3000 0.7879 1 0 1 0 0 1 1 1 0 0 1 1 2 2 5 5 4 15 4 7 9 8 12 4 2 5 2 4 1 6 1 6 1 0 
0 4 215 0 1 0 1 0 3 2 5 0 2 2 2 1 3 3 0.0938 7 8 15 1 1.1429 1 0 1.1667 1 0.0326 0.0372 1 1 4 5 0.5714 0.6250 1 0 0 0 0 0 1 0 0 0 0 0 1 0 1 0 1 0 2 4 4 5 9 2 1 1 1 1 2 1 2 1 2 0 
0 4 215 1 0 0 0 1 2 1 3 0 0 0 2 2 4 8 0.2500 13 24 37 11 1.8462 1 1 1.0833 1.0435 0.0605 0.1116 1 1 5 16 0.3846 0.6667 1 0 0 0 1 2 1 1 0 0 1 1 2 0 4 5 5 8 2 2 4 6 10 2 2 2 2 2 2 2 2 2 1 3 

0 5 216 1 0 1 0 0 1 4 5 1 1 2 2 2 4 20 0.6250 24 7 31 17 3.4286 1 1 1.0435 1.1667 0.1111 0.0324 1 0 4 -13.0000 0.1667 -1.8571 1 0 0 0 0 0 1 0 0 1 0 0 2 2 4 4 5 5 3 5 8 12 16 2 0 1 0 1 0 1 0 1 0 1 
1 5 217 0 1 1 0 0 3 3 6 0.5000 2.5000 3 2 1 3 11 0.3438 13 12 25 1 1.0833 1 1 1.0833 1.0909 0.0602 0.0556 1 1 2 1 0.1538 0.0833 1 0 0 0 1 0 1 1 0 0 0 0 1 1 1 1 6 4 1 1 1 2 3 2 2 1 1 1 1 1 0 0 0 2 
0 5 216 0 1 0 1 0 4 3 7 0 3 3 2 1 3 3 0.0938 7 8 15 1 1.1429 1 0 1.1667 1 0.0324 0.0370 1 1 4 5 0.5714 0.6250 1 0 0 0 0 0 1 0 0 0 0 0 1 0 1 0 1 0 2 4 4 5 9 2 1 1 1 1 2 1 2 1 2 0 
0 5 216 1 0 0 0 1 3 1 4 0 0 0 2 2 4 8 0.2500 13 24 37 11 1.8462 1 1 1.0833 1.0435 0.0602 0.1111 1 1 5 16 0.3846 0.6667 1 0 0 0 1 0 1 1 0 0 0 0 2 0 4 5 5 6 2 2 4 6 10 2 2 2 2 2 2 2 2 2 1 3 

1 6 217 1 0 1 0 0 5 4 9 2.5000 2.5000 5 2 1 3 11 0.3438 13 13 26 0 1 1 2 1.0833 1.1818 0.0602 0.0602 1 1 2 2 0.1538 0.1538 1 0 0 0 1 0 1 0 1 0 0 0 2 0 5 2 4 8 3 4 5 4 5 1 4 1 2 1 1 1 1 0 0 1 
0 6 216 0 1 0 1 0 5 3 8 0 1 1 2 1 3 9 0.2812 13 25 38 12 1.9231 1 2 1.0833 1.0870 0.0602 0.1157 1 1 4 16 0.3077 0.6400 1 0 0 0 0 0 1 0 0 0 0 0 1 1 1 2 2 4 1 2 3 6 8 4 2 3 1 3 1 3 1 4 1 2 

1 7 217 1 0 1 0 0 6 4 10 2.5000 2.5000 5 2 1 3 11 0.3438 13 13 26 0 1 1 2 1.0833 1.1818 0.0602 0.0602 1 1 2 2 0.1538 0.1538 1 0 0 0 1 0 1 0 1 0 0 0 2 0 5 2 9 3 3 4 5 4 5 1 4 1 2 1 1 1 1 0 0 1 
0 7 216 1 0 0 1 0 6 5 11 1.5000 1.5000 3 2 1 3 9 0.2812 13 26 39 13 2 1 3 1.0833 1.1304 0.0602 0.1204 1 1 4 17 0.3077 0.6538 1 0 0 0 1 0 1 0 1 0 0 0 2 1 5 1 9 3 2 2 4 6 10 6 2 4 2 3 1 3 1 3 1 1 

0 8 216 1 0 1 0 0 8 8 16 4 4 8 2 2 4 20 0.6250 24 6 30 18 4 1 0 1.0435 1 0.1111 0.0278 1 0 4 -14.0000 0.1667 -2.3333 1 0 0 0 0 0 1 0 1 0 0 0 2 2 4 4 5 5 3 5 8 12 16 2 0 1 0 1 0 1 0 1 0 1 
0 8 216 1 0 1 0 0 3 3 6 3 3 6 2 1 3 8 0.2500 10 6 16 4 1.6667 1 0 1.1111 1 0.0463 0.0278 1 0 2 -2.0000 0.2000 -0.3333 1 0 1 0 0 1 1 1 0 0 0 1 2 2 6 5 8 14 4 6 7 12 11 0 2 0 1 0 1 0 1 0 0 1 
0 8 216 0 1 1 0 0 4 8 12 0 3.5000 3.5000 1 2 3 3 0.0938 9 6 15 3 1.5000 1 0 1.1250 1 0.0417 0.0278 1 1 6 3 0.6667 0.5000 1 0 0 0 0 0 1 0 1 0 0 0 1 0 1 0 1 5 2 4 6 7 11 1 2 1 1 1 1 1 2 1 2 1 
1 8 217 0 1 1 0 0 8 5 13 3 3.5000 6.5000 2 1 3 11 0.3438 13 12 25 1 1.0833 1 1 1.0833 1.0909 0.0602 0.0556 1 1 2 1 0.1538 0.0833 1 0 0 0 1 0 1 1 0 0 0 1 1 1 1 1 6 4 1 1 1 2 3 2 2 1 1 1 1 1 0 0 0 2 
0 8 216 1 0 0 1 0 3 0 3 0 0 0 2 1 3 7 0.2188 10 33 43 23 3.3000 1 0 1.1111 1 0.0463 0.1528 1 1 3 26 0.3000 0.7879 1 0 1 0 0 1 1 1 0 0 1 1 2 2 5 5 4 15 4 7 9 8 12 4 2 5 2 4 1 6 1 6 1 0 
0 8 216 1 0 0 0 1 8 8 16 1.5000 1.5000 3 2 2 4 8 0.2500 13 24 37 11 1.8462 1 1 1.0833 1.0435 0.0602 0.1111 1 1 5 16 0.3846 0.6667 1 0 0 0 1 2 1 1 0 0 1 1 2 0 4 5 5 8 2 2 4 6 10 2 2 2 2 2 2 2 2 2 1 3 

1 9 218 1 0 1 0 0 12 8 20 4.5000 4.5000 9 2 1 3 11 0.3438 13 13 26 0 1 1 2 1.0833 1.1818 0.0599 0.0599 1 1 2 2 0.1538 0.1538 1 0 0 0 1 0 1 0 1 0 0 0 2 0 5 2 4 8 3 4 5 4 5 1 4 1 2 1 1 1 1 0 0 1 
0 9 217 0 1 0 1 0 12 10 22 0 2.5000 2.5000 2 1 3 9 0.2812 13 25 38 12 1.9231 1 2 1.0833 1.0870 0.0599 0.1152 1 1 4 16 0.3077 0.6400 1 0 0 0 0 0 1 0 0 0 0 0 1 1 1 2 2 4 1 2 3 6 8 4 2 3 1 3 1 3 1 4 1 2 

1 10 218 1 0 1 0 0 13 8 21 4.5000 4.5000 9 2 1 3 11 0.3438 13 13 26 0 1 1 2 1.0833 1.1818 0.0599 0.0599 1 1 2 2 0.1538 0.1538 1 0 0 0 1 0 1 0 1 0 0 0 2 0 5 2 9 3 3 4 5 4 5 1 4 1 2 1 1 1 1 0 0 1 
0 10 217 1 0 0 1 0 13 12 25 3 3 6 2 1 3 9 0.2812 13 26 39 13 2 1 3 1.0833 1.1304 0.0599 0.1198 1 1 4 17 0.3077 0.6538 1 0 0 0 1 0 1 0 1 0 0 0 2 1 5 1 9 3 2 2 4 6 10 6 2 4 2 3 1 3 1 3 1 1 

1 11 218 0 1 1 0 0 15 9 24 6.5000 5.5000 12 2 1 3 12 0.3750 14 13 27 1 1.0769 2 2 1.1667 1.1818 0.0645 0.0599 1 1 2 1 0.1429 0.0769 1 0 0 0 1 0 1 1 0 0 0 0 1 1 1 1 1 7 1 1 1 2 3 2 2 1 1 1 1 1 0 0 0 2 
0 11 217 0 1 0 0 1 15 15 30 0 3 3 2 1 3 9 0.2812 14 25 39 11 1.7857 2 2 1.1667 1.0870 0.0645 0.1152 1 1 5 16 0.3571 0.6400 1 0 0 0 0 0 1 0 0 0 0 0 1 1 1 2 2 4 1 2 3 6 8 4 4 3 2 3 2 3 2 4 1 2 

1 12 217 1 0 0 1 0 17 12 29 8 8 16 2 1 3 24 0.7500 28 7 35 21 4 5 1 1.2174 1.1667 0.1296 0.0324 1 0 4 -17.0000 0.1429 -2.4286 1 0 0 0 0 0 1 0 0 0 0 0 2 2 4 3 6 4 3 5 8 12 16 3 0 2 0 2 0 2 0 2 0 0 
0 12 216 1 0 0 1 0 17 16 33 6.5000 6.5000 13 2 1 3 10 0.3125 28 12 40 16 2.3333 5 0 1.2174 1 0.1296 0.0556 1 1 18 2 0.6429 0.1667 1 0 0 0 0 0 1 0 0 0 0 0 2 3 4 3 5 5 3 4 5 4 5 8 1 6 1 4 1 3 1 3 0 0 

1 13 218 1 0 1 0 0 17 10 27 6.5000 6.5000 13 2 1 3 11 0.3438 13 13 26 0 1 1 2 1.0833 1.1818 0.0599 0.0599 1 1 2 2 0.1538 0.1538 1 0 0 0 1 0 1 0 1 0 0 0 2 0 5 2 4 8 3 4 5 4 5 1 4 1 2 1 1 1 1 0 0 1 
0 13 217 0 1 0 1 0 17 20 37 0 4 4 2 1 3 9 0.2812 13 25 38 12 1.9231 1 2 1.0833 1.0870 0.0599 0.1152 1 1 4 16 0.3077 0.6400 1 0 0 0 0 0 1 0 0 0 0 0 1 1 1 2 2 5 1 2 3 6 8 4 2 3 1 3 1 3 1 4 1 2 

1 14 218 1 0 1 0 0 18 10 28 6.5000 6.5000 13 2 1 3 11 0.3438 13 13 26 0 1 1 2 1.0833 1.1818 0.0599 0.0599 1 1 2 2 0.1538 0.1538 1 0 0 0 1 0 1 0 1 0 0 0 2 0 5 2 9 3 3 4 5 4 5 1 4 1 2 1 1 1 1 0 0 1 
0 14 217 1 0 0 1 0 18 22 40 4.5000 4.5000 9 2 1 3 9 0.2812 13 26 39 13 2 1 3 1.0833 1.1304 0.0599 0.1198 1 1 4 17 0.3077 0.6538 1 0 0 0 1 0 1 0 1 0 0 0 2 1 5 1 9 3 2 2 4 6 10 6 2 4 2 3 1 3 1 3 1 1 

1 15 218 0 1 1 0 0 20 11 31 8 7.5000 15.5000 2 1 3 12 0.3750 14 13 27 1 1.0769 2 2 1.1667 1.1818 0.0645 0.0599 1 1 2 1 0.1429 0.0769 1 0 0 0 1 0 1 1 0 0 0 0 1 1 1 1 1 7 1 1 1 2 3 2 3 1 1 1 1 1 0 0 0 2 
0 15 217 0 1 0 1 0 18 5 23 1 4 5 1 1 2 3 0.0938 7 8 15 1 1.1429 1 0 1.1667 1 0.0323 0.0369 1 1 4 5 0.5714 0.6250 1 0 0 0 0 0 1 0 0 0 0 0 1 0 1 0 1 0 2 4 4 5 9 2 1 1 1 1 2 1 2 1 2 0 
0 15 217 0 1 0 0 1 20 26 46 0 4.5000 4.5000 2 1 3 9 0.2812 14 25 39 11 1.7857 2 2 1.1667 1.0870 0.0645 0.1152 1 1 5 16 0.3571 0.6400 1 0 0 0 0 0 1 0 0 0 0 0 1 1 1 2 2 4 1 2 3 6 8 4 4 3 3 3 3 3 2 4 1 2 

0 16 217 1 0 1 0 0 27 19 46 14 14 28 2 2 4 20 0.6250 24 6 30 18 4 1 0 1.0435 1 0.1106 0.0276 1 0 4 -14.0000 0.1667 -2.3333 1 0 0 0 0 0 1 0 1 0 0 0 2 2 4 4 5 5 3 5 8 12 16 2 0 1 0 1 0 1 0 1 0 1 
0 16 217 0 1 1 0 0 5 19 24 0 4 4 1 2 3 3 0.0938 9 6 15 3 1.5000 1 0 1.1250 1 0.0415 0.0276 1 1 6 3 0.6667 0.5000 1 0 0 0 0 0 1 0 1 0 0 0 1 0 1 0 1 7 2 4 6 7 11 1 2 1 1 1 1 1 2 1 2 1 
1 16 218 0 1 1 0 0 24 15 39 10 9.5000 19.5000 2 1 3 11 0.3438 13 12 25 1 1.0833 1 1 1.0833 1.0909 0.0599 0.0553 1 1 2 1 0.1538 0.0833 1 0 0 0 1 0 1 1 0 0 0 0 1 1 1 1 6 4 1 1 1 2 3 2 2 1 1 1 1 1 0 0 0 2 
0 16 217 1 0 0 0 1 24 27 51 4.5000 4.5000 9 2 2 4 8 0.2500 13 24 37 11 1.8462 1 1 1.0833 1.0435 0.0599 0.1106 1 1 5 16 0.3846 0.6667 1 0 0 0 1 0 1 1 0 0 0 0 2 0 4 5 5 6 2 2 4 6 10 2 2 2 2 2 2 2 2 2 1 3 

1 17 218 1 0 1 0 0 25 15 40 9.5000 9.5000 19 2 1 3 11 0.3438 13 13 26 0 1 1 2 1.0833 1.1818 0.0599 0.0599 1 1 2 2 0.1538 0.1538 1 0 0 0 1 0 1 0 1 0 0 0 2 0 5 2 4 8 3 4 5 4 5 1 4 1 2 1 1 1 1 0 0 1 
0 17 217 0 1 0 1 0 25 30 55 0 5.5000 5.5000 2 1 3 9 0.2812 13 25 38 12 1.9231 1 2 1.0833 1.0870 0.0599 0.1152 1 1 4 16 0.3077 0.6400 1 0 0 0 0 0 1 0 0 0 0 0 1 1 1 2 2 4 1 2 3 6 8 4 2 3 1 3 1 3 1 4 1 2 

1 18 218 1 0 1 0 0 26 15 41 9.5000 9.5000 19 2 1 3 11 0.3438 13 13 26 0 1 1 2 1.0833 1.1818 0.0599 0.0599 1 1 2 2 0.1538 0.1538 1 0 0 0 1 0 1 0 1 0 0 0 2 0 5 2 9 3 3 4 5 4 5 1 4 1 2 1 1 1 1 0 0 1 
0 18 217 1 0 0 1 0 26 32 58 6 6 12 2 1 3 9 0.2812 13 26 39 13 2 1 3 1.0833 1.1304 0.0599 0.1198 1 1 4 17 0.3077 0.6538 1 0 0 0 1 0 1 0 1 0 0 0 2 1 5 1 9 3 2 2 4 6 10 6 2 4 2 3 1 3 1 3 1 1 

1 19 218 1 0 1 0 0 35 24 59 18 18 36 2 2 4 20 0.6250 24 6 30 18 4 1 0 1.0435 1 0.1106 0.0276 1 0 4 -14.0000 0.1667 -2.3333 1 0 0 0 0 0 1 0 1 0 0 0 2 2 4 4 5 5 3 5 8 12 16 2 0 1 0 1 0 1 0 1 0 1 
0 19 217 1 0 1 0 0 6 6 12 6 6 12 2 1 3 8 0.2500 10 6 16 4 1.6667 1 0 1.1111 1 0.0461 0.0276 1 0 2 -2.0000 0.2000 -0.3333 1 0 1 0 0 1 1 1 0 0 1 0 2 2 6 5 10 11 4 6 7 12 11 0 2 0 1 0 1 0 1 0 0 1 
0 19 217 0 1 1 0 0 6 24 30 0.5000 4.5000 5 1 2 3 3 0.0938 9 6 15 3 1.5000 1 0 1.1250 1 0.0415 0.0276 1 1 6 3 0.6667 0.5000 1 0 0 0 0 0 1 0 1 0 0 0 1 0 1 0 1 5 2 4 6 7 11 1 2 1 1 1 1 1 2 1 2 1 
1 19 218 1 0 1 0 0 28 16 44 12 12 24 2 1 3 11 0.3438 14 12 26 2 1.1667 2 1 1.1667 1.0909 0.0645 0.0553 1 1 3 1 0.2143 0.0833 1 0 0 1 0 0 1 1 0 0 0 1 2 2 3 3 7 7 2 3 4 6 6 3 2 2 1 1 1 1 0 1 0 3 
0 19 217 1 0 0 1 0 6 0 6 0 0 0 2 1 3 7 0.2188 10 33 43 23 3.3000 1 0 1.1111 1 0.0461 0.1521 1 1 3 26 0.3000 0.7879 1 0 1 0 0 1 1 1 0 1 0 1 2 2 6 3 6 13 4 7 9 8 12 4 2 5 2 4 1 6 1 6 1 0 
0 19 217 0 1 0 0 1 28 35 63 0 6 6 2 2 4 9 0.2812 14 24 38 10 1.7143 2 1 1.1667 1.0435 0.0645 0.1106 1 1 5 15 0.3571 0.6250 1 0 0 0 0 2 1 0 0 1 1 0 1 1 1 2 2 7 1 2 3 6 8 2 4 2 3 2 3 2 2 3 1 3 

1 20 218 0 1 1 0 0 30 18 48 12.5000 11.5000 24 2 1 3 12 0.3750 14 13 27 1 1.0769 2 2 1.1667 1.1818 0.0645 0.0599 1 1 2 1 0.1429 0.0769 1 0 0 0 1 0 1 1 0 0 0 0 1 1 1 1 1 7 1 1 1 2 3 2 3 1 1 1 1 1 0 0 0 2 
0 20 217 0 1 0 1 0 26 7 33 1 5 6 1 1 2 3 0.0938 7 8 15 1 1.1429 1 0 1.1667 1 0.0323 0.0369 1 1 4 5 0.5714 0.6250 1 0 0 0 0 0 1 0 0 0 0 0 1 0 1 0 1 0 2 4 4 5 9 2 1 1 1 1 2 1 2 1 2 0 
0 20 217 0 1 0 0 1 30 36 66 0 6 6 2 1 3 9 0.2812 14 25 39 11 1.7857 2 2 1.1667 1.0870 0.0645 0.1152 1 1 5 16 0.3571 0.6400 1 0 0 0 0 0 1 0 0 0 0 0 1 1 1 2 2 4 1 2 3 6 8 4 4 3 3 3 3 3 2 4 1 2 

1 21 219 1 0 1 0 0 33 18 51 11.5000 11.5000 23 2 1 3 11 0.3438 13 13 26 0 1 1 2 1.0833 1.1818 0.0596 0.0596 1 1 2 2 0.1538 0.1538 1 0 0 0 1 0 1 0 1 0 0 0 2 0 5 2 4 8 3 4 5 4 5 1 4 1 2 1 1 1 1 0 0 1 
0 21 218 0 1 0 1 0 33 39 72 0.5000 8.5000 9 2 1 3 9 0.2812 13 25 38 12 1.9231 1 2 1.0833 1.0870 0.0596 0.1147 1 1 4 16 0.3077 0.6400 1 0 0 0 0 0 1 0 0 0 0 0 1 1 1 2 2 5 1 2 3 6 8 4 2 3 1 3 1 3 1 4 1 2 

1 22 219 1 0 1 0 0 34 18 52 11.5000 11.5000 23 2 1 3 11 0.3438 13 13 26 0 1 1 2 1.0833 1.1818 0.0596 0.0596 1 1 2 2 0.1538 0.1538 1 0 0 0 1 0 1 0 1 0 0 0 2 0 5 2 9 3 3 4 5 4 5 1 4 1 2 1 1 1 1 0 0 1 
0 22 218 1 0 0 1 0 34 41 75 9 9 18 2 1 3 9 0.2812 13 26 39 13 2 1 3 1.0833 1.1304 0.0596 0.1193 1 1 4 17 0.3077 0.6538 1 0 0 0 1 0 1 0 1 0 0 0 2 1 5 1 9 3 2 2 4 6 10 6 2 4 2 3 1 3 1 3 1 1 

1 23 219 1 0 1 0 0 36 18 54 11.5000 11.5000 23 2 1 3 12 0.3750 14 14 28 0 1 2 3 1.1667 1.2727 0.0642 0.0642 1 1 2 2 0.1429 0.1429 1 0 0 0 1 0 1 0 1 0 0 0 2 0 4 4 3 9 3 4 5 4 5 1 4 1 2 1 1 1 1 0 0 1 
0 23 218 0 1 0 1 0 36 46 82 0.5000 10 10.5000 2 1 3 10 0.3125 14 26 40 12 1.8571 2 3 1.1667 1.1304 0.0642 0.1193 1 1 4 16 0.2857 0.6154 1 0 0 0 0 0 1 0 0 0 0 0 1 0 3 0 4 3 1 2 3 6 8 5 2 3 1 3 1 3 1 4 1 1 

