0 1 8 36 0 314 306 8 9 1 0 1 0 0 0 0 0 0 2 2 9 0.2500 17 8 0.0541 0.0255 1 0 8 -1.0000 0.4706 -0.1250 2 1 0 0 0 0 3 0 0 1 0 0 2 4 4 3 4 3 3 6 8 9 1 
0 1 8 36 0 314 306 8 9 1 0 1 0 0 0 0 0 0 3 2 8 0.2222 12 8 0.0382 0.0255 1 0 4 0 0.3333 0 1 2 0 0 0 0 3 0 0 1 0 0 2 4 3 4 3 7 3 6 8 9 1 
0 1 6 36 0 314 306 8 9 1 0 1 0 0 0 0 0 0 1 3 21 0.5833 24 12 0.0764 0.0382 1 0 3 -9.0000 0.1250 -0.7500 1 0 0 0 0 0 1 0 1 2 0 1 2 2 4 3 6 6 3 4 6 10 1 
0 1 6 36 0 314 306 8 9 1 0 1 0 0 0 0 0 0 1 3 22 0.6111 24 12 0.0764 0.0382 1 0 2 -10.0000 0.0833 -0.8333 1 0 0 0 0 0 2 0 0 0 0 0 2 3 4 5 5 9 3 4 7 10 1 
0 1 7 36 0 314 306 8 9 1 0 1 0 0 0 0 0 0 1 3 12 0.3333 18 12 0.0573 0.0382 1 0 6 0 0.3333 0 1 0 0 0 0 0 2 0 0 0 0 0 2 2 3 2 3 3 3 4 7 10 1 
1 1 9 36 0 314 306 8 9 0 1 1 0 0 0 0 0 0 3 2 9 0.2500 12 17 0.0382 0.0541 1 1 3 8 0.2500 0.4706 2 1 0 0 0 0 3 0 0 0 0 0 2 2 3 1 2 1 2 4 4 4 1 
0 1 8 36 0 314 306 8 9 1 0 0 1 0 0 0 0 0 3 1 4 0.1111 12 4 0.0382 0.0127 1 0 8 0 0.6667 0 1 0 0 0 0 0 1 0 0 0 0 2 2 4 3 7 3 8 4 7 9 11 1 
0 1 8 36 0 314 306 8 9 1 0 0 1 0 0 0 0 0 1 2 3 0.0833 28 19 0.0892 0.0605 1 1 25 16 0.8929 0.8421 1 0 0 0 0 0 1 0 0 0 0 0 2 2 4 2 4 2 4 5 6 5 1 
1 1 9 36 0 314 306 8 9 0 1 0 1 0 0 0 0 0 2 1 14 0.3889 19 22 0.0605 0.0701 1 1 5 8 0.2632 0.3636 1 0 0 0 0 0 1 0 0 0 0 0 1 1 1 4 3 9 3 5 7 9 1 

0 2 8 36 1 314 307 7 9 1 0 1 0 0 0 0 0 0 2 2 9 0.2500 17 8 0.0541 0.0255 1 0 8 -1.0000 0.4706 -0.1250 2 1 0 0 0 0 3 0 0 1 0 0 2 4 4 3 4 3 3 6 8 9 1 
0 2 8 36 1 314 307 7 9 1 0 1 0 0 1 0 0 0 3 2 8 0.2222 12 8 0.0382 0.0255 1 0 4 0 0.3333 0 1 2 0 0 0 0 3 0 0 1 0 0 2 4 3 4 3 7 3 6 8 9 1 
0 2 6 36 1 314 307 7 9 1 0 1 0 0 0 0 0 0 1 3 22 0.6111 24 12 0.0764 0.0382 1 0 2 -10.0000 0.0833 -0.8333 1 0 0 0 0 0 2 0 0 0 0 0 2 3 4 5 5 9 3 4 7 10 1 
0 2 7 36 1 314 307 7 9 1 0 1 0 0 0 0 0 0 1 3 12 0.3333 18 12 0.0573 0.0382 1 0 6 0 0.3333 0 1 0 0 0 0 0 2 0 0 0 0 0 2 2 3 2 3 3 3 4 7 10 1 
1 2 9 36 1 314 307 7 9 0 1 1 0 0 1 0 0 0 3 2 9 0.2500 12 17 0.0382 0.0541 1 1 3 8 0.2500 0.4706 2 1 0 0 0 0 3 0 0 0 0 0 2 2 3 1 2 1 2 4 4 4 1 
0 2 6 36 1 314 307 7 9 1 0 1 0 0 1 1 1 1 1 3 22 0.6111 25 12 0.0796 0.0382 1 0 3 -10.0000 0.1200 -0.8333 1 0 0 0 0 0 1 0 1 2 0 1 2 2 4 4 5 7 3 4 6 10 1 
0 2 8 36 1 314 307 7 9 1 0 0 1 0 0 0 0 0 3 1 4 0.1111 12 4 0.0382 0.0127 1 0 8 0 0.6667 0 1 0 0 0 0 0 1 0 0 0 0 2 2 4 3 7 3 8 4 7 9 11 1 
0 2 8 36 1 314 307 7 9 1 0 0 1 0 0 0 0 0 1 2 3 0.0833 28 19 0.0892 0.0605 1 1 25 16 0.8929 0.8421 1 0 0 0 0 0 1 0 0 0 0 0 2 2 4 2 4 2 4 5 6 5 1 
1 2 9 36 1 314 307 7 9 0 1 0 1 0 0 0 0 0 2 1 14 0.3889 19 22 0.0605 0.0701 1 1 5 8 0.2632 0.3636 1 0 0 0 0 0 1 0 0 0 0 0 1 1 1 4 3 9 3 5 7 9 1 

0 3 8 36 2 315 308 7 9 1 0 1 0 0 0 0 0 0 2 2 9 0.2500 17 8 0.0540 0.0254 1 0 8 -1.0000 0.4706 -0.1250 2 1 0 0 0 0 3 0 0 1 0 0 2 4 4 3 4 3 3 6 8 9 1 
0 3 8 36 2 315 308 7 9 1 0 1 0 0 1 0 0 0 3 2 8 0.2222 12 8 0.0381 0.0254 1 0 4 0 0.3333 0 1 2 0 0 0 0 3 0 0 1 0 0 2 4 3 4 3 7 3 6 8 9 1 
0 3 7 36 2 315 308 7 9 1 0 1 0 0 0 1 1 1 1 3 12 0.3333 18 12 0.0571 0.0381 1 0 6 0 0.3333 0 1 0 0 0 0 0 2 0 0 0 0 0 2 2 3 2 3 3 3 4 7 10 1 
1 3 9 36 2 315 308 7 9 0 1 1 0 0 1 0 0 0 3 2 9 0.2500 12 17 0.0381 0.0540 1 1 3 8 0.2500 0.4706 2 1 0 0 0 0 3 0 0 0 0 0 2 2 3 1 2 1 2 4 4 4 1 
0 3 6 36 2 315 308 7 9 1 0 1 0 0 1 1 1 1 1 3 22 0.6111 25 12 0.0794 0.0381 1 0 3 -10.0000 0.1200 -0.8333 1 0 0 0 0 0 1 0 1 2 0 1 2 2 4 4 5 7 3 4 6 10 1 
0 3 6 36 2 315 308 7 9 1 0 1 0 0 1 1 1 1 1 3 23 0.6389 25 12 0.0794 0.0381 1 0 2 -11.0000 0.0800 -0.9167 1 0 0 0 0 0 2 0 0 0 0 0 2 2 6 4 6 8 3 4 7 10 1 
0 3 8 36 2 315 308 7 9 1 0 0 1 0 1 0 0 0 3 1 4 0.1111 12 4 0.0381 0.0127 1 0 8 0 0.6667 0 1 0 0 0 0 0 1 0 0 0 0 2 2 4 3 7 3 8 4 7 9 11 1 
0 3 8 36 2 315 308 7 9 1 0 0 1 0 0 0 0 0 1 2 3 0.0833 28 19 0.0889 0.0603 1 1 25 16 0.8929 0.8421 1 0 0 0 0 0 1 0 0 0 0 0 2 2 4 2 4 2 4 5 6 5 1 
1 3 9 36 2 315 308 7 9 0 1 0 1 0 0 0 0 0 2 1 14 0.3889 19 22 0.0603 0.0698 1 1 5 8 0.2632 0.3636 1 0 0 0 0 0 1 0 0 0 0 0 1 1 1 4 3 9 3 5 7 9 1 

0 4 8 36 3 316 309 7 9 1 0 1 0 0 0 0 0 0 2 2 9 0.2500 17 8 0.0538 0.0253 1 0 8 -1.0000 0.4706 -0.1250 2 1 0 0 0 0 3 0 0 1 0 0 2 4 4 3 4 3 3 6 8 9 1 
0 4 8 36 3 316 309 7 9 1 0 1 0 0 2 0 0 0 3 2 8 0.2222 12 8 0.0380 0.0253 1 0 4 0 0.3333 0 1 2 0 0 0 0 3 0 0 1 0 0 2 4 3 4 3 7 3 6 8 9 1 
0 4 7 36 3 316 309 7 9 1 0 1 0 0 0 1 1 1 1 3 12 0.3333 18 12 0.0570 0.0380 1 0 6 0 0.3333 0 1 0 0 0 0 0 2 0 0 0 0 0 2 2 3 2 3 3 3 4 7 10 1 
1 4 9 36 3 316 309 7 9 0 1 1 0 0 2 0 0 0 3 2 9 0.2500 12 17 0.0380 0.0538 1 1 3 8 0.2500 0.4706 2 1 0 0 0 0 3 0 0 0 0 0 2 2 3 1 2 1 2 4 4 4 1 
0 4 6 36 3 316 309 7 9 1 0 1 0 0 1 1 1 1 1 3 23 0.6389 25 12 0.0791 0.0380 1 0 2 -11.0000 0.0800 -0.9167 1 0 0 0 0 0 2 0 0 0 0 0 2 2 6 4 6 8 3 4 7 10 1 
0 4 8 36 3 316 309 7 9 1 0 0 1 0 1 0 0 0 3 1 4 0.1111 12 4 0.0380 0.0127 1 0 8 0 0.6667 0 1 0 0 0 0 0 1 0 0 0 0 2 2 4 3 7 3 8 4 7 9 11 1 
0 4 8 36 3 316 309 7 9 1 0 0 1 0 0 0 0 0 1 2 3 0.0833 28 19 0.0886 0.0601 1 1 25 16 0.8929 0.8421 1 0 0 0 0 0 1 0 0 0 0 0 2 2 4 2 4 2 4 5 6 5 1 
1 4 9 36 3 316 309 7 9 0 1 0 1 0 0 0 0 0 2 1 14 0.3889 19 22 0.0601 0.0696 1 1 5 8 0.2632 0.3636 1 0 0 0 0 0 1 0 0 0 0 0 1 1 1 4 1 12 3 5 7 9 1 
0 4 6 36 3 316 309 7 9 1 0 0 1 0 2 2 2 2 1 3 23 0.6389 26 12 0.0823 0.0380 1 0 3 -11.0000 0.1154 -0.9167 1 0 0 0 0 0 1 0 1 2 0 1 2 2 4 4 5 7 3 4 6 10 1 

0 5 8 36 4 317 310 7 9 1 0 1 0 0 0 0 0 0 2 2 9 0.2500 17 8 0.0536 0.0252 1 0 8 -1.0000 0.4706 -0.1250 2 1 0 0 0 0 3 0 0 1 0 0 2 4 4 3 4 3 3 6 8 9 1 
0 5 8 36 4 317 310 7 9 1 0 1 0 0 2 0 0 0 3 2 8 0.2222 12 8 0.0379 0.0252 1 0 4 0 0.3333 0 1 2 0 0 0 0 3 0 0 1 0 0 2 4 3 4 3 7 3 6 8 9 1 
0 5 7 36 4 317 310 7 9 1 0 1 0 0 0 2 2 2 1 3 12 0.3333 18 12 0.0568 0.0379 1 0 6 0 0.3333 0 1 0 0 0 0 0 2 0 0 0 0 0 2 2 3 2 3 3 3 4 7 10 1 
1 5 9 36 4 317 310 7 9 0 1 1 0 0 2 0 0 0 3 2 9 0.2500 12 17 0.0379 0.0536 1 1 3 8 0.2500 0.4706 2 1 0 0 0 0 3 0 0 0 0 0 2 2 3 1 2 1 2 4 4 4 1 
0 5 8 36 4 317 310 7 9 1 0 0 1 0 2 0 0 0 3 1 4 0.1111 12 4 0.0379 0.0126 1 0 8 0 0.6667 0 1 0 0 0 0 0 1 0 0 0 0 2 2 4 3 7 3 8 4 7 9 11 1 
0 5 8 36 4 317 310 7 9 1 0 0 1 0 0 0 0 0 1 2 3 0.0833 28 19 0.0883 0.0599 1 1 25 16 0.8929 0.8421 1 0 0 0 0 0 1 0 0 0 0 0 2 2 4 2 4 2 4 5 6 5 1 
1 5 9 36 4 317 310 7 9 0 1 0 1 0 0 0 0 0 2 1 14 0.3889 19 22 0.0599 0.0694 1 1 5 8 0.2632 0.3636 1 0 0 0 0 0 1 0 0 0 0 0 1 1 1 4 1 12 3 5 7 9 1 
0 5 6 36 4 317 310 7 9 1 0 0 1 0 2 2 2 2 1 3 23 0.6389 26 12 0.0820 0.0379 1 0 3 -11.0000 0.1154 -0.9167 1 0 0 0 0 0 1 0 1 2 0 1 2 2 4 4 5 7 3 4 6 10 1 
0 5 6 36 4 317 310 7 9 1 0 0 1 0 2 2 2 2 1 3 24 0.6667 26 12 0.0820 0.0379 1 0 2 -12.0000 0.0769 -1.0000 1 0 0 0 0 0 2 0 0 0 0 0 2 2 4 7 4 10 3 4 7 10 1 

0 6 8 36 5 317 310 7 9 1 0 1 0 0 0 0 0 0 2 3 9 0.2500 17 8 0.0536 0.0252 1 0 8 -1.0000 0.4706 -0.1250 2 1 0 0 0 0 4 0 0 0 0 0 2 4 4 3 4 3 3 6 8 9 1 
0 6 8 36 5 317 310 7 9 1 0 1 0 0 3 0 0 0 2 3 8 0.2222 12 8 0.0379 0.0252 1 0 4 0 0.3333 0 1 2 0 0 0 0 4 0 0 0 0 0 2 4 3 4 3 7 3 6 8 9 1 
0 6 7 36 5 317 310 7 9 1 0 1 0 0 0 2 2 2 1 3 12 0.3333 18 12 0.0568 0.0379 1 0 6 0 0.3333 0 1 0 0 0 0 0 2 0 0 0 0 0 2 2 3 2 3 3 3 4 7 10 1 
1 6 9 36 5 317 310 7 9 0 1 1 0 0 3 0 0 0 2 2 9 0.2500 12 17 0.0379 0.0536 1 1 3 8 0.2500 0.4706 2 1 0 0 0 0 4 0 0 0 0 0 2 2 3 1 2 1 2 4 4 4 1 
0 6 6 36 5 317 310 7 9 1 0 1 0 0 3 0 0 0 1 3 22 0.6111 26 8 0.0820 0.0252 1 0 4 -14.0000 0.1538 -1.7500 1 0 0 0 0 0 4 0 0 0 0 0 2 2 4 3 6 8 3 6 8 9 1 
0 6 8 36 5 317 310 7 9 1 0 0 1 0 2 0 0 0 3 1 4 0.1111 12 4 0.0379 0.0126 1 0 8 0 0.6667 0 1 0 0 0 0 0 1 0 0 0 0 1 2 4 3 7 3 8 4 7 9 11 1 
0 6 8 36 5 317 310 7 9 1 0 0 1 0 0 0 0 0 1 2 3 0.0833 28 19 0.0883 0.0599 1 1 25 16 0.8929 0.8421 1 0 0 0 0 0 1 0 0 0 0 0 2 2 4 2 4 2 4 5 6 5 1 
1 6 9 36 5 317 310 7 9 0 1 0 1 0 0 0 0 0 2 1 14 0.3889 19 22 0.0599 0.0694 1 1 5 8 0.2632 0.3636 1 0 0 0 0 0 1 0 0 0 0 0 1 1 3 4 3 9 3 5 7 9 1 
0 6 6 36 5 317 310 7 9 1 0 0 1 0 2 2 2 2 1 3 24 0.6667 26 12 0.0820 0.0379 1 0 2 -12.0000 0.0769 -1.0000 1 0 0 0 0 0 2 0 0 0 0 0 2 2 4 7 4 10 3 4 7 10 1 

0 7 8 36 6 318 311 7 9 1 0 1 0 0 0 1 1 1 2 2 9 0.2500 17 8 0.0535 0.0252 1 0 8 -1.0000 0.4706 -0.1250 2 1 0 0 0 0 3 0 0 1 0 0 2 4 4 3 4 3 3 6 8 9 1 
0 7 8 36 6 318 311 7 9 1 0 1 0 0 3 1 1 1 3 2 8 0.2222 12 8 0.0377 0.0252 1 0 4 0 0.3333 0 1 2 0 0 0 0 3 0 0 1 0 0 2 4 3 4 3 7 3 6 8 9 1 
0 7 7 36 6 318 311 7 9 1 0 1 0 0 0 2 2 2 1 3 12 0.3333 18 12 0.0566 0.0377 1 0 6 0 0.3333 0 1 0 0 0 0 0 2 0 0 0 0 0 2 2 3 2 3 3 3 4 7 10 1 
1 7 9 36 6 318 311 7 9 0 1 1 0 0 3 0 1 0 3 2 9 0.2500 12 17 0.0377 0.0535 1 1 3 8 0.2500 0.4706 2 1 0 0 0 0 3 0 0 0 0 0 2 2 3 1 2 1 2 4 4 4 1 
0 7 8 36 6 318 311 7 9 1 0 0 1 0 2 0 0 0 3 1 4 0.1111 12 4 0.0377 0.0126 1 0 8 0 0.6667 0 1 0 0 0 0 0 1 0 0 0 0 2 2 4 3 7 3 8 4 7 9 11 1 
0 7 8 36 6 318 311 7 9 1 0 0 1 0 0 0 0 0 1 2 3 0.0833 28 19 0.0881 0.0597 1 1 25 16 0.8929 0.8421 1 0 0 0 0 0 1 0 0 0 0 0 2 2 4 2 4 2 4 5 6 5 1 
1 7 9 36 6 318 311 7 9 0 1 0 1 0 0 0 0 0 2 1 14 0.3889 19 22 0.0597 0.0692 1 1 5 8 0.2632 0.3636 1 0 0 0 0 0 1 0 0 0 0 0 1 1 1 4 1 9 3 5 7 9 1 
0 7 6 36 6 318 311 7 9 1 0 0 1 0 2 2 2 2 1 3 24 0.6667 26 12 0.0818 0.0377 1 0 2 -12.0000 0.0769 -1.0000 1 0 0 0 0 0 2 0 0 0 0 0 2 2 4 7 4 10 3 4 7 10 1 
0 7 6 36 6 318 311 7 9 1 0 0 1 0 4 3 3 3 1 3 24 0.6667 27 12 0.0849 0.0377 1 0 3 -12.0000 0.1111 -1.0000 1 0 0 0 0 0 1 0 1 2 0 1 2 2 4 4 5 7 3 4 6 10 1 

0 8 9 36 7 318 311 7 11 1 0 1 0 0 0 1 1 1 3 3 9 0.2500 17 8 0.0535 0.0252 1 0 8 -1.0000 0.4706 -0.1250 4 1 0 0 0 0 5 0 0 2 0 0 3 4 6 3 6 3 3 6 8 9 1 
0 8 10 36 7 318 311 7 11 1 0 1 0 0 3 1 1 1 4 3 8 0.2222 12 8 0.0377 0.0252 1 0 4 0 0.3333 0 1 4 0 0 0 0 5 0 0 2 0 0 2 6 3 6 3 9 3 6 8 9 1 
0 8 9 36 7 318 311 7 11 1 0 1 0 0 0 3 3 3 1 2 12 0.3333 18 12 0.0566 0.0377 1 0 6 0 0.3333 0 1 0 0 0 0 0 1 0 0 0 0 0 2 2 3 2 3 3 3 4 7 10 1 
1 8 11 36 7 318 311 7 11 0 1 1 0 0 3 0 1 0 4 3 9 0.2500 12 17 0.0377 0.0535 1 1 3 8 0.2500 0.4706 4 1 0 0 0 0 5 0 0 0 0 0 3 2 4 1 3 1 2 4 4 4 1 
0 8 9 36 7 318 311 7 11 1 0 1 0 0 3 1 1 1 3 3 9 0.2500 26 8 0.0818 0.0252 1 0 17 -1.0000 0.6538 -0.1250 4 1 0 0 0 0 5 0 0 2 0 0 3 4 6 3 6 3 3 6 8 9 1 
0 8 8 36 7 318 311 7 11 1 0 1 0 0 3 3 3 3 3 4 12 0.3333 26 12 0.0818 0.0377 1 0 14 0 0.5385 0 1 0 0 0 0 1 2 0 1 4 0 1 2 2 3 6 5 9 3 4 6 10 1 
0 8 9 36 7 318 311 7 11 1 0 1 0 0 3 0 1 1 3 3 9 0.2500 26 17 0.0818 0.0535 1 1 17 8 0.6538 0.4706 4 1 0 0 0 0 5 0 0 2 0 0 3 4 6 3 6 3 3 6 8 9 1 
0 8 10 36 7 318 311 7 11 1 0 0 1 0 3 0 0 0 2 1 4 0.1111 12 4 0.0377 0.0126 1 0 8 0 0.6667 0 1 0 0 0 0 0 1 0 0 0 0 3 2 4 3 7 3 8 4 7 9 11 1 
0 8 10 36 7 318 311 7 11 1 0 0 1 0 0 0 0 0 1 2 3 0.0833 28 19 0.0881 0.0597 1 1 25 16 0.8929 0.8421 1 0 0 0 0 0 1 0 0 0 0 0 2 2 4 2 4 2 4 5 6 5 1 
1 8 11 36 7 318 311 7 11 0 1 0 1 0 0 0 0 0 2 1 14 0.3889 19 22 0.0597 0.0692 1 1 5 8 0.2632 0.3636 1 0 0 0 0 0 1 0 0 0 0 0 1 1 1 4 1 9 3 5 7 9 1 
0 8 7 36 7 318 311 7 11 1 0 0 1 0 4 3 3 3 1 4 24 0.6667 27 12 0.0849 0.0377 1 0 3 -12.0000 0.1111 -1.0000 1 0 0 0 0 0 2 0 1 4 0 1 2 2 4 4 5 7 3 4 6 10 1 

0 9 9 36 8 318 311 7 11 1 0 1 0 0 0 1 1 1 3 4 9 0.2500 17 8 0.0535 0.0252 1 0 8 -1.0000 0.4706 -0.1250 4 1 0 0 0 0 6 0 0 1 0 0 3 4 6 3 6 3 3 6 8 9 1 
0 9 10 36 8 318 311 7 11 1 0 1 0 0 4 1 1 1 3 4 8 0.2222 12 8 0.0377 0.0252 1 0 4 0 0.3333 0 1 4 0 0 0 0 6 0 0 1 0 0 2 6 3 6 3 9 3 6 8 9 1 
0 9 9 36 8 318 311 7 11 1 0 1 0 0 0 3 3 3 1 2 12 0.3333 18 12 0.0566 0.0377 1 0 6 0 0.3333 0 1 0 0 0 0 0 1 0 0 0 0 0 2 2 3 2 3 3 3 4 7 10 1 
1 9 11 36 8 318 311 7 11 0 1 1 0 0 4 0 1 0 3 3 9 0.2500 12 17 0.0377 0.0535 1 1 3 8 0.2500 0.4706 4 1 0 0 0 0 6 0 0 0 0 0 3 2 4 1 3 1 2 4 4 4 1 
0 9 9 36 8 318 311 7 11 1 0 1 0 0 3 1 1 1 3 4 9 0.2500 26 8 0.0818 0.0252 1 0 17 -1.0000 0.6538 -0.1250 4 1 0 0 0 0 6 0 0 1 0 0 3 4 6 3 6 3 3 6 8 9 1 
0 9 8 36 8 318 311 7 11 1 0 1 0 0 3 4 4 4 3 3 12 0.3333 26 12 0.0818 0.0377 1 0 14 0 0.5385 0 1 0 0 0 0 1 1 0 1 5 0 1 2 2 3 6 5 9 3 4 6 10 1 
0 9 9 36 8 318 311 7 11 1 0 1 0 0 3 0 1 1 3 3 9 0.2500 26 17 0.0818 0.0535 1 1 17 8 0.6538 0.4706 4 1 0 0 0 0 6 0 0 1 0 0 3 4 6 3 6 3 3 6 8 9 1 
0 9 7 36 8 318 311 7 11 1 0 1 0 0 5 1 1 1 1 4 23 0.6389 27 8 0.0849 0.0252 1 0 4 -15.0000 0.1481 -1.8750 1 0 0 0 0 0 6 0 0 1 0 0 2 2 4 3 6 6 3 6 8 9 1 
0 9 10 36 8 318 311 7 11 1 0 0 1 0 3 0 0 0 2 1 4 0.1111 12 4 0.0377 0.0126 1 0 8 0 0.6667 0 1 0 0 0 0 0 1 0 0 0 0 2 2 4 3 7 3 8 4 7 9 11 1 
0 9 10 36 8 318 311 7 11 1 0 0 1 0 0 0 0 0 1 2 3 0.0833 28 19 0.0881 0.0597 1 1 25 16 0.8929 0.8421 1 0 0 0 0 0 1 0 0 0 0 0 2 2 4 2 4 2 4 5 6 5 1 
1 9 11 36 8 318 311 7 11 0 1 0 1 0 0 0 0 0 2 1 14 0.3889 19 22 0.0597 0.0692 1 1 5 8 0.2632 0.3636 1 0 0 0 0 0 1 0 0 0 0 0 1 1 3 4 3 9 3 5 7 9 1 

0 10 8 36 9 319 312 7 10 1 0 1 0 0 0 2 2 2 3 3 9 0.2500 17 8 0.0533 0.0251 1 0 8 -1.0000 0.4706 -0.1250 4 1 0 0 0 0 5 0 0 1 0 0 3 4 6 3 6 3 3 6 8 9 1 
0 10 9 36 9 319 312 7 10 1 0 1 0 0 4 2 2 2 3 3 8 0.2222 12 8 0.0376 0.0251 1 0 4 0 0.3333 0 1 4 0 0 0 0 5 0 0 1 0 0 2 6 3 6 3 9 3 6 8 9 1 
0 10 8 36 9 319 312 7 10 1 0 1 0 0 0 3 3 3 1 2 12 0.3333 18 12 0.0564 0.0376 1 0 6 0 0.3333 0 1 0 0 0 0 0 1 0 0 0 0 0 2 2 3 2 3 3 3 4 7 10 1 
1 10 10 36 9 319 312 7 10 0 1 1 0 0 4 0 2 0 3 3 9 0.2500 12 17 0.0376 0.0533 1 1 3 8 0.2500 0.4706 4 1 0 0 0 0 5 0 0 0 0 0 3 2 4 1 3 1 2 4 4 4 1 
0 10 8 36 9 319 312 7 10 1 0 1 0 0 3 2 2 2 3 3 9 0.2500 26 8 0.0815 0.0251 1 0 17 -1.0000 0.6538 -0.1250 4 1 0 0 0 0 5 0 0 1 0 0 3 4 6 3 6 3 3 6 8 9 1 
0 10 7 36 9 319 312 7 10 1 0 1 0 0 3 4 4 4 3 3 12 0.3333 26 12 0.0815 0.0376 1 0 14 0 0.5385 0 1 0 0 0 0 1 1 0 1 4 0 1 2 2 3 6 5 9 3 4 6 10 1 
0 10 8 36 9 319 312 7 10 1 0 1 0 0 3 0 2 2 3 3 9 0.2500 26 17 0.0815 0.0533 1 1 17 8 0.6538 0.4706 4 1 0 0 0 0 5 0 0 1 0 0 3 4 6 3 6 3 3 6 8 9 1 
0 10 9 36 9 319 312 7 10 1 0 0 1 0 3 0 0 0 2 1 4 0.1111 12 4 0.0376 0.0125 1 0 8 0 0.6667 0 1 0 0 0 0 0 1 0 0 0 0 2 2 4 3 7 3 8 4 7 9 11 1 
0 10 9 36 9 319 312 7 10 1 0 0 1 0 0 0 0 0 1 2 3 0.0833 28 19 0.0878 0.0596 1 1 25 16 0.8929 0.8421 1 0 0 0 0 0 1 0 0 0 0 0 2 2 4 2 4 2 4 5 6 5 1 
1 10 10 36 9 319 312 7 10 0 1 0 1 0 0 0 0 0 2 1 14 0.3889 19 22 0.0596 0.0690 1 1 5 8 0.2632 0.3636 1 0 0 0 0 0 1 0 0 0 0 0 1 1 1 4 3 9 3 5 7 9 1 

0 11 6 36 10 320 314 6 7 1 0 1 0 0 0 2 2 2 2 2 9 0.2500 17 8 0.0531 0.0250 1 0 8 -1.0000 0.4706 -0.1250 3 0 0 0 0 0 3 0 0 0 0 0 3 2 6 1 6 1 3 6 8 9 1 
0 11 5 36 10 320 314 6 7 1 0 1 0 0 0 3 3 3 1 2 12 0.3333 18 12 0.0563 0.0375 1 0 6 0 0.3333 0 1 0 0 0 0 0 1 0 0 0 0 0 2 2 3 2 3 3 3 4 7 10 1 
0 11 6 36 10 320 314 6 7 1 0 1 0 0 4 2 2 2 2 2 9 0.2500 26 8 0.0813 0.0250 1 0 17 -1.0000 0.6538 -0.1250 3 0 0 0 0 0 3 0 0 0 0 0 3 2 6 1 6 1 3 6 8 9 1 
0 11 6 36 10 320 314 6 7 1 0 1 0 0 4 0 2 2 2 2 9 0.2500 26 17 0.0813 0.0531 1 1 17 8 0.6538 0.4706 3 0 0 0 0 0 3 0 0 0 0 0 3 2 6 1 6 1 3 6 8 9 1 
0 11 6 36 10 320 314 6 7 1 0 0 1 0 3 0 0 0 2 1 4 0.1111 12 4 0.0375 0.0125 1 0 8 0 0.6667 0 1 0 0 0 0 0 1 0 0 0 0 0 2 4 3 7 3 8 4 7 9 11 1 
0 11 6 36 10 320 314 6 7 1 0 0 1 0 0 0 0 0 1 2 3 0.0833 28 19 0.0875 0.0594 1 1 25 16 0.8929 0.8421 1 0 0 0 0 0 1 0 0 0 0 0 2 2 4 2 4 2 4 5 6 5 1 
1 11 7 36 10 320 314 6 7 0 1 0 1 0 0 0 0 0 2 1 14 0.3889 19 22 0.0594 0.0688 1 1 5 8 0.2632 0.3636 1 0 0 0 0 0 1 0 0 0 0 0 1 1 1 4 3 9 3 5 7 9 1 

0 12 7 36 10 320 313 7 8 1 0 1 0 0 0 2 2 2 2 2 9 0.2500 17 8 0.0531 0.0250 1 0 8 -1.0000 0.4706 -0.1250 2 1 0 0 0 0 3 0 0 0 0 0 2 4 4 3 4 3 3 6 8 9 1 
0 12 7 36 10 320 313 7 8 1 0 1 0 0 5 2 2 2 2 2 8 0.2222 12 8 0.0375 0.0250 1 0 4 0 0.3333 0 1 2 0 0 0 0 3 0 0 0 0 0 2 4 3 4 3 7 3 6 8 9 1 
0 12 6 36 10 320 313 7 8 1 0 1 0 0 0 3 3 3 1 3 12 0.3333 18 12 0.0563 0.0375 1 0 6 0 0.3333 0 1 0 0 0 0 0 2 0 0 0 0 0 2 2 3 2 3 3 3 4 7 10 1 
1 12 8 36 10 320 313 7 8 0 1 1 0 0 5 0 2 0 2 2 9 0.2500 12 17 0.0375 0.0531 1 1 3 8 0.2500 0.4706 2 1 0 0 0 0 3 0 0 0 0 0 2 2 3 1 2 1 2 4 4 4 1 
0 12 7 36 10 320 313 7 8 1 0 0 1 0 3 0 0 0 3 1 4 0.1111 12 4 0.0375 0.0125 1 0 8 0 0.6667 0 1 0 0 0 0 0 1 0 0 0 0 1 2 4 3 7 3 8 4 7 9 11 1 
0 12 7 36 10 320 313 7 8 1 0 0 1 0 0 0 0 0 1 2 3 0.0833 28 19 0.0875 0.0594 1 1 25 16 0.8929 0.8421 1 0 0 0 0 0 1 0 0 0 0 0 2 2 4 2 4 2 4 5 6 5 1 
1 12 8 36 10 320 313 7 8 0 1 0 1 0 0 0 0 0 2 1 14 0.3889 19 22 0.0594 0.0688 1 1 5 8 0.2632 0.3636 1 0 0 0 0 0 1 0 0 0 0 0 1 1 1 4 3 9 3 5 7 9 1 
0 12 5 36 10 320 313 7 8 1 0 0 1 0 4 3 3 3 1 3 25 0.6944 27 12 0.0844 0.0375 1 0 2 -13.0000 0.0741 -1.0833 1 0 0 0 0 0 2 0 0 0 0 0 2 2 4 4 8 9 3 4 7 10 1 

0 13 4 36 11 320 316 4 5 1 0 1 0 0 0 2 2 2 2 2 9 0.2500 17 8 0.0531 0.0250 1 0 8 -1.0000 0.4706 -0.1250 3 0 0 0 0 0 3 0 0 0 0 0 3 2 6 1 6 1 3 6 8 9 1 
0 13 4 36 11 320 316 4 5 1 0 1 0 0 4 2 2 2 2 2 9 0.2500 26 8 0.0813 0.0250 1 0 17 -1.0000 0.6538 -0.1250 3 0 0 0 0 0 3 0 0 0 0 0 3 2 6 1 6 1 3 6 8 9 1 
0 13 4 36 11 320 316 4 5 1 0 1 0 0 4 0 2 2 2 2 9 0.2500 26 17 0.0813 0.0531 1 1 17 8 0.6538 0.4706 3 0 0 0 0 0 3 0 0 0 0 0 3 2 6 1 6 1 3 6 8 9 1 
0 13 4 36 11 320 316 4 5 1 0 0 1 0 0 0 0 0 1 2 3 0.0833 28 19 0.0875 0.0594 1 1 25 16 0.8929 0.8421 1 0 0 0 0 0 1 0 0 0 0 0 2 2 4 2 4 2 4 5 6 5 1 
1 13 5 36 11 320 316 4 5 0 1 0 1 0 0 0 0 0 2 1 14 0.3889 19 22 0.0594 0.0688 1 1 5 8 0.2632 0.3636 1 0 0 0 0 0 1 0 0 0 0 0 1 1 1 4 3 9 3 5 7 9 1 

0 14 3 36 12 321 319 2 4 1 0 1 0 0 4 1 3 3 2 1 9 0.2500 26 17 0.0810 0.0530 1 1 17 8 0.6538 0.4706 1 1 0 0 0 0 2 0 0 0 0 0 2 2 5 2 5 2 3 6 8 9 1 
0 14 3 36 12 321 319 2 4 1 0 0 1 0 0 0 0 0 1 2 3 0.0833 28 19 0.0872 0.0592 1 1 25 16 0.8929 0.8421 1 0 0 0 0 0 1 0 0 0 0 0 2 2 4 2 4 2 4 5 6 5 1 
1 14 4 36 12 321 319 2 4 0 1 0 1 0 0 0 0 0 2 1 14 0.3889 19 22 0.0592 0.0685 1 1 5 8 0.2632 0.3636 1 0 0 0 0 0 1 0 0 0 0 0 1 1 1 4 3 9 3 5 7 9 1 
0 14 3 36 12 321 319 2 4 0 1 0 1 0 3 4 0 3 1 2 10 0.2778 11 26 0.0343 0.0810 1 1 1 16 0.0909 0.6154 1 0 0 0 0 0 1 0 0 0 0 0 1 0 1 0 1 5 2 4 5 6 1 

0 15 4 36 12 321 317 4 5 1 0 1 0 0 4 3 3 3 2 2 9 0.2500 26 8 0.0810 0.0249 1 0 17 -1.0000 0.6538 -0.1250 1 2 0 0 0 0 3 0 0 0 0 0 2 4 5 2 5 2 3 6 8 9 1 
0 15 3 36 12 321 317 4 5 1 0 1 0 0 1 3 3 3 2 2 10 0.2778 18 8 0.0561 0.0249 1 0 8 -2.0000 0.4444 -0.2500 2 1 0 0 0 0 3 0 0 0 0 0 2 4 4 5 2 5 3 6 8 9 1 
0 15 4 36 12 321 317 4 5 0 1 1 0 0 1 4 0 3 2 2 10 0.2778 18 26 0.0561 0.0810 1 1 8 16 0.4444 0.6154 1 0 0 0 0 0 1 0 0 0 0 0 1 0 1 0 1 5 2 4 5 6 1 
0 15 4 36 12 321 317 4 5 1 0 0 1 0 0 0 0 0 1 2 3 0.0833 28 19 0.0872 0.0592 1 1 25 16 0.8929 0.8421 1 0 0 0 0 0 1 0 0 0 0 0 2 2 4 2 4 2 4 5 6 5 1 
1 15 5 36 12 321 317 4 5 0 1 0 1 0 0 0 0 0 2 1 14 0.3889 19 22 0.0592 0.0685 1 1 5 8 0.2632 0.3636 1 0 0 0 0 0 1 0 0 0 0 0 1 1 1 4 3 9 3 5 7 9 1 

0 16 6 36 11 322 315 7 7 1 0 1 0 0 1 3 3 3 2 2 9 0.2500 17 8 0.0528 0.0248 1 0 8 -1.0000 0.4706 -0.1250 3 0 0 0 0 0 3 0 0 0 0 0 3 2 6 1 6 1 3 6 8 9 1 
0 16 6 36 11 322 315 7 7 1 0 1 0 0 4 3 3 3 2 2 9 0.2500 26 8 0.0807 0.0248 1 0 17 -1.0000 0.6538 -0.1250 3 0 0 0 0 0 3 0 0 0 0 0 3 2 6 1 6 1 3 6 8 9 1 
0 16 6 36 11 322 315 7 7 1 0 1 0 0 4 1 3 3 2 2 9 0.2500 26 17 0.0807 0.0528 1 1 17 8 0.6538 0.4706 3 0 0 0 0 0 3 0 0 0 0 0 3 2 6 1 6 1 3 6 8 9 1 
0 16 5 36 11 322 315 7 7 1 0 1 0 0 1 4 4 4 1 2 13 0.3611 19 12 0.0590 0.0373 1 0 6 -1.0000 0.3158 -0.0833 1 0 0 0 0 0 1 0 0 0 0 0 2 2 4 2 3 3 3 4 7 10 1 
0 16 6 36 11 322 315 7 7 1 0 0 1 0 4 0 0 0 2 1 4 0.1111 12 4 0.0373 0.0124 1 0 8 0 0.6667 0 1 0 0 0 0 0 1 0 0 0 0 0 2 4 3 7 3 8 4 7 9 11 1 
0 16 6 36 11 322 315 7 7 1 0 0 1 0 0 0 0 0 1 2 3 0.0833 28 19 0.0870 0.0590 1 1 25 16 0.8929 0.8421 1 0 0 0 0 0 1 0 0 0 0 0 2 2 4 2 4 2 4 5 6 5 1 
1 16 7 36 11 322 315 7 7 0 1 0 1 0 0 0 0 0 2 1 14 0.3889 19 22 0.0590 0.0683 1 1 5 8 0.2632 0.3636 1 0 0 0 0 0 1 0 0 0 0 0 1 1 1 4 3 9 3 5 7 9 1 

0 17 10 36 11 320 313 7 11 1 0 1 0 0 1 3 3 3 2 3 9 0.2500 17 8 0.0531 0.0250 1 0 8 -1.0000 0.4706 -0.1250 2 2 0 0 0 0 4 0 0 1 1 0 2 6 4 5 4 5 3 6 8 9 1 
0 17 10 36 11 320 313 7 11 1 0 1 0 0 5 3 3 3 3 3 8 0.2222 12 8 0.0375 0.0250 1 0 4 0 0.3333 0 1 2 1 0 0 0 4 0 0 1 1 0 2 4 6 4 5 7 3 6 8 9 1 
0 17 9 36 11 320 313 7 11 1 0 1 0 0 1 5 5 5 1 2 12 0.3333 18 12 0.0563 0.0375 1 0 6 0 0.3333 0 1 0 0 0 0 0 1 0 0 0 0 0 2 2 3 2 3 3 3 4 7 10 1 
1 17 11 36 11 320 313 7 11 0 1 1 0 0 5 1 3 0 3 2 9 0.2500 12 17 0.0375 0.0531 1 1 3 8 0.2500 0.4706 2 2 0 0 0 0 4 0 0 0 0 0 2 4 3 2 2 2 2 4 4 4 1 
0 17 8 36 11 320 313 7 11 1 0 1 0 0 5 5 5 5 4 3 13 0.3611 27 12 0.0844 0.0375 1 0 14 -1.0000 0.5185 -0.0833 1 0 1 0 0 0 1 1 1 3 0 2 2 2 6 2 9 6 3 4 6 10 1 
0 17 10 36 11 320 313 7 11 1 0 0 1 0 5 0 0 0 2 1 4 0.1111 12 4 0.0375 0.0125 1 0 8 0 0.6667 0 1 0 0 0 0 0 1 0 0 0 0 2 2 4 3 7 3 8 4 7 9 11 1 
0 17 10 36 11 320 313 7 11 1 0 0 1 0 0 0 0 0 1 2 3 0.0833 28 19 0.0875 0.0594 1 1 25 16 0.8929 0.8421 1 0 0 0 0 0 1 0 0 0 0 0 2 2 4 2 4 2 4 5 6 5 1 
1 17 11 36 11 320 313 7 11 0 1 0 1 0 0 0 0 0 2 1 14 0.3889 19 22 0.0594 0.0688 1 1 5 8 0.2632 0.3636 1 0 0 0 0 0 1 0 0 0 0 0 1 1 1 4 3 9 3 5 7 9 1 
0 17 8 36 11 320 313 7 11 1 0 0 1 0 5 3 3 3 4 3 10 0.2778 27 8 0.0844 0.0250 1 0 17 -2.0000 0.6296 -0.2500 1 2 1 0 0 0 4 0 0 1 1 0 2 4 7 4 5 5 3 6 8 9 1 
0 17 8 36 11 320 313 7 11 1 0 0 1 0 5 6 0 0 4 1 18 0.5000 27 28 0.0844 0.0875 1 1 9 10 0.3333 0.3571 1 0 0 0 0 0 1 0 0 0 1 1 2 0 4 4 10 5 3 5 9 12 1 
1 17 11 36 11 320 313 7 11 1 0 0 0 1 5 0 0 0 4 1 14 0.3889 27 37 0.0844 0.1156 1 1 13 23 0.4815 0.6216 1 0 1 0 0 0 1 1 0 1 4 0 2 1 6 3 9 6 3 5 7 10 1 

0 18 7 36 12 321 314 7 8 1 0 1 0 0 1 3 3 3 2 2 9 0.2500 17 8 0.0530 0.0249 1 0 8 -1.0000 0.4706 -0.1250 2 1 0 0 0 0 3 0 0 0 0 0 2 4 4 3 4 3 3 6 8 9 1 
0 18 7 36 12 321 314 7 8 1 0 1 0 0 6 3 3 3 2 2 8 0.2222 12 8 0.0374 0.0249 1 0 4 0 0.3333 0 1 2 0 0 0 0 3 0 0 0 0 0 2 4 3 4 3 7 3 6 8 9 1 
0 18 6 36 12 321 314 7 8 1 0 1 0 0 1 5 5 5 1 3 12 0.3333 18 12 0.0561 0.0374 1 0 6 0 0.3333 0 1 0 0 0 0 0 2 0 0 0 0 0 2 2 3 2 3 3 3 4 7 10 1 
1 18 8 36 12 321 314 7 8 0 1 1 0 0 6 1 3 0 2 2 9 0.2500 12 17 0.0374 0.0530 1 1 3 8 0.2500 0.4706 2 1 0 0 0 0 3 0 0 0 0 0 2 2 3 1 2 1 2 4 4 4 1 
0 18 7 36 12 321 314 7 8 1 0 0 1 0 5 0 0 0 3 1 4 0.1111 12 4 0.0374 0.0125 1 0 8 0 0.6667 0 1 0 0 0 0 0 1 0 0 0 0 1 2 4 3 7 3 8 4 7 9 11 1 
0 18 7 36 12 321 314 7 8 1 0 0 1 0 0 0 0 0 1 2 3 0.0833 28 19 0.0872 0.0592 1 1 25 16 0.8929 0.8421 1 0 0 0 0 0 1 0 0 0 0 0 2 2 4 2 4 2 4 5 6 5 1 
1 18 8 36 12 321 314 7 8 0 1 0 1 0 0 0 0 0 2 1 14 0.3889 19 22 0.0592 0.0685 1 1 5 8 0.2632 0.3636 1 0 0 0 0 0 1 0 0 0 0 0 1 1 1 4 3 9 3 5 7 9 1 
0 18 5 36 12 321 314 7 8 1 0 0 1 0 6 5 5 5 1 3 26 0.7222 28 12 0.0872 0.0374 1 0 2 -14.0000 0.0714 -1.1667 1 0 0 0 0 0 2 0 0 0 0 0 2 2 4 4 5 13 3 4 7 10 1 

0 19 2 36 13 321 320 1 3 1 0 0 1 0 0 0 0 0 1 2 3 0.0833 28 19 0.0872 0.0592 1 1 25 16 0.8929 0.8421 1 0 0 0 0 0 1 0 0 0 0 0 2 2 4 2 4 2 4 5 6 5 1 
1 19 3 36 13 321 320 1 3 0 1 0 1 0 0 0 0 0 2 1 14 0.3889 19 22 0.0592 0.0685 1 1 5 8 0.2632 0.3636 1 0 0 0 0 0 1 0 0 0 0 0 1 1 1 4 3 9 3 5 7 9 1 
0 19 2 36 13 321 320 1 3 1 0 0 1 0 7 5 5 5 1 1 25 0.6944 27 14 0.0841 0.0436 1 0 2 -11.0000 0.0741 -0.7857 1 0 0 0 0 0 1 0 0 0 0 0 2 2 4 4 8 9 3 4 7 10 1 

1 20 2 36 14 321 321 0 2 0 1 0 1 0 1 0 0 0 1 1 14 0.3889 19 22 0.0592 0.0685 1 1 5 8 0.2632 0.3636 1 0 0 0 0 0 1 0 0 0 0 0 1 0 3 2 4 7 3 5 7 9 1 
0 20 1 36 14 321 321 0 2 1 0 0 1 0 7 5 5 5 1 1 25 0.6944 27 14 0.0841 0.0436 1 0 2 -11.0000 0.0741 -0.7857 1 0 0 0 0 0 1 0 0 0 0 0 2 2 4 4 8 9 3 4 7 10 1 

0 21 1 36 14 321 320 1 4 0 1 1 0 0 1 0 0 0 3 1 14 0.3889 19 22 0.0592 0.0685 1 1 5 8 0.2632 0.3636 1 0 0 0 0 0 1 0 0 0 0 0 1 1 1 4 3 9 3 5 7 9 1 
1 21 3 36 14 321 320 1 4 1 0 0 1 0 8 6 6 6 1 1 25 0.6944 27 14 0.0841 0.0436 1 0 2 -11.0000 0.0741 -0.7857 1 0 0 0 0 0 1 0 0 0 0 0 2 2 4 4 8 9 3 4 7 10 1 
0 21 1 36 14 321 320 1 4 1 0 0 1 0 1 1 0 0 3 2 5 0.1389 19 28 0.0592 0.0872 1 1 14 23 0.7368 0.8214 1 0 1 0 0 0 1 1 0 0 0 0 2 2 4 2 4 2 3 4 7 7 1 
0 21 1 36 14 321 320 1 4 1 0 0 1 0 1 1 0 0 3 2 6 0.1667 19 28 0.0592 0.0872 1 1 13 22 0.6842 0.7857 1 0 1 0 0 0 1 1 0 0 0 0 2 2 4 2 4 2 3 6 6 8 1 

0 22 1 36 16 322 321 1 4 1 0 1 0 0 9 6 6 6 4 1 13 0.3611 27 14 0.0839 0.0435 1 1 14 1 0.5185 0.0714 1 0 1 0 0 0 1 1 0 1 0 1 2 1 6 2 9 6 3 4 6 10 1 
0 22 1 36 16 322 321 1 4 1 0 1 0 0 9 3 4 4 4 1 10 0.2778 27 11 0.0839 0.0342 1 1 17 1 0.6296 0.0909 1 0 0 0 0 0 1 0 0 1 1 0 2 3 4 3 4 3 3 6 8 9 1 
0 22 1 36 16 322 321 1 4 1 0 0 1 0 9 6 0 0 4 1 18 0.5000 27 28 0.0839 0.0870 1 1 9 10 0.3333 0.3571 1 0 0 0 0 0 1 0 0 0 1 1 2 0 4 4 10 5 3 5 9 12 1 
1 22 4 36 16 322 321 1 4 1 0 0 0 1 9 0 0 0 4 1 14 0.3889 27 37 0.0839 0.1149 1 1 13 23 0.4815 0.6216 1 0 1 0 0 0 1 1 0 0 2 0 2 1 6 2 10 6 3 5 7 10 1 

0 23 1 36 15 322 321 1 4 1 0 1 0 0 1 2 0.5000 0.5000 1 3 14 0.3889 23 19 0.0714 0.0590 1 1 9 5 0.3913 0.2632 1 0 0 0 0 0 1 0 0 0 0 0 2 1 7 1 7 3 3 6 9 12 1 
1 23 3 36 15 322 321 1 4 1 0 0 1 0 9 7 7 7 1 1 25 0.6944 27 14 0.0839 0.0435 1 0 2 -11.0000 0.0741 -0.7857 1 0 0 0 0 0 1 0 0 0 0 0 2 2 4 4 8 9 3 4 7 10 1 
0 23 1 36 15 322 321 1 4 1 0 0 1 0 2 1 0 0 3 2 5 0.1389 19 28 0.0590 0.0870 1 1 14 23 0.7368 0.8214 1 0 1 0 0 0 1 1 0 0 0 0 2 2 4 2 4 2 3 4 7 7 1 
0 23 1 36 15 322 321 1 4 1 0 0 1 0 2 1 0 0 3 2 6 0.1667 19 28 0.0590 0.0870 1 1 13 22 0.6842 0.7857 1 0 1 0 0 0 1 1 0 0 0 0 2 2 4 2 4 2 3 6 6 8 1 

0 24 4 36 13 321 318 3 5 1 0 1 0 0 9 4 5 5 2 2 9 0.2500 26 8 0.0810 0.0249 1 0 17 -1.0000 0.6538 -0.1250 1 0 2 0 0 0 2 1 0 0 0 0 2 3 6 2 5 2 3 6 8 9 1 
0 24 3 36 13 321 318 3 5 1 0 1 0 0 3 4 5 5 2 2 11 0.3056 19 8 0.0592 0.0249 1 0 8 -3.0000 0.4211 -0.3750 1 0 2 0 0 0 2 1 0 0 0 0 2 2 7 3 5 5 3 6 8 9 1 
0 24 4 36 13 321 318 3 5 1 0 1 0 0 3 9 0 0 2 2 10 0.2778 19 26 0.0592 0.0810 1 1 9 16 0.4737 0.6154 1 0 2 0 0 0 1 2 0 0 0 0 2 2 5 3 6 7 3 6 9 10 1 
0 24 4 36 13 321 318 3 5 1 0 0 1 0 1 2 1 1 1 2 3 0.0833 28 19 0.0872 0.0592 1 1 25 16 0.8929 0.8421 1 0 0 0 0 0 1 0 0 0 0 0 2 2 4 2 4 2 4 5 6 5 1 
1 24 5 36 13 321 318 3 5 0 1 0 1 0 2 1 0.5000 0.5000 2 1 14 0.3889 19 22 0.0592 0.0685 1 1 5 8 0.2632 0.3636 1 0 0 0 0 0 1 0 0 0 0 0 1 1 1 4 3 9 3 5 7 9 1 

0 25 3 36 14 321 319 2 4 1 0 1 0 0 9 5 6 6 1 2 9 0.2500 26 8 0.0810 0.0249 1 0 17 -1.0000 0.6538 -0.1250 1 0 0 1 0 0 2 0 0 0 0 0 2 2 5 4 5 2 3 6 8 9 1 
0 25 2 36 14 321 319 2 4 1 0 1 0 0 4 5 6 6 1 2 12 0.3333 20 8 0.0623 0.0249 1 0 8 -4.0000 0.4000 -0.5000 1 0 0 1 0 0 2 0 0 0 0 0 2 2 4 6 6 6 3 6 8 9 1 
0 25 3 36 14 321 319 2 4 1 0 0 1 0 1 2 1 1 1 2 3 0.0833 28 19 0.0872 0.0592 1 1 25 16 0.8929 0.8421 1 0 0 0 0 0 1 0 0 0 0 0 2 2 4 2 4 2 4 5 6 5 1 
1 25 4 36 14 321 319 2 4 0 1 0 1 0 2 1 0.5000 0.5000 2 1 14 0.3889 19 22 0.0592 0.0685 1 1 5 8 0.2632 0.3636 1 0 0 0 0 0 1 0 0 0 0 0 1 1 1 4 3 9 3 5 7 9 1 

0 26 3 36 15 322 320 2 4 1 0 1 0 0 9 6 7 7 1 2 9 0.2500 26 8 0.0807 0.0248 1 0 17 -1.0000 0.6538 -0.1250 1 0 0 0 1 0 2 0 0 0 0 0 2 2 4 4 6 2 3 6 8 9 1 
0 26 3 36 15 322 320 2 4 1 0 0 1 0 1 2 1 1 1 2 3 0.0833 28 19 0.0870 0.0590 1 1 25 16 0.8929 0.8421 1 0 0 0 0 0 1 0 0 0 0 0 2 2 4 2 4 2 4 5 6 5 1 
1 26 4 36 15 322 320 2 4 0 1 0 1 0 2 1 0.5000 0.5000 2 1 14 0.3889 19 22 0.0590 0.0683 1 1 5 8 0.2632 0.3636 1 0 0 0 0 0 1 0 0 0 0 0 1 1 1 4 3 9 3 5 7 9 1 
0 26 2 36 15 322 320 2 4 1 0 0 1 0 5 6 7 7 1 2 13 0.3611 21 8 0.0652 0.0248 1 0 8 -5.0000 0.3810 -0.6250 1 0 0 0 1 0 2 0 0 0 0 0 2 2 4 4 9 7 3 6 8 9 1 

0 27 2 36 15 322 321 1 5 1 0 1 0 0 9 6 6 6 4 1 13 0.3611 27 14 0.0839 0.0435 1 1 14 1 0.5185 0.0714 1 0 1 0 0 0 1 1 0 1 0 1 2 1 6 2 9 6 3 4 6 10 1 
0 27 2 36 15 322 321 1 5 1 0 1 0 0 9 6 7 7 4 1 10 0.2778 27 11 0.0839 0.0342 1 1 17 1 0.6296 0.0909 1 0 0 0 0 0 1 0 0 1 1 0 2 3 4 3 4 3 3 6 8 9 1 
1 27 5 36 15 322 321 1 5 0 1 0 1 0 2 1 0.5000 0.5000 1 1 14 0.3889 19 22 0.0590 0.0683 1 1 5 8 0.2632 0.3636 1 0 0 0 0 0 1 0 0 0 0 0 1 0 3 2 4 7 3 5 7 9 1 
0 27 2 36 15 322 321 1 5 1 0 0 1 0 9 6 0 0 4 1 18 0.5000 27 28 0.0839 0.0870 1 1 9 10 0.3333 0.3571 1 0 0 0 0 0 1 0 0 0 1 1 2 0 4 4 10 5 3 5 9 12 1 
1 27 5 36 15 322 321 1 5 1 0 0 0 1 9 0 0 0 4 1 14 0.3889 27 37 0.0839 0.1149 1 1 13 23 0.4815 0.6216 1 0 1 0 0 0 1 1 0 0 2 0 2 1 6 2 10 6 3 5 7 10 1 

0 28 3 36 13 322 320 2 6 1 0 1 0 0 5 6 7 7 3 3 10 0.2778 18 11 0.0559 0.0342 1 1 8 1 0.4444 0.0909 3 0 1 0 0 0 3 1 0 0 0 0 2 3 4 4 3 4 3 6 8 9 1 
0 28 5 36 13 322 320 2 6 0 1 1 0 0 5 9 0 7 3 2 10 0.2778 18 26 0.0559 0.0807 1 1 8 16 0.4444 0.6154 2 1 0 0 0 0 3 0 0 0 0 0 1 0 1 0 1 5 2 4 5 6 1 
0 28 5 36 13 322 320 2 6 1 0 0 1 0 1 2 1 1 1 2 3 0.0833 28 19 0.0870 0.0590 1 1 25 16 0.8929 0.8421 1 0 0 0 0 0 1 0 0 0 0 0 2 2 4 2 4 2 4 5 6 5 1 
1 28 6 36 13 322 320 2 6 0 1 0 1 0 2 1 0.5000 0.5000 2 1 14 0.3889 19 22 0.0590 0.0683 1 1 5 8 0.2632 0.3636 1 0 0 0 0 0 1 0 0 0 0 0 1 1 1 4 3 9 3 5 7 9 1 
0 28 4 36 13 322 320 2 6 0 1 0 1 0 6 9 0 7 3 2 10 0.2778 11 26 0.0342 0.0807 1 1 1 16 0.0909 0.6154 2 1 0 0 0 0 3 0 0 0 0 0 1 0 1 0 1 5 2 4 5 6 1 
0 28 4 36 13 322 320 2 6 1 0 0 1 0 5 6 0 0 3 3 9 0.2500 18 11 0.0559 0.0342 1 1 9 2 0.5000 0.1818 1 2 1 0 0 0 3 1 0 0 0 0 2 3 3 4 3 5 3 6 9 10 1 

0 29 7 36 12 322 316 6 8 1 0 1 0 0 5 6 7 7 1 2 9 0.2500 17 8 0.0528 0.0248 1 0 8 -1.0000 0.4706 -0.1250 1 1 0 0 0 0 2 0 0 0 1 0 2 4 4 3 4 3 3 6 8 9 1 
0 29 6 36 12 322 316 6 8 1 0 1 0 0 1 7 7 7 1 2 12 0.3333 18 12 0.0559 0.0373 1 0 6 0 0.3333 0 1 0 0 0 0 0 1 0 0 0 0 0 2 2 3 2 3 3 3 4 7 10 1 
0 29 7 36 12 322 316 6 8 1 0 0 1 0 7 0 0 0 2 1 4 0.1111 12 4 0.0373 0.0124 1 0 8 0 0.6667 0 1 0 0 0 0 0 1 0 0 0 0 0 2 4 3 7 3 8 4 7 9 11 1 
0 29 7 36 12 322 316 6 8 1 0 0 1 0 1 2 1 1 1 2 3 0.0833 28 19 0.0870 0.0590 1 1 25 16 0.8929 0.8421 1 0 0 0 0 0 1 0 0 0 0 0 2 2 4 2 4 2 4 5 6 5 1 
1 29 8 36 12 322 316 6 8 0 1 0 1 0 2 1 0.5000 0.5000 2 1 14 0.3889 19 22 0.0590 0.0683 1 1 5 8 0.2632 0.3636 1 0 0 0 0 0 1 0 0 0 0 0 1 1 1 4 3 9 3 5 7 9 1 
0 29 6 36 12 322 316 6 8 1 0 0 1 0 9 6 7 7 3 2 10 0.2778 27 8 0.0839 0.0248 1 0 17 -2.0000 0.6296 -0.2500 1 1 0 0 0 0 2 0 0 0 1 0 2 4 4 4 3 4 3 6 8 9 1 
0 29 6 36 12 322 316 6 8 1 0 0 1 0 9 6 0 0 3 1 18 0.5000 27 28 0.0839 0.0870 1 1 9 10 0.3333 0.3571 1 0 0 0 0 0 1 0 0 0 1 0 2 0 4 4 10 5 3 5 9 12 1 
1 29 8 36 12 322 316 6 8 1 0 0 0 1 9 0 0 0 3 1 14 0.3889 27 37 0.0839 0.1149 1 1 13 23 0.4815 0.6216 1 0 0 0 0 0 1 0 0 0 3 0 2 1 5 4 8 7 3 5 7 10 1 

0 30 8 36 13 321 314 7 9 1 0 1 0 0 5 6 7 7 2 3 9 0.2500 17 8 0.0530 0.0249 1 0 8 -1.0000 0.4706 -0.1250 2 1 1 0 0 0 4 0 0 1 0 0 2 4 7 3 6 3 3 6 8 9 1 
0 30 8 36 13 321 314 7 9 1 0 1 0 0 6 6 7 7 3 3 8 0.2222 12 8 0.0374 0.0249 1 0 4 0 0.3333 0 1 2 0 1 0 0 4 0 0 1 0 0 2 4 3 8 3 9 3 6 8 9 1 
0 30 7 36 13 321 314 7 9 1 0 1 0 0 1 8 8 8 1 2 12 0.3333 18 12 0.0561 0.0374 1 0 6 0 0.3333 0 1 0 0 0 0 0 1 0 0 0 0 0 2 2 3 2 3 3 3 4 7 10 1 
1 30 9 36 13 321 314 7 9 0 1 1 0 0 6 5 7 0 3 2 9 0.2500 12 17 0.0374 0.0530 1 1 3 8 0.2500 0.4706 2 1 1 0 0 0 4 0 0 0 0 0 2 2 6 1 3 1 2 4 4 4 1 
0 30 6 36 13 321 314 7 9 1 0 1 0 0 10 6 6 6 2 3 14 0.3889 28 12 0.0872 0.0374 1 0 14 -2.0000 0.5000 -0.1667 1 0 0 0 0 0 1 0 1 3 0 1 2 3 4 5 6 9 3 4 6 10 1 
0 30 8 36 13 321 314 7 9 1 0 0 1 0 8 0 0 0 2 1 4 0.1111 12 4 0.0374 0.0125 1 0 8 0 0.6667 0 1 0 0 0 0 0 1 0 0 0 0 2 2 4 3 7 3 8 4 7 9 11 1 
0 30 8 36 13 321 314 7 9 1 0 0 1 0 1 2 1 1 1 2 3 0.0833 28 19 0.0872 0.0592 1 1 25 16 0.8929 0.8421 1 0 0 0 0 0 1 0 0 0 0 0 2 2 4 2 4 2 4 5 6 5 1 
1 30 9 36 13 321 314 7 9 0 1 0 1 0 2 1 0.5000 0.5000 2 1 14 0.3889 19 22 0.0592 0.0685 1 1 5 8 0.2632 0.3636 1 0 0 0 0 0 1 0 0 0 0 0 1 1 1 4 3 9 3 5 7 9 1 
0 30 6 36 13 321 314 7 9 1 0 0 1 0 10 6 7 7 2 3 11 0.3056 28 8 0.0872 0.0249 1 0 17 -3.0000 0.6071 -0.3750 1 0 2 1 0 0 4 0 0 1 0 0 2 2 7 6 7 3 3 6 8 9 1 

0 31 7 36 14 322 315 7 8 1 0 1 0 0 5 6 7 7 2 2 9 0.2500 17 8 0.0528 0.0248 1 0 8 -1.0000 0.4706 -0.1250 2 1 0 0 0 0 3 0 0 0 0 0 2 4 4 3 4 3 3 6 8 9 1 
0 31 7 36 14 322 315 7 8 1 0 1 0 0 7 6 7 7 2 2 8 0.2222 12 8 0.0373 0.0248 1 0 4 0 0.3333 0 1 2 0 0 0 0 3 0 0 0 0 0 2 4 3 4 3 7 3 6 8 9 1 
0 31 6 36 14 322 315 7 8 1 0 1 0 0 1 8 8 8 1 3 12 0.3333 18 12 0.0559 0.0373 1 0 6 0 0.3333 0 1 0 0 0 0 0 2 0 0 0 0 0 2 2 3 2 3 3 3 4 7 10 1 
1 31 8 36 14 322 315 7 8 0 1 1 0 0 7 5 7 0 2 2 9 0.2500 12 17 0.0373 0.0528 1 1 3 8 0.2500 0.4706 2 1 0 0 0 0 3 0 0 0 0 0 2 2 3 1 2 1 2 4 4 4 1 
0 31 7 36 14 322 315 7 8 1 0 0 1 0 8 0 0 0 3 1 4 0.1111 12 4 0.0373 0.0124 1 0 8 0 0.6667 0 1 0 0 0 0 0 1 0 0 0 0 1 2 4 3 7 3 8 4 7 9 11 1 
0 31 7 36 14 322 315 7 8 1 0 0 1 0 1 2 1 1 1 2 3 0.0833 28 19 0.0870 0.0590 1 1 25 16 0.8929 0.8421 1 0 0 0 0 0 1 0 0 0 0 0 2 2 4 2 4 2 4 5 6 5 1 
1 31 8 36 14 322 315 7 8 0 1 0 1 0 2 1 0.5000 0.5000 2 1 14 0.3889 19 22 0.0590 0.0683 1 1 5 8 0.2632 0.3636 1 0 0 0 0 0 1 0 0 0 0 0 1 1 1 4 3 9 3 5 7 9 1 
0 31 5 36 14 322 315 7 8 1 0 0 1 0 11 8 8 8 1 3 27 0.7500 29 12 0.0901 0.0373 1 0 2 -15.0000 0.0690 -1.2500 1 0 0 0 0 0 2 0 0 0 0 0 2 2 4 4 5 10 3 4 7 10 1 

1 32 3 36 13 323 321 2 3 0 1 1 0 0 5 11 0 7 1 1 10 0.2778 18 26 0.0557 0.0805 1 1 8 16 0.4444 0.6154 1 0 0 0 0 0 1 0 0 0 0 0 1 0 1 0 1 5 2 4 5 6 1 
0 32 2 36 13 323 321 2 3 1 0 0 1 0 1 2 1 1 1 2 3 0.0833 28 19 0.0867 0.0588 1 1 25 16 0.8929 0.8421 1 0 0 0 0 0 1 0 0 0 0 0 2 2 4 2 4 2 4 5 6 5 1 
1 32 3 36 13 323 321 2 3 0 1 0 1 0 2 1 0.5000 0.5000 2 1 14 0.3889 19 22 0.0588 0.0681 1 1 5 8 0.2632 0.3636 1 0 0 0 0 0 1 0 0 0 0 0 1 1 1 4 3 9 3 5 7 9 1 

0 33 1 36 17 323 322 1 3 1 0 1 0 0 13 6 7 7 3 1 10 0.2778 27 11 0.0836 0.0341 1 1 17 1 0.6296 0.0909 1 0 0 0 0 0 1 0 0 0 1 0 2 3 4 3 4 3 3 6 8 9 1 
0 33 1 36 17 323 322 1 3 1 0 0 1 0 13 6 0 0 3 1 18 0.5000 27 28 0.0836 0.0867 1 1 9 10 0.3333 0.3571 1 0 0 0 0 0 1 0 0 0 1 0 2 0 4 4 10 5 3 5 9 12 1 
1 33 3 36 17 323 322 1 3 1 0 0 0 1 13 0 0 0 3 1 14 0.3889 27 37 0.0836 0.1146 1 1 13 23 0.4815 0.6216 1 0 0 0 0 0 1 0 0 0 2 0 2 1 5 4 8 7 3 5 7 10 1 

0 34 1 36 17 323 322 1 4 1 0 1 0 0 14 8 8 8 4 1 13 0.3611 27 14 0.0836 0.0433 1 1 14 1 0.5185 0.0714 1 0 1 0 0 0 1 1 0 1 0 1 2 1 6 2 9 6 3 4 6 10 1 
0 34 1 36 17 323 322 1 4 1 0 1 0 0 14 6 7 7 4 1 10 0.2778 27 11 0.0836 0.0341 1 1 17 1 0.6296 0.0909 1 0 0 0 0 0 1 0 0 1 1 0 2 3 4 3 4 3 3 6 8 9 1 
0 34 1 36 17 323 322 1 4 1 0 0 1 0 14 6 0 0 4 1 18 0.5000 27 28 0.0836 0.0867 1 1 9 10 0.3333 0.3571 1 0 0 0 0 0 1 0 0 0 1 1 2 0 4 4 10 5 3 5 9 12 1 
1 34 4 36 17 323 322 1 4 1 0 0 0 1 14 0 0 0 4 1 14 0.3889 27 37 0.0836 0.1146 1 1 13 23 0.4815 0.6216 1 0 1 0 0 0 1 1 0 0 2 0 2 1 6 2 10 6 3 5 7 10 1 

0 35 3 36 16 322 320 2 4 1 0 1 0 0 14 7 8 8 1 1 9 0.2500 26 8 0.0807 0.0248 1 0 17 -1.0000 0.6538 -0.1250 1 0 0 0 0 0 1 0 0 0 0 1 2 2 4 1 5 1 3 6 8 9 1 
0 35 3 36 16 322 320 2 4 1 0 0 1 0 1 3 1 1 1 2 3 0.0833 28 19 0.0870 0.0590 1 1 25 16 0.8929 0.8421 1 0 0 0 0 0 1 0 0 0 0 0 2 2 4 2 4 2 4 5 6 5 1 
1 35 4 36 16 322 320 2 4 0 1 0 1 0 3 2 0.5000 1.5000 2 1 14 0.3889 19 22 0.0590 0.0683 1 1 5 8 0.2632 0.3636 1 0 0 0 0 0 1 0 0 0 0 0 1 1 1 4 3 11 3 5 7 9 1 
1 35 4 36 16 322 320 2 4 0 1 0 1 0 6 8 0 0 1 1 11 0.3056 21 14 0.0652 0.0435 1 1 10 3 0.4762 0.2143 1 0 0 0 0 0 1 0 0 0 0 1 1 0 1 4 9 9 3 4 5 8 1 

0 36 3 36 17 322 321 1 4 1 0 0 1 0 1 3 1 1 1 2 3 0.0833 28 19 0.0870 0.0590 1 1 25 16 0.8929 0.8421 1 0 0 0 0 0 1 0 0 0 0 0 2 2 4 2 4 2 4 5 6 5 1 
1 36 4 36 17 322 321 1 4 0 1 0 1 0 3 2 0.5000 1.5000 2 1 14 0.3889 19 22 0.0590 0.0683 1 1 5 8 0.2632 0.3636 1 0 0 0 0 0 1 0 0 0 0 0 1 1 1 4 3 11 3 5 7 9 1 
1 36 4 36 17 322 321 1 4 0 1 0 1 0 6 8 0 0 1 1 11 0.3056 21 14 0.0652 0.0435 1 1 10 3 0.4762 0.2143 1 0 0 0 0 0 1 0 0 0 0 0 1 0 1 0 9 7 3 4 5 8 1 
0 36 3 36 17 322 321 1 4 1 0 0 1 0 15 10 10 10 1 1 25 0.6944 27 14 0.0839 0.0435 1 0 2 -11.0000 0.0741 -0.7857 1 0 0 0 0 0 1 0 0 0 0 0 2 2 4 4 8 9 3 4 7 10 1 

1 37 3 36 18 322 322 0 3 0 1 0 1 0 4 2 0.5000 1.5000 1 1 14 0.3889 19 22 0.0590 0.0683 1 1 5 8 0.2632 0.3636 1 0 0 0 0 0 1 0 0 0 0 0 1 0 3 2 4 9 3 5 7 9 1 
1 37 3 36 18 322 322 0 3 0 1 0 1 0 6 8 0 0 1 1 11 0.3056 21 14 0.0652 0.0435 1 1 10 3 0.4762 0.2143 1 0 0 0 0 0 1 0 0 0 0 0 1 0 1 0 9 7 3 4 5 8 1 
0 37 2 36 18 322 322 0 3 1 0 0 1 0 15 10 10 10 1 1 25 0.6944 27 14 0.0839 0.0435 1 0 2 -11.0000 0.0741 -0.7857 1 0 0 0 0 0 1 0 0 0 0 0 2 2 4 4 8 9 3 4 7 10 1 

0 38 2 36 18 322 321 1 5 0 1 1 0 0 4 2 0.5000 1.5000 3 1 14 0.3889 19 22 0.0590 0.0683 1 1 5 8 0.2632 0.3636 1 0 0 0 0 0 1 0 0 0 0 0 1 1 1 4 3 11 3 5 7 9 1 
1 38 5 36 18 322 321 1 5 0 1 0 1 0 6 8 0 0 1 1 11 0.3056 21 14 0.0652 0.0435 1 1 10 3 0.4762 0.2143 1 0 0 0 0 0 1 0 0 0 0 0 1 0 1 0 9 7 3 4 5 8 1 
0 38 4 36 18 322 321 1 5 1 0 0 1 0 16 11 11 11 1 1 25 0.6944 27 14 0.0839 0.0435 1 0 2 -11.0000 0.0741 -0.7857 1 0 0 0 0 0 1 0 0 0 0 0 2 2 4 4 8 9 3 4 7 10 1 
0 38 2 36 18 322 321 1 5 1 0 0 1 0 4 2 0 0 3 2 5 0.1389 19 28 0.0590 0.0870 1 1 14 23 0.7368 0.8214 1 0 1 0 0 0 1 1 0 0 0 0 2 2 4 2 4 2 3 4 7 7 1 
0 38 2 36 18 322 321 1 5 1 0 0 1 0 4 2 0 0 3 2 6 0.1667 19 28 0.0590 0.0870 1 1 13 22 0.6842 0.7857 1 0 1 0 0 0 1 1 0 0 0 0 2 2 4 2 4 2 3 6 6 8 1 

1 39 2 36 19 322 322 0 2 0 1 0 1 0 6 8 0 0 1 1 11 0.3056 21 14 0.0652 0.0435 1 1 10 3 0.4762 0.2143 1 0 0 0 0 0 1 0 0 0 0 0 1 0 1 0 9 7 3 4 5 8 1 
0 39 1 36 19 322 322 0 2 1 0 0 1 0 16 11 11 11 1 1 25 0.6944 27 14 0.0839 0.0435 1 0 2 -11.0000 0.0741 -0.7857 1 0 0 0 0 0 1 0 0 0 0 0 2 2 4 4 8 9 3 4 7 10 1 

0 40 2 36 20 323 322 1 5 1 0 1 0 0 17 8 9 9 4 1 10 0.2778 27 8 0.0836 0.0248 1 0 17 -2.0000 0.6296 -0.2500 1 0 0 0 0 0 1 0 0 1 1 1 2 2 4 2 3 4 3 6 8 9 1 
0 40 2 36 20 323 322 1 5 1 0 1 0 0 17 8 8 8 4 2 13 0.3611 27 14 0.0836 0.0433 1 1 14 1 0.5185 0.0714 1 0 1 0 1 0 1 1 1 1 0 1 2 1 6 2 9 11 3 4 6 10 1 
1 40 5 36 20 323 322 1 5 0 1 0 1 0 6 8 0 0 1 2 11 0.3056 21 14 0.0650 0.0433 1 1 10 3 0.4762 0.2143 1 0 0 0 2 0 1 1 1 1 0 1 1 0 1 0 13 7 3 4 5 8 1 
0 40 2 36 20 323 322 1 5 1 0 0 1 0 17 6 0 0 4 1 18 0.5000 27 28 0.0836 0.0867 1 1 9 10 0.3333 0.3571 1 0 0 0 0 0 1 0 0 1 1 1 2 0 4 4 10 5 3 5 9 12 1 
1 40 5 36 20 323 322 1 5 1 0 0 0 1 17 0 0 0 4 1 14 0.3889 27 37 0.0836 0.1146 1 1 13 23 0.4815 0.6216 1 0 1 0 1 0 1 2 0 0 2 0 2 1 6 2 10 12 3 5 7 10 1 

0 41 2 36 19 323 322 1 5 1 0 1 0 0 3 5 2 2 1 3 14 0.3889 23 19 0.0712 0.0588 1 1 9 5 0.3913 0.2632 1 0 0 0 0 0 1 0 0 0 0 1 2 1 7 1 9 3 3 6 9 12 1 
1 41 5 36 19 323 322 1 5 0 1 0 1 0 6 8 0 0 1 1 11 0.3056 21 14 0.0650 0.0433 1 1 10 3 0.4762 0.2143 1 0 0 0 0 0 1 0 0 0 0 0 1 0 1 0 9 7 3 4 5 8 1 
0 41 4 36 19 323 322 1 5 1 0 0 1 0 17 12 12 12 1 1 25 0.6944 27 14 0.0836 0.0433 1 0 2 -11.0000 0.0741 -0.7857 1 0 0 0 0 0 1 0 0 0 0 0 2 2 4 4 8 9 3 4 7 10 1 
0 41 2 36 19 323 322 1 5 1 0 0 1 0 5 2 0 0 3 2 5 0.1389 19 28 0.0588 0.0867 1 1 14 23 0.7368 0.8214 1 0 1 0 0 0 1 1 0 0 0 0 2 2 4 2 4 2 3 4 7 7 1 
0 41 2 36 19 323 322 1 5 1 0 0 1 0 5 2 0 0 3 2 6 0.1667 19 28 0.0588 0.0867 1 1 13 22 0.6842 0.7857 1 0 1 0 0 0 1 1 0 0 0 0 2 2 4 2 4 2 3 6 6 8 1 

1 42 2 36 16 322 322 0 2 0 1 0 1 0 5 3 1 2 1 1 14 0.3889 19 22 0.0590 0.0683 1 1 5 8 0.2632 0.3636 1 0 0 0 0 0 1 0 0 0 0 0 1 0 3 2 4 7 3 5 7 9 1 
0 42 1 36 16 322 322 0 2 1 0 0 1 0 18 12 12 12 1 1 26 0.7222 28 14 0.0870 0.0435 1 0 2 -12.0000 0.0714 -0.8571 1 0 0 0 0 0 1 0 0 0 0 0 2 2 4 4 5 13 3 4 7 10 1 

0 43 2 36 17 323 322 1 3 1 0 1 0 0 19 9 9 9 2 1 14 0.3889 28 14 0.0867 0.0433 1 0 14 0 0.5000 0 1 0 0 0 0 0 1 0 0 1 0 0 2 3 3 5 6 9 3 4 6 10 1 
1 43 3 36 17 323 322 1 3 0 1 0 1 0 5 3 1 2 1 1 14 0.3889 19 22 0.0588 0.0681 1 1 5 8 0.2632 0.3636 1 0 0 0 0 0 1 0 0 0 0 0 1 0 3 2 4 7 3 5 7 9 1 
0 43 2 36 17 323 322 1 3 1 0 0 1 0 19 8 9 9 2 1 11 0.3056 28 11 0.0867 0.0341 1 0 17 0 0.6071 0 1 0 0 0 0 0 1 0 0 1 0 0 2 2 6 2 5 5 3 6 8 9 1 

0 44 2 36 16 323 322 1 4 1 0 1 0 0 19 8 9 9 3 1 10 0.2778 27 11 0.0836 0.0341 1 1 17 1 0.6296 0.0909 1 0 0 0 0 0 1 0 0 0 1 0 2 3 4 3 4 3 3 6 8 9 1 
1 44 4 36 16 323 322 1 4 0 1 0 1 0 5 3 1 2 1 1 14 0.3889 19 22 0.0588 0.0681 1 1 5 8 0.2632 0.3636 1 0 0 0 0 0 1 0 0 0 0 0 1 0 3 2 4 7 3 5 7 9 1 
0 44 2 36 16 323 322 1 4 1 0 0 1 0 19 6 0 0 3 1 18 0.5000 27 28 0.0836 0.0867 1 1 9 10 0.3333 0.3571 1 0 0 0 0 0 1 0 0 0 1 0 2 0 4 4 10 5 3 5 9 12 1 
1 44 4 36 16 323 322 1 4 1 0 0 0 1 19 0 0 0 3 1 14 0.3889 27 37 0.0836 0.1146 1 1 13 23 0.4815 0.6216 1 0 0 0 0 0 1 0 0 0 2 0 2 1 5 4 8 7 3 5 7 10 1 

1 45 3 36 14 323 321 2 3 0 1 1 0 0 7 19 0 10 1 1 10 0.2778 18 26 0.0557 0.0805 1 1 8 16 0.4444 0.6154 1 0 0 0 0 0 1 0 0 0 0 0 1 0 1 0 1 5 2 4 5 6 1 
0 45 2 36 14 323 321 2 3 1 0 0 1 0 2 5 2 2 1 2 3 0.0833 28 19 0.0867 0.0588 1 1 25 16 0.8929 0.8421 1 0 0 0 0 0 1 0 0 0 0 0 2 2 4 2 4 2 4 5 6 5 1 
1 45 3 36 14 323 321 2 3 0 1 0 1 0 5 3 1 2 2 1 14 0.3889 19 22 0.0588 0.0681 1 1 5 8 0.2632 0.3636 1 0 0 0 0 0 1 0 0 0 0 0 1 1 1 4 3 9 3 5 7 9 1 

0 46 3 36 14 324 321 3 5 1 0 1 0 0 7 9 10 10 2 2 11 0.3056 19 11 0.0586 0.0340 1 0 8 0 0.4211 0 1 1 1 0 0 0 2 1 0 0 0 0 2 2 6 2 5 6 3 6 8 9 1 
0 46 4 36 14 324 321 3 5 1 0 1 0 0 7 19 0 0 2 2 10 0.2778 19 26 0.0586 0.0802 1 1 9 16 0.4737 0.6154 2 0 1 0 0 0 2 1 0 0 0 0 2 2 5 3 4 8 3 6 9 10 1 
0 46 4 36 14 324 321 3 5 1 0 0 1 0 2 5 2 2 1 2 3 0.0833 28 19 0.0864 0.0586 1 1 25 16 0.8929 0.8421 1 0 0 0 0 0 1 0 0 0 0 0 2 2 4 2 4 2 4 5 6 5 1 
1 46 5 36 14 324 321 3 5 0 1 0 1 0 5 3 1 2 2 1 14 0.3889 19 22 0.0586 0.0679 1 1 5 8 0.2632 0.3636 1 0 0 0 0 0 1 0 0 0 0 0 1 1 1 4 3 9 3 5 7 9 1 
0 46 4 36 14 324 321 3 5 0 1 0 1 0 9 19 0 10 2 2 10 0.2778 11 26 0.0340 0.0802 1 1 1 16 0.0909 0.6154 2 0 0 0 0 0 2 0 0 0 0 0 2 0 2 1 1 6 2 4 5 6 1 

0 47 3 36 19 323 322 1 6 1 0 1 0 0 19 9 10 10 4 1 10 0.2778 27 8 0.0836 0.0248 1 0 17 -2.0000 0.6296 -0.2500 1 0 0 0 0 0 1 0 0 1 1 1 2 2 4 2 3 4 3 6 8 9 1 
0 47 3 36 19 323 322 1 6 1 0 1 0 0 19 9 9 9 4 2 13 0.3611 27 14 0.0836 0.0433 1 1 14 1 0.5185 0.0714 1 0 1 0 1 0 1 1 1 1 0 1 2 1 6 2 9 11 3 4 6 10 1 
1 47 6 36 19 323 322 1 6 0 1 0 1 0 5 3 1 2 1 1 14 0.3889 19 22 0.0588 0.0681 1 1 5 8 0.2632 0.3636 1 0 0 0 0 0 1 0 0 0 0 0 1 0 3 2 4 9 3 5 7 9 1 
1 47 6 36 19 323 322 1 6 0 1 0 1 0 7 9 0 0 1 2 11 0.3056 21 14 0.0650 0.0433 1 1 10 3 0.4762 0.2143 1 0 0 0 2 0 1 1 1 1 0 1 1 0 1 0 13 7 3 4 5 8 1 
0 47 3 36 19 323 322 1 6 1 0 0 1 0 19 6 0 0 4 1 18 0.5000 27 28 0.0836 0.0867 1 1 9 10 0.3333 0.3571 1 0 0 0 0 0 1 0 0 1 1 1 2 0 4 4 10 5 3 5 9 12 1 
1 47 6 36 19 323 322 1 6 1 0 0 0 1 19 0 0 0 4 1 14 0.3889 27 37 0.0836 0.1146 1 1 13 23 0.4815 0.6216 1 0 1 0 1 0 1 2 0 0 2 0 2 1 6 2 10 12 3 5 7 10 1 

0 48 4 36 12 322 318 4 5 1 0 1 0 0 7 9 10 10 2 2 9 0.2500 17 8 0.0528 0.0248 1 0 8 -1.0000 0.4706 -0.1250 3 0 0 0 0 0 3 0 0 0 0 0 3 2 6 1 6 1 3 6 8 9 1 
0 48 4 36 12 322 318 4 5 1 0 1 0 0 19 9 10 10 2 2 9 0.2500 26 8 0.0807 0.0248 1 0 17 -1.0000 0.6538 -0.1250 3 0 0 0 0 0 3 0 0 0 0 0 3 2 6 1 6 1 3 6 8 9 1 
0 48 4 36 12 322 318 4 5 1 0 1 0 0 19 7 10 10 2 2 9 0.2500 26 17 0.0807 0.0528 1 1 17 8 0.6538 0.4706 3 0 0 0 0 0 3 0 0 0 0 0 3 2 6 1 6 1 3 6 8 9 1 
0 48 4 36 12 322 318 4 5 1 0 0 1 0 2 5 2 2 1 2 3 0.0833 28 19 0.0870 0.0590 1 1 25 16 0.8929 0.8421 1 0 0 0 0 0 1 0 0 0 0 0 2 2 4 2 4 2 4 5 6 5 1 
1 48 5 36 12 322 318 4 5 0 1 0 1 0 5 3 1 2 2 1 14 0.3889 19 22 0.0590 0.0683 1 1 5 8 0.2632 0.3636 1 0 0 0 0 0 1 0 0 0 0 0 1 1 1 4 3 9 3 5 7 9 1 

0 49 3 36 13 323 321 2 4 1 0 1 0 0 19 8 11 11 2 1 9 0.2500 26 17 0.0805 0.0526 1 1 17 8 0.6538 0.4706 1 1 0 0 0 0 2 0 0 0 0 0 2 2 5 2 5 2 3 6 8 9 1 
0 49 3 36 13 323 321 2 4 1 0 0 1 0 2 5 2 2 1 2 3 0.0833 28 19 0.0867 0.0588 1 1 25 16 0.8929 0.8421 1 0 0 0 0 0 1 0 0 0 0 0 2 2 4 2 4 2 4 5 6 5 1 
1 49 4 36 13 323 321 2 4 0 1 0 1 0 5 3 1 2 2 1 14 0.3889 19 22 0.0588 0.0681 1 1 5 8 0.2632 0.3636 1 0 0 0 0 0 1 0 0 0 0 0 1 1 1 4 3 9 3 5 7 9 1 
0 49 3 36 13 323 321 2 4 0 1 0 1 0 10 19 0 11 1 2 10 0.2778 11 26 0.0341 0.0805 1 1 1 16 0.0909 0.6154 1 0 0 0 0 0 1 0 0 0 0 0 1 0 1 0 1 5 2 4 5 6 1 

0 50 4 36 13 323 319 4 5 1 0 1 0 0 19 10 11 11 2 2 9 0.2500 26 8 0.0805 0.0248 1 0 17 -1.0000 0.6538 -0.1250 1 2 0 0 0 0 3 0 0 0 0 0 2 4 5 2 5 2 3 6 8 9 1 
0 50 3 36 13 323 319 4 5 1 0 1 0 0 8 10 11 11 2 2 10 0.2778 18 8 0.0557 0.0248 1 0 8 -2.0000 0.4444 -0.2500 2 1 0 0 0 0 3 0 0 0 0 0 2 4 4 5 2 5 3 6 8 9 1 
0 50 4 36 13 323 319 4 5 0 1 1 0 0 8 19 0 11 2 2 10 0.2778 18 26 0.0557 0.0805 1 1 8 16 0.4444 0.6154 1 0 0 0 0 0 1 0 0 0 0 0 1 0 1 0 1 5 2 4 5 6 1 
0 50 4 36 13 323 319 4 5 1 0 0 1 0 2 5 2 2 1 2 3 0.0833 28 19 0.0867 0.0588 1 1 25 16 0.8929 0.8421 1 0 0 0 0 0 1 0 0 0 0 0 2 2 4 2 4 2 4 5 6 5 1 
1 50 5 36 13 323 319 4 5 0 1 0 1 0 5 3 1 2 2 1 14 0.3889 19 22 0.0588 0.0681 1 1 5 8 0.2632 0.3636 1 0 0 0 0 0 1 0 0 0 0 0 1 1 1 4 3 9 3 5 7 9 1 

0 51 6 36 12 324 316 8 7 1 0 1 0 0 8 10 11 11 2 2 9 0.2500 17 8 0.0525 0.0247 1 0 8 -1.0000 0.4706 -0.1250 3 0 0 0 0 0 3 0 0 0 0 0 3 2 6 1 6 1 3 6 8 9 1 
0 51 6 36 12 324 316 8 7 1 0 1 0 0 19 10 11 11 2 2 9 0.2500 26 8 0.0802 0.0247 1 0 17 -1.0000 0.6538 -0.1250 3 0 0 0 0 0 3 0 0 0 0 0 3 2 6 1 6 1 3 6 8 9 1 
0 51 6 36 12 324 316 8 7 1 0 1 0 0 19 8 11 11 2 2 9 0.2500 26 17 0.0802 0.0525 1 1 17 8 0.6538 0.4706 3 0 0 0 0 0 3 0 0 0 0 0 3 2 6 1 6 1 3 6 8 9 1 
0 51 5 36 12 324 316 8 7 1 0 1 0 0 2 14 14 14 1 2 14 0.3889 20 12 0.0617 0.0370 1 0 6 -2.0000 0.3000 -0.1667 1 0 0 0 0 0 1 0 0 0 0 0 2 2 4 3 2 4 3 4 7 10 1 
0 51 6 36 12 324 316 8 7 1 0 0 1 0 14 0 0 0 2 1 4 0.1111 12 4 0.0370 0.0123 1 0 8 0 0.6667 0 1 0 0 0 0 0 1 0 0 0 0 0 2 3 5 5 5 6 4 7 9 11 1 
0 51 6 36 12 324 316 8 7 1 0 0 1 0 2 5 2 2 1 2 3 0.0833 28 19 0.0864 0.0586 1 1 25 16 0.8929 0.8421 1 0 0 0 0 0 1 0 0 0 0 0 2 2 4 2 4 2 4 5 6 5 1 
1 51 7 36 12 324 316 8 7 0 1 0 1 0 5 3 1 2 2 1 14 0.3889 19 22 0.0586 0.0679 1 1 5 8 0.2632 0.3636 1 0 0 0 0 0 1 0 0 0 0 0 1 1 1 4 3 9 3 5 7 9 1 

0 52 5 36 13 322 318 4 6 1 0 1 0 0 8 10 11 11 1 2 9 0.2500 17 8 0.0528 0.0248 1 0 8 -1.0000 0.4706 -0.1250 1 1 0 0 0 0 2 0 0 0 1 0 2 4 4 3 4 3 3 6 8 9 1 
0 52 5 36 13 322 318 4 6 1 0 0 1 0 2 5 2 2 1 2 3 0.0833 28 19 0.0870 0.0590 1 1 25 16 0.8929 0.8421 1 0 0 0 0 0 1 0 0 0 0 0 2 2 4 2 4 2 4 5 6 5 1 
1 52 6 36 13 322 318 4 6 0 1 0 1 0 5 3 1 2 2 1 14 0.3889 19 22 0.0590 0.0683 1 1 5 8 0.2632 0.3636 1 0 0 0 0 0 1 0 0 0 0 0 1 1 1 4 3 9 3 5 7 9 1 
0 52 4 36 13 322 318 4 6 1 0 0 1 0 19 10 11 11 3 2 10 0.2778 27 8 0.0839 0.0248 1 0 17 -2.0000 0.6296 -0.2500 1 1 0 0 0 0 2 0 0 0 1 0 2 4 4 4 3 4 3 6 8 9 1 
0 52 4 36 13 322 318 4 6 1 0 0 1 0 19 6 0 0 3 1 18 0.5000 27 28 0.0839 0.0870 1 1 9 10 0.3333 0.3571 1 0 0 0 0 0 1 0 0 0 1 0 2 0 4 4 10 5 3 5 9 12 1 
1 52 6 36 13 322 318 4 6 1 0 0 0 1 19 0 0 0 3 1 14 0.3889 27 37 0.0839 0.1149 1 1 13 23 0.4815 0.6216 1 0 0 0 0 0 1 0 0 0 3 0 2 1 5 4 8 7 3 5 7 10 1 

0 53 6 36 14 322 318 4 7 1 0 1 0 0 8 11 12 12 2 2 9 0.2500 17 8 0.0528 0.0248 1 0 8 -1.0000 0.4706 -0.1250 3 0 0 0 0 0 3 0 0 0 1 0 3 2 6 2 5 2 3 6 8 9 1 
0 53 4 36 14 322 318 4 7 1 0 1 0 0 20 11 12 12 4 2 9 0.2500 27 8 0.0839 0.0248 1 0 18 -1.0000 0.6667 -0.1250 3 0 0 0 0 0 3 0 0 0 1 0 3 2 6 2 5 2 3 6 8 9 1 
0 53 4 36 14 322 318 4 7 1 0 1 0 0 20 8 12 12 4 2 9 0.2500 27 17 0.0839 0.0528 1 1 18 8 0.6667 0.4706 3 0 0 0 0 0 3 0 0 0 1 0 3 2 6 2 5 2 3 6 8 9 1 
0 53 6 36 14 322 318 4 7 1 0 0 1 0 2 5 2 2 1 2 3 0.0833 28 19 0.0870 0.0590 1 1 25 16 0.8929 0.8421 1 0 0 0 0 0 1 0 0 0 0 0 2 2 4 2 4 2 4 5 6 5 1 
1 53 7 36 14 322 318 4 7 0 1 0 1 0 5 3 1 2 2 1 14 0.3889 19 22 0.0590 0.0683 1 1 5 8 0.2632 0.3636 1 0 0 0 0 0 1 0 0 0 0 0 1 1 1 4 3 9 3 5 7 9 1 
0 53 4 36 14 322 318 4 7 1 0 0 1 0 20 6 0 0 4 1 18 0.5000 27 28 0.0839 0.0870 1 1 9 10 0.3333 0.3571 1 0 0 0 0 0 1 0 0 0 1 0 2 0 4 4 10 5 3 5 9 12 1 
1 53 7 36 14 322 318 4 7 1 0 0 0 1 20 0 0 0 4 1 14 0.3889 27 37 0.0839 0.1149 1 1 13 23 0.4815 0.6216 1 0 0 0 0 0 1 0 0 0 4 0 2 1 5 4 8 7 3 5 7 10 1 

0 54 3 36 15 323 319 4 4 1 0 1 0 0 8 12 13 13 1 1 9 0.2500 17 8 0.0526 0.0248 1 0 8 -1.0000 0.4706 -0.1250 1 0 0 0 0 0 1 0 0 0 0 0 2 2 4 1 4 1 3 6 8 9 1 
0 54 3 36 15 323 319 4 4 1 0 0 1 0 2 5 2 2 1 2 3 0.0833 28 19 0.0867 0.0588 1 1 25 16 0.8929 0.8421 1 0 0 0 0 0 1 0 0 0 0 0 2 2 4 2 4 2 4 5 6 5 1 
1 54 4 36 15 323 319 4 4 0 1 0 1 0 5 3 1 2 2 1 14 0.3889 19 22 0.0588 0.0681 1 1 5 8 0.2632 0.3636 1 0 0 0 0 0 1 0 0 0 0 0 1 1 1 4 3 9 3 5 7 9 1 
0 54 3 36 15 323 319 4 4 1 0 0 1 0 21 15 15 15 1 1 26 0.7222 28 14 0.0867 0.0433 1 0 2 -12.0000 0.0714 -0.8571 1 0 0 0 0 0 1 0 0 0 0 0 2 2 4 4 5 13 3 4 7 10 1 

0 55 3 36 15 323 321 2 6 1 0 1 0 0 21 8 13 13 4 1 9 0.2500 27 17 0.0836 0.0526 1 1 18 8 0.6667 0.4706 1 1 0 0 0 0 2 0 0 0 1 0 2 2 5 3 4 3 3 6 8 9 1 
0 55 5 36 15 323 321 2 6 1 0 0 1 0 2 5 2 2 1 2 3 0.0833 28 19 0.0867 0.0588 1 1 25 16 0.8929 0.8421 1 0 0 0 0 0 1 0 0 0 0 0 2 2 4 2 4 2 4 5 6 5 1 
1 55 6 36 15 323 321 2 6 0 1 0 1 0 5 3 1 2 2 1 14 0.3889 19 22 0.0588 0.0681 1 1 5 8 0.2632 0.3636 1 0 0 0 0 0 1 0 0 0 0 0 1 1 1 4 3 9 3 5 7 9 1 
0 55 3 36 15 323 321 2 6 1 0 0 1 0 21 6 0 0 4 1 18 0.5000 27 28 0.0836 0.0867 1 1 9 10 0.3333 0.3571 1 0 0 0 0 0 1 0 0 0 1 0 2 0 4 4 10 5 3 5 9 12 1 
0 55 3 36 15 323 321 2 6 0 1 0 1 0 12 21 0 13 1 4 10 0.2778 11 27 0.0341 0.0836 1 1 1 17 0.0909 0.6296 1 0 0 0 0 0 1 0 0 1 0 0 1 1 0 1 0 2 2 4 5 6 1 
1 55 6 36 15 323 321 2 6 1 0 0 0 1 21 0 0 0 4 1 14 0.3889 27 37 0.0836 0.1146 1 1 13 23 0.4815 0.6216 1 0 0 0 0 0 1 0 0 1 2 0 2 1 5 4 8 7 3 5 7 10 1 

0 56 7 36 13 324 317 7 8 1 0 1 0 0 8 12 13 13 1 2 9 0.2500 17 8 0.0525 0.0247 1 0 8 -1.0000 0.4706 -0.1250 1 1 0 0 0 0 2 0 0 0 1 0 2 4 4 3 4 3 3 6 8 9 1 
0 56 6 36 13 324 317 7 8 1 0 1 0 0 3 15 15 15 1 2 13 0.3611 19 12 0.0586 0.0370 1 0 6 -1.0000 0.3158 -0.0833 1 0 0 0 0 0 1 0 0 0 0 0 2 2 4 2 3 3 3 4 7 10 1 
0 56 7 36 13 324 317 7 8 1 0 0 1 0 15 0 0 0 2 1 4 0.1111 12 4 0.0370 0.0123 1 0 8 0 0.6667 0 1 0 0 0 0 0 1 0 0 0 0 0 2 4 3 7 3 8 4 7 9 11 1 
0 56 7 36 13 324 317 7 8 1 0 0 1 0 2 5 2 2 1 2 3 0.0833 28 19 0.0864 0.0586 1 1 25 16 0.8929 0.8421 1 0 0 0 0 0 1 0 0 0 0 0 2 2 4 2 4 2 4 5 6 5 1 
1 56 8 36 13 324 317 7 8 0 1 0 1 0 5 3 1 2 2 1 14 0.3889 19 22 0.0586 0.0679 1 1 5 8 0.2632 0.3636 1 0 0 0 0 0 1 0 0 0 0 0 1 1 1 4 3 9 3 5 7 9 1 
0 56 6 36 13 324 317 7 8 1 0 0 1 0 21 12 13 13 3 2 10 0.2778 27 8 0.0833 0.0247 1 0 17 -2.0000 0.6296 -0.2500 1 1 0 0 0 0 2 0 0 0 1 0 2 4 4 4 3 4 3 6 8 9 1 
0 56 6 36 13 324 317 7 8 1 0 0 1 0 21 6 0 0 3 1 18 0.5000 27 28 0.0833 0.0864 1 1 9 10 0.3333 0.3571 1 0 0 0 0 0 1 0 0 0 1 0 2 0 4 4 10 5 3 5 9 12 1 
1 56 8 36 13 324 317 7 8 1 0 0 0 1 21 0 0 0 3 1 14 0.3889 27 37 0.0833 0.1142 1 1 13 23 0.4815 0.6216 1 0 0 0 0 0 1 0 0 0 3 0 2 1 5 4 8 7 3 5 7 10 1 

0 57 8 36 15 322 315 7 9 1 0 1 0 0 8 12 13 13 2 3 9 0.2500 17 8 0.0528 0.0248 1 0 8 -1.0000 0.4706 -0.1250 2 1 0 1 0 0 4 0 0 1 0 0 2 4 4 7 4 5 3 6 8 9 1 
0 57 8 36 15 322 315 7 9 1 0 1 0 0 9 12 13 13 3 3 8 0.2222 12 8 0.0373 0.0248 1 0 4 0 0.3333 0 1 2 0 0 1 0 4 0 0 1 0 0 2 4 3 4 8 7 3 6 8 9 1 
0 57 7 36 15 322 315 7 9 1 0 1 0 0 3 16 16 16 1 2 12 0.3333 18 12 0.0559 0.0373 1 0 6 0 0.3333 0 1 0 0 0 0 0 1 0 0 0 0 0 2 2 3 2 3 3 3 4 7 10 1 
1 57 9 36 15 322 315 7 9 0 1 1 0 0 9 8 13 0 3 2 9 0.2500 12 17 0.0373 0.0528 1 1 3 8 0.2500 0.4706 2 1 0 1 0 0 4 0 0 0 0 0 2 2 3 5 2 2 2 4 4 4 1 
0 57 6 36 15 322 315 7 9 1 0 1 0 0 22 9 9 9 2 3 15 0.4167 29 12 0.0901 0.0373 1 0 14 -3.0000 0.4828 -0.2500 1 0 0 0 0 0 1 0 1 3 0 1 2 2 6 3 8 7 3 4 6 10 1 
0 57 8 36 15 322 315 7 9 1 0 0 1 0 16 0 0 0 2 1 4 0.1111 12 4 0.0373 0.0124 1 0 8 0 0.6667 0 1 0 0 0 0 0 1 0 0 0 0 2 2 4 3 7 3 8 4 7 9 11 1 
0 57 8 36 15 322 315 7 9 1 0 0 1 0 2 5 2 2 1 2 3 0.0833 28 19 0.0870 0.0590 1 1 25 16 0.8929 0.8421 1 0 0 0 0 0 1 0 0 0 0 0 2 2 4 2 4 2 4 5 6 5 1 
1 57 9 36 15 322 315 7 9 0 1 0 1 0 5 3 1 2 2 1 14 0.3889 19 22 0.0590 0.0683 1 1 5 8 0.2632 0.3636 1 0 0 0 0 0 1 0 0 0 0 0 1 1 1 4 3 9 3 5 7 9 1 
0 57 6 36 15 322 315 7 9 1 0 0 1 0 22 12 13 13 2 3 12 0.3333 29 8 0.0901 0.0248 1 0 17 -4.0000 0.5862 -0.5000 1 0 0 2 1 0 4 0 0 1 0 0 2 2 4 7 9 5 3 6 8 9 1 

0 58 7 36 16 323 316 7 8 1 0 1 0 0 8 12 13 13 2 2 9 0.2500 17 8 0.0526 0.0248 1 0 8 -1.0000 0.4706 -0.1250 2 1 0 0 0 0 3 0 0 0 0 0 2 4 4 3 4 3 3 6 8 9 1 
0 58 7 36 16 323 316 7 8 1 0 1 0 0 10 12 13 13 2 2 8 0.2222 12 8 0.0372 0.0248 1 0 4 0 0.3333 0 1 2 0 0 0 0 3 0 0 0 0 0 2 4 3 4 3 7 3 6 8 9 1 
0 58 6 36 16 323 316 7 8 1 0 1 0 0 3 16 16 16 1 3 12 0.3333 18 12 0.0557 0.0372 1 0 6 0 0.3333 0 1 0 0 0 0 0 2 0 0 0 0 0 2 2 3 2 3 3 3 4 7 10 1 
1 58 8 36 16 323 316 7 8 0 1 1 0 0 10 8 13 0 2 2 9 0.2500 12 17 0.0372 0.0526 1 1 3 8 0.2500 0.4706 2 1 0 0 0 0 3 0 0 0 0 0 2 2 3 1 2 1 2 4 4 4 1 
0 58 7 36 16 323 316 7 8 1 0 0 1 0 16 0 0 0 3 1 4 0.1111 12 4 0.0372 0.0124 1 0 8 0 0.6667 0 1 0 0 0 0 0 1 0 0 0 0 1 2 4 3 7 3 8 4 7 9 11 1 
0 58 7 36 16 323 316 7 8 1 0 0 1 0 2 5 2 2 1 2 3 0.0833 28 19 0.0867 0.0588 1 1 25 16 0.8929 0.8421 1 0 0 0 0 0 1 0 0 0 0 0 2 2 4 2 4 2 4 5 6 5 1 
1 58 8 36 16 323 316 7 8 0 1 0 1 0 5 3 1 2 2 1 14 0.3889 19 22 0.0588 0.0681 1 1 5 8 0.2632 0.3636 1 0 0 0 0 0 1 0 0 0 0 0 1 1 1 4 3 9 3 5 7 9 1 
0 58 5 36 16 323 316 7 8 1 0 0 1 0 23 16 16 16 1 3 28 0.7778 30 12 0.0929 0.0372 1 0 2 -16.0000 0.0667 -1.3333 1 0 0 0 0 0 2 0 0 0 0 0 2 2 4 4 5 10 3 4 7 10 1 

0 59 1 36 18 323 323 0 2 1 0 0 1 0 27 6 0 0 2 1 18 0.5000 27 28 0.0836 0.0867 1 1 9 10 0.3333 0.3571 1 0 0 0 0 0 1 0 0 0 1 0 2 0 4 4 10 5 3 5 9 12 1 
1 59 2 36 18 323 323 0 2 1 0 0 0 1 27 0 0 0 2 1 14 0.3889 27 37 0.0836 0.1146 1 1 13 23 0.4815 0.6216 1 0 0 0 0 0 1 0 0 0 1 0 2 1 5 4 8 7 3 5 7 10 1 

0 60 1 36 19 323 323 0 2 1 0 0 1 0 7 11 11 11 1 1 25 0.6944 28 15 0.0867 0.0464 1 0 3 -10.0000 0.1071 -0.6667 1 0 0 0 0 0 1 1 0 0 0 0 2 2 4 3 6 6 3 4 6 10 1 
1 60 2 36 19 323 323 0 2 1 0 0 0 1 28 0 0 0 1 1 14 0.3889 27 37 0.0836 0.1146 1 1 13 23 0.4815 0.6216 1 0 0 0 0 0 1 1 0 0 0 0 2 1 5 4 8 7 3 5 7 10 1 

0 61 1 36 20 324 323 1 2 1 0 1 0 0 8 13 14 14 1 1 24 0.6667 28 12 0.0864 0.0370 1 0 4 -12.0000 0.1429 -1.0000 1 0 0 0 0 0 1 0 0 0 1 0 2 2 4 3 6 5 3 6 8 9 1 
1 61 2 36 20 324 323 1 2 1 0 0 0 1 28 0 0 0 1 1 14 0.3889 27 37 0.0833 0.1142 1 1 13 23 0.4815 0.6216 1 0 0 0 0 0 1 0 0 0 1 0 2 1 5 4 8 7 3 5 7 10 1 

1 62 2 36 15 323 323 0 2 0 1 0 1 0 6 3 1 2 1 1 14 0.3889 19 22 0.0588 0.0681 1 1 5 8 0.2632 0.3636 1 0 0 0 0 0 1 0 0 0 0 0 1 0 3 2 4 7 3 5 7 9 1 
0 62 1 36 15 323 323 0 2 1 0 0 1 0 30 19 19 19 1 1 25 0.6944 27 14 0.0836 0.0433 1 0 2 -11.0000 0.0741 -0.7857 1 0 0 0 0 0 1 0 0 0 0 0 2 2 4 4 8 9 3 4 7 10 1 

0 63 2 36 15 324 323 1 3 1 0 1 0 0 9 13 14.5000 14.5000 2 1 11 0.3056 19 12 0.0586 0.0370 1 1 8 1 0.4211 0.0833 1 0 1 0 0 0 1 1 0 0 0 0 2 1 7 2 7 5 3 6 8 9 1 
0 63 2 36 15 324 323 1 3 1 0 1 0 0 9 31 0.5000 0.5000 2 1 10 0.2778 19 26 0.0586 0.0802 1 1 9 16 0.4737 0.6154 1 0 1 0 0 0 1 1 0 0 0 0 2 1 5 2 8 7 3 6 9 10 1 
1 63 3 36 15 324 323 1 3 0 1 0 1 0 6 3 1 2 1 1 14 0.3889 19 22 0.0586 0.0679 1 1 5 8 0.2632 0.3636 1 0 0 0 0 0 1 0 0 0 0 0 1 0 3 2 4 7 3 5 7 9 1 

1 64 2 36 16 323 323 0 2 0 1 0 1 0 7 3 1 2 1 1 14 0.3889 19 22 0.0588 0.0681 1 1 5 8 0.2632 0.3636 1 0 0 0 0 0 1 0 0 0 0 0 1 0 3 2 4 7 3 5 7 9 1 
0 64 1 36 16 323 323 0 2 1 0 0 1 0 32 20 20 20 1 1 25 0.6944 27 14 0.0836 0.0433 1 0 2 -11.0000 0.0741 -0.7857 1 0 0 0 0 0 1 0 0 0 0 0 2 2 4 4 8 9 3 4 7 10 1 

0 65 2 36 16 324 323 1 3 1 0 1 0 0 10 13 15 15 2 1 11 0.3056 19 12 0.0586 0.0370 1 1 8 1 0.4211 0.0833 1 0 1 0 0 0 1 1 0 0 0 0 2 1 7 2 7 5 3 6 8 9 1 
0 65 2 36 16 324 323 1 3 1 0 1 0 0 10 33 1 1 2 1 10 0.2778 19 26 0.0586 0.0802 1 1 9 16 0.4737 0.6154 1 0 1 0 0 0 1 1 0 0 0 0 2 1 5 2 8 7 3 6 9 10 1 
1 65 3 36 16 324 323 1 3 0 1 0 1 0 7 3 1 2 1 1 14 0.3889 19 22 0.0586 0.0679 1 1 5 8 0.2632 0.3636 1 0 0 0 0 0 1 0 0 0 0 0 1 0 3 2 4 7 3 5 7 9 1 

1 66 2 36 18 323 323 0 2 0 1 0 1 0 7 3 1 2 1 1 14 0.3889 19 22 0.0588 0.0681 1 1 5 8 0.2632 0.3636 1 0 0 0 0 0 1 0 0 0 0 0 1 0 3 2 4 7 3 5 7 9 1 
0 66 1 36 18 323 323 0 2 1 0 0 1 0 34 21 21 21 1 1 27 0.7500 29 14 0.0898 0.0433 1 0 2 -13.0000 0.0690 -0.9286 1 0 0 0 0 0 1 0 0 0 0 0 2 2 4 4 5 10 3 4 7 10 1 

0 67 2 36 19 324 323 1 3 1 0 1 0 0 35 13 13 13 2 1 15 0.4167 29 14 0.0895 0.0432 1 0 14 -1.0000 0.4828 -0.0714 1 0 0 0 0 0 1 0 0 1 0 0 2 2 6 2 8 7 3 4 6 10 1 
1 67 3 36 19 324 323 1 3 0 1 0 1 0 7 3 1 2 1 1 14 0.3889 19 22 0.0586 0.0679 1 1 5 8 0.2632 0.3636 1 0 0 0 0 0 1 0 0 0 0 0 1 0 3 2 4 7 3 5 7 9 1 
0 67 2 36 19 324 323 1 3 1 0 0 1 0 35 13 15 15 2 1 12 0.3333 29 11 0.0895 0.0340 1 0 17 -1.0000 0.5862 -0.0909 1 0 0 0 0 0 1 0 0 1 0 0 2 2 4 5 6 4 3 6 8 9 1 

1 68 4 36 15 323 321 2 4 0 1 1 0 0 10 35 1 15 1 1 10 0.2778 18 26 0.0557 0.0805 1 1 8 16 0.4444 0.6154 1 0 0 0 0 0 1 0 0 0 0 0 1 0 1 0 1 5 2 4 5 6 1 
0 68 1 36 15 323 321 2 4 0 1 1 0 0 7 3 1 2 3 1 14 0.3889 19 22 0.0588 0.0681 1 1 5 8 0.2632 0.3636 1 0 0 0 0 0 1 0 0 0 0 0 1 1 1 4 3 9 3 5 7 9 1 
0 68 1 36 15 323 321 2 4 1 0 0 1 0 7 4 0 0 3 2 5 0.1389 19 28 0.0588 0.0867 1 1 14 23 0.7368 0.8214 1 0 1 0 0 0 1 1 0 0 0 0 2 2 4 2 4 2 3 4 7 7 1 
0 68 1 36 15 323 321 2 4 1 0 0 1 0 7 4 0 0 3 2 6 0.1667 19 28 0.0588 0.0867 1 1 13 22 0.6842 0.7857 1 0 1 0 0 0 1 1 0 0 0 0 2 2 4 2 4 2 3 6 6 8 1 

0 69 1 36 18 324 323 1 4 1 0 1 0 0 37 13 13 13 4 1 13 0.3611 27 14 0.0833 0.0432 1 1 14 1 0.5185 0.0714 1 0 1 0 0 0 1 1 0 1 0 1 2 1 6 2 9 6 3 4 6 10 1 
0 69 1 36 18 324 323 1 4 1 0 1 0 0 37 11 15.5000 15.5000 4 1 10 0.2778 27 18 0.0833 0.0556 1 1 17 8 0.6296 0.4444 1 0 0 0 0 0 1 0 0 1 1 0 2 2 5 5 4 3 3 6 8 9 1 
0 69 1 36 18 324 323 1 4 1 0 0 1 0 37 8 1 1 4 1 18 0.5000 27 28 0.0833 0.0864 1 1 9 10 0.3333 0.3571 1 0 0 0 0 0 1 0 0 0 1 1 2 0 4 4 10 5 3 5 9 12 1 
1 69 4 36 18 324 323 1 4 1 0 0 0 1 37 0 0 0 4 1 14 0.3889 27 37 0.0833 0.1142 1 1 13 23 0.4815 0.6216 1 0 1 0 0 0 1 1 0 0 2 0 2 1 6 2 10 6 3 5 7 10 1 

1 70 4 36 16 324 322 2 4 0 1 1 0 0 11 37 1.5000 15.5000 1 1 10 0.2778 18 26 0.0556 0.0802 1 1 8 16 0.4444 0.6154 1 0 0 0 0 0 1 0 0 0 0 0 1 0 1 0 1 5 2 4 5 6 1 
0 70 1 36 16 324 322 2 4 1 0 1 0 0 4 8 2.5000 2.5000 1 3 14 0.3889 23 19 0.0710 0.0586 1 1 9 5 0.3913 0.2632 1 0 0 0 0 0 1 0 0 0 0 0 2 1 7 1 7 3 3 6 9 12 1 
0 70 1 36 16 324 322 2 4 1 0 0 1 0 8 4 0 0 3 2 5 0.1389 19 28 0.0586 0.0864 1 1 14 23 0.7368 0.8214 1 0 1 0 0 0 1 1 0 0 0 0 2 2 4 2 4 2 3 4 7 7 1 
0 70 1 36 16 324 322 2 4 1 0 0 1 0 8 4 0 0 3 2 6 0.1667 19 28 0.0586 0.0864 1 1 13 22 0.6842 0.7857 1 0 1 0 0 0 1 1 0 0 0 0 2 2 4 2 4 2 3 6 6 8 1 

1 71 4 36 14 323 321 2 4 0 1 1 0 0 11 37 1.5000 15.5000 1 1 10 0.2778 18 26 0.0557 0.0805 1 1 8 16 0.4444 0.6154 1 0 0 0 0 0 1 0 0 0 0 0 1 0 1 0 1 5 2 4 5 6 1 
0 71 1 36 14 323 321 2 4 0 1 1 0 0 8 4 1.5000 2.5000 3 1 14 0.3889 19 22 0.0588 0.0681 1 1 5 8 0.2632 0.3636 1 0 0 0 0 0 1 0 0 0 0 0 1 1 1 4 3 9 3 5 7 9 1 
0 71 1 36 14 323 321 2 4 1 0 0 1 0 8 4 0 0 3 2 5 0.1389 19 28 0.0588 0.0867 1 1 14 23 0.7368 0.8214 1 0 1 0 0 0 1 1 0 0 0 0 2 2 4 2 4 2 3 4 7 7 1 
0 71 1 36 14 323 321 2 4 1 0 0 1 0 8 4 0 0 3 2 6 0.1667 19 28 0.0588 0.0867 1 1 13 22 0.6842 0.7857 1 0 1 0 0 0 1 1 0 0 0 0 2 2 4 2 4 2 3 6 6 8 1 

0 72 1 36 17 324 323 1 4 1 0 1 0 0 39 13 13 13 4 1 13 0.3611 27 14 0.0833 0.0432 1 1 14 1 0.5185 0.0714 1 0 1 0 0 0 1 1 0 1 0 1 2 1 6 2 9 6 3 4 6 10 1 
0 72 1 36 17 324 323 1 4 1 0 1 0 0 39 12 16 16 4 1 10 0.2778 27 18 0.0833 0.0556 1 1 17 8 0.6296 0.4444 1 0 0 0 0 0 1 0 0 1 1 0 2 2 5 5 4 3 3 6 8 9 1 
0 72 1 36 17 324 323 1 4 1 0 0 1 0 39 8 1 1 4 1 18 0.5000 27 28 0.0833 0.0864 1 1 9 10 0.3333 0.3571 1 0 0 0 0 0 1 0 0 0 1 1 2 0 4 4 10 5 3 5 9 12 1 
1 72 4 36 17 324 323 1 4 1 0 0 0 1 39 0 0 0 4 1 14 0.3889 27 37 0.0833 0.1142 1 1 13 23 0.4815 0.6216 1 0 1 0 0 0 1 1 0 0 2 0 2 1 6 2 10 6 3 5 7 10 1 

1 73 2 36 17 323 323 0 2 0 1 0 1 0 9 5 2 3 1 1 14 0.3889 19 22 0.0588 0.0681 1 1 5 8 0.2632 0.3636 1 0 0 0 0 0 1 0 0 0 0 0 1 0 3 2 4 7 3 5 7 9 1 
0 73 1 36 17 323 323 0 2 1 0 0 1 0 40 24 24 24 1 1 26 0.7222 28 14 0.0867 0.0433 1 0 2 -12.0000 0.0714 -0.8571 1 0 0 0 0 0 1 0 0 0 0 0 2 2 4 4 5 13 3 4 7 10 1 

0 74 2 36 18 324 323 1 3 1 0 1 0 0 41 14 17 17 2 1 11 0.3056 28 11 0.0864 0.0340 1 0 17 0 0.6071 0 1 0 0 0 0 0 1 0 0 1 0 0 2 2 6 2 5 2 3 6 8 9 1 
0 74 2 36 18 324 323 1 3 1 0 1 0 0 41 13 13 13 2 1 14 0.3889 28 15 0.0864 0.0463 1 1 14 1 0.5000 0.0667 1 0 0 0 0 0 1 0 0 1 0 0 2 2 4 4 7 8 3 4 6 10 1 
1 74 3 36 18 324 323 1 3 0 1 0 1 0 9 5 2 3 1 1 14 0.3889 19 22 0.0586 0.0679 1 1 5 8 0.2632 0.3636 1 0 0 0 0 0 1 0 0 0 0 0 1 0 3 2 4 7 3 5 7 9 1 

1 75 3 36 17 323 323 0 3 0 1 0 1 0 9 5 2 3 1 1 14 0.3889 19 22 0.0588 0.0681 1 1 5 8 0.2632 0.3636 1 0 0 0 0 0 1 0 0 0 0 0 1 0 3 2 4 7 3 5 7 9 1 
0 75 2 36 17 323 323 0 3 1 0 0 1 0 41 8 1 1 2 1 18 0.5000 27 28 0.0836 0.0867 1 1 9 10 0.3333 0.3571 1 0 0 0 0 0 1 0 0 0 1 0 2 0 4 4 10 5 3 5 9 12 1 
1 75 3 36 17 323 323 0 3 1 0 0 0 1 41 0 0 0 2 1 14 0.3889 27 37 0.0836 0.1146 1 1 13 23 0.4815 0.6216 1 0 0 0 0 0 1 0 0 0 1 0 2 1 5 4 8 7 3 5 7 10 1 

1 76 3 36 18 323 323 0 3 0 1 0 1 0 9 5 2 3 1 1 14 0.3889 19 22 0.0588 0.0681 1 1 5 8 0.2632 0.3636 1 0 0 0 0 0 1 0 0 0 0 0 1 0 3 2 3 7 3 5 7 9 1 
0 76 2 36 18 323 323 0 3 1 0 0 1 0 9 13 13 13 1 1 25 0.6944 28 15 0.0867 0.0464 1 0 3 -10.0000 0.1071 -0.6667 1 0 0 0 0 0 1 1 0 0 0 0 2 2 4 3 6 6 3 4 6 10 1 
1 76 3 36 18 323 323 0 3 1 0 0 0 1 42 0 0 0 1 1 14 0.3889 27 37 0.0836 0.1146 1 1 13 23 0.4815 0.6216 1 0 0 0 0 0 1 1 0 0 0 0 2 1 5 4 8 7 3 5 7 10 1 

0 77 2 36 19 324 323 1 3 1 0 1 0 0 10 14 17 17 1 1 24 0.6667 28 12 0.0864 0.0370 1 0 4 -12.0000 0.1429 -1.0000 1 0 0 0 0 0 1 0 0 0 1 0 2 2 4 3 6 6 3 6 8 9 1 
1 77 3 36 19 324 323 1 3 0 1 0 1 0 9 5 2 3 1 1 14 0.3889 19 22 0.0586 0.0679 1 1 5 8 0.2632 0.3636 1 0 0 0 0 0 1 0 0 0 0 0 1 1 3 4 2 9 3 5 7 9 1 
1 77 3 36 19 324 323 1 3 1 0 0 0 1 42 0 0 0 1 1 14 0.3889 27 37 0.0833 0.1142 1 1 13 23 0.4815 0.6216 1 0 0 0 0 0 1 0 0 0 1 0 2 1 5 4 8 7 3 5 7 10 1 

1 78 4 36 15 324 322 2 4 0 1 1 0 0 12 42 2 17 1 1 10 0.2778 18 26 0.0556 0.0802 1 1 8 16 0.4444 0.6154 1 0 0 0 0 0 1 0 0 0 0 0 1 0 1 0 1 5 2 4 5 6 1 
0 78 1 36 15 324 322 2 4 1 0 1 0 0 5 9 3 3 1 3 14 0.3889 23 19 0.0710 0.0586 1 1 9 5 0.3913 0.2632 1 0 0 0 0 0 1 0 0 0 0 0 2 1 7 1 7 3 3 6 9 12 1 
0 78 1 36 15 324 322 2 4 1 0 0 1 0 9 4 0 0 3 2 5 0.1389 19 28 0.0586 0.0864 1 1 14 23 0.7368 0.8214 1 0 1 0 0 0 1 1 0 0 0 0 2 2 4 2 4 2 3 4 7 7 1 
0 78 1 36 15 324 322 2 4 1 0 0 1 0 9 4 0 0 3 2 6 0.1667 19 28 0.0586 0.0864 1 1 13 22 0.6842 0.7857 1 0 1 0 0 0 1 1 0 0 0 0 2 2 4 2 4 2 3 6 6 8 1 

0 79 2 36 14 323 322 1 3 1 0 0 1 0 4 9 4 4 1 2 3 0.0833 28 19 0.0867 0.0588 1 1 25 16 0.8929 0.8421 1 0 0 0 0 0 1 0 0 0 0 0 2 2 4 2 4 2 4 5 6 5 1 
1 79 3 36 14 323 322 1 3 0 1 0 1 0 9 5 2 3 2 1 14 0.3889 19 22 0.0588 0.0681 1 1 5 8 0.2632 0.3636 1 0 0 0 0 0 1 0 0 0 0 0 1 1 1 4 3 9 3 5 7 9 1 
0 79 2 36 14 323 322 1 3 1 0 0 1 0 43 25 25 25 1 1 25 0.6944 27 15 0.0836 0.0464 1 0 2 -10.0000 0.0741 -0.6667 1 0 0 0 0 0 1 0 0 0 0 0 2 2 4 4 8 9 3 4 7 10 1 

1 80 2 36 15 323 323 0 2 0 1 0 1 0 10 5 2 3 1 1 14 0.3889 19 22 0.0588 0.0681 1 1 5 8 0.2632 0.3636 1 0 0 0 0 0 1 0 0 0 0 0 1 0 3 2 4 7 3 5 7 9 1 
0 80 1 36 15 323 323 0 2 1 0 0 1 0 43 25 25 25 1 1 25 0.6944 27 15 0.0836 0.0464 1 0 2 -10.0000 0.0741 -0.6667 1 0 0 0 0 0 1 0 0 0 0 0 2 2 4 4 8 9 3 4 7 10 1 

0 81 1 36 15 323 322 1 4 0 1 1 0 0 10 5 2 3 3 1 14 0.3889 19 22 0.0588 0.0681 1 1 5 8 0.2632 0.3636 1 0 0 0 0 0 1 0 0 0 0 0 1 1 1 4 3 9 3 5 7 9 1 
1 81 3 36 15 323 322 1 4 1 0 0 1 0 44 26 26 26 1 1 25 0.6944 27 15 0.0836 0.0464 1 0 2 -10.0000 0.0741 -0.6667 1 0 0 0 0 0 1 0 0 0 0 0 2 2 4 4 8 9 3 4 7 10 1 
0 81 1 36 15 323 322 1 4 1 0 0 1 0 10 5 0 0 3 2 5 0.1389 19 28 0.0588 0.0867 1 1 14 23 0.7368 0.8214 1 0 1 0 0 0 1 1 0 0 0 0 2 2 4 2 4 2 3 4 7 7 1 
0 81 1 36 15 323 322 1 4 1 0 0 1 0 10 5 0 0 3 2 6 0.1667 19 28 0.0588 0.0867 1 1 13 22 0.6842 0.7857 1 0 1 0 0 0 1 1 0 0 0 0 2 2 4 2 4 2 3 6 6 8 1 

0 82 1 36 17 324 323 1 4 1 0 1 0 0 45 14 14 14 4 1 13 0.3611 27 14 0.0833 0.0432 1 1 14 1 0.5185 0.0714 1 0 1 0 0 0 1 1 0 1 0 1 2 1 6 2 9 6 3 4 6 10 1 
0 82 1 36 17 324 323 1 4 1 0 1 0 0 45 14 18 18 4 1 10 0.2778 27 11 0.0833 0.0340 1 1 17 1 0.6296 0.0909 1 0 0 0 0 0 1 0 0 1 1 0 2 3 4 3 4 3 3 6 8 9 1 
0 82 1 36 17 324 323 1 4 1 0 0 1 0 45 10 2 2 4 1 18 0.5000 27 28 0.0833 0.0864 1 1 9 10 0.3333 0.3571 1 0 0 0 0 0 1 0 0 0 1 1 2 0 4 4 10 5 3 5 9 12 1 
1 82 4 36 17 324 323 1 4 1 0 0 0 1 45 0 0 0 4 1 14 0.3889 27 37 0.0833 0.1142 1 1 13 23 0.4815 0.6216 1 0 1 0 0 0 1 1 0 0 2 0 2 1 6 2 10 6 3 5 7 10 1 

0 83 1 36 16 324 323 1 4 1 0 1 0 0 6 11 3.5000 3.5000 1 3 14 0.3889 23 19 0.0710 0.0586 1 1 9 5 0.3913 0.2632 1 0 0 0 0 0 1 0 0 0 0 0 2 1 7 1 7 3 3 6 9 12 1 
1 83 3 36 16 324 323 1 4 1 0 0 1 0 45 27 27 27 1 1 25 0.6944 27 15 0.0833 0.0463 1 0 2 -10.0000 0.0741 -0.6667 1 0 0 0 0 0 1 0 0 0 0 0 2 2 4 4 8 9 3 4 7 10 1 
0 83 1 36 16 324 323 1 4 1 0 0 1 0 11 5 0 0 3 2 5 0.1389 19 28 0.0586 0.0864 1 1 14 23 0.7368 0.8214 1 0 1 0 0 0 1 1 0 0 0 0 2 2 4 2 4 2 3 4 7 7 1 
0 83 1 36 16 324 323 1 4 1 0 0 1 0 11 5 0 0 3 2 6 0.1667 19 28 0.0586 0.0864 1 1 13 22 0.6842 0.7857 1 0 1 0 0 0 1 1 0 0 0 0 2 2 4 2 4 2 3 6 6 8 1 

0 84 2 36 16 323 322 1 3 1 0 0 1 0 5 11 5 5 1 2 3 0.0833 28 19 0.0867 0.0588 1 1 25 16 0.8929 0.8421 1 0 0 0 0 0 1 0 0 0 0 0 2 2 4 2 4 2 4 5 6 5 1 
1 84 3 36 16 323 322 1 3 0 1 0 1 0 11 6 2.5000 3.5000 2 1 14 0.3889 19 22 0.0588 0.0681 1 1 5 8 0.2632 0.3636 1 0 0 0 0 0 1 0 0 0 0 0 1 1 1 4 3 9 3 5 7 9 1 
0 84 2 36 16 323 322 1 3 1 0 0 1 0 45 27 27 27 1 1 26 0.7222 28 14 0.0867 0.0433 1 0 2 -12.0000 0.0714 -0.8571 1 0 0 0 0 0 1 0 0 0 0 0 2 2 4 4 5 13 3 4 7 10 1 

1 85 2 36 17 323 323 0 2 0 1 0 1 0 12 6 2.5000 3.5000 1 1 14 0.3889 19 22 0.0588 0.0681 1 1 5 8 0.2632 0.3636 1 0 0 0 0 0 1 0 0 0 0 0 1 0 3 2 4 7 3 5 7 9 1 
0 85 1 36 17 323 323 0 2 1 0 0 1 0 45 27 27 27 1 1 26 0.7222 28 14 0.0867 0.0433 1 0 2 -12.0000 0.0714 -0.8571 1 0 0 0 0 0 1 0 0 0 0 0 2 2 4 4 5 13 3 4 7 10 1 

0 86 2 36 18 324 323 1 3 1 0 1 0 0 46 15 19 19 2 1 11 0.3056 28 11 0.0864 0.0340 1 0 17 0 0.6071 0 1 0 0 0 0 0 1 0 0 1 0 0 2 2 6 2 5 2 3 6 8 9 1 
0 86 2 36 18 324 323 1 3 1 0 1 0 0 46 14 14 14 2 1 14 0.3889 28 15 0.0864 0.0463 1 1 14 1 0.5000 0.0667 1 0 0 0 0 0 1 0 0 1 0 0 2 2 4 4 7 8 3 4 6 10 1 
1 86 3 36 18 324 323 1 3 0 1 0 1 0 12 6 2.5000 3.5000 1 1 14 0.3889 19 22 0.0586 0.0679 1 1 5 8 0.2632 0.3636 1 0 0 0 0 0 1 0 0 0 0 0 1 0 3 2 4 7 3 5 7 9 1 

0 87 1 36 17 323 322 1 4 0 1 1 0 0 12 6 2.5000 3.5000 3 1 14 0.3889 19 22 0.0588 0.0681 1 1 5 8 0.2632 0.3636 1 0 0 0 0 0 1 0 0 0 0 0 1 1 1 4 3 9 3 5 7 9 1 
1 87 3 36 17 323 322 1 4 1 0 0 1 0 46 28 28 28 1 1 26 0.7222 28 14 0.0867 0.0433 1 0 2 -12.0000 0.0714 -0.8571 1 0 0 0 0 0 1 0 0 0 0 0 2 2 4 4 5 13 3 4 7 10 1 
0 87 1 36 17 323 322 1 4 1 0 0 1 0 12 6 0 0 3 2 5 0.1389 19 28 0.0588 0.0867 1 1 14 23 0.7368 0.8214 1 0 1 0 0 0 1 1 0 0 0 0 2 2 4 2 4 2 3 4 7 7 1 
0 87 1 36 17 323 322 1 4 1 0 0 1 0 12 6 0 0 3 2 6 0.1667 19 28 0.0588 0.0867 1 1 13 22 0.6842 0.7857 1 0 1 0 0 0 1 1 0 0 0 0 2 2 4 2 4 2 3 6 6 8 1 

0 88 1 36 18 324 323 1 4 1 0 1 0 0 7 13 4 4 1 3 14 0.3889 23 19 0.0710 0.0586 1 1 9 5 0.3913 0.2632 1 0 0 0 0 0 1 0 0 0 0 0 2 1 7 1 7 3 3 6 9 12 1 
1 88 3 36 18 324 323 1 4 1 0 0 1 0 47 29 29 29 1 1 26 0.7222 28 14 0.0864 0.0432 1 0 2 -12.0000 0.0714 -0.8571 1 0 0 0 0 0 1 0 0 0 0 0 2 2 4 4 5 13 3 4 7 10 1 
0 88 1 36 18 324 323 1 4 1 0 0 1 0 13 6 0 0 3 2 5 0.1389 19 28 0.0586 0.0864 1 1 14 23 0.7368 0.8214 1 0 1 0 0 0 1 1 0 0 0 0 2 2 4 2 4 2 3 4 7 7 1 
0 88 1 36 18 324 323 1 4 1 0 0 1 0 13 6 0 0 3 2 6 0.1667 19 28 0.0586 0.0864 1 1 13 22 0.6842 0.7857 1 0 1 0 0 0 1 1 0 0 0 0 2 2 4 2 4 2 3 6 6 8 1 

0 89 1 36 18 324 323 1 3 1 0 1 0 0 49 15 19 19 3 1 10 0.2778 27 11 0.0833 0.0340 1 1 17 1 0.6296 0.0909 1 0 0 0 0 0 1 0 0 0 1 0 2 3 4 3 4 3 3 6 8 9 1 
0 89 1 36 18 324 323 1 3 1 0 0 1 0 49 10 2 2 3 1 18 0.5000 27 28 0.0833 0.0864 1 1 9 10 0.3333 0.3571 1 0 0 0 0 0 1 0 0 0 1 0 2 0 4 4 10 5 3 5 9 12 1 
1 89 3 36 18 324 323 1 3 1 0 0 0 1 49 0 0 0 3 1 14 0.3889 27 37 0.0833 0.1142 1 1 13 23 0.4815 0.6216 1 0 0 0 0 0 1 0 0 0 2 0 2 1 5 4 8 7 3 5 7 10 1 

0 90 3 36 16 324 320 4 4 1 0 1 0 0 14 15 19 19 1 1 10 0.2778 18 8 0.0556 0.0247 1 0 8 -2.0000 0.4444 -0.2500 1 0 0 0 0 0 1 0 0 0 0 0 2 2 4 3 2 3 3 6 8 9 1 
0 90 3 36 16 324 320 4 4 1 0 0 1 0 6 13 6 6 1 2 3 0.0833 28 19 0.0864 0.0586 1 1 25 16 0.8929 0.8421 1 0 0 0 0 0 1 0 0 0 0 0 2 2 4 2 4 2 4 5 6 5 1 
1 90 4 36 16 324 320 4 4 0 1 0 1 0 13 7 3 4 2 1 14 0.3889 19 22 0.0586 0.0679 1 1 5 8 0.2632 0.3636 1 0 0 0 0 0 1 0 0 0 0 0 1 1 1 4 3 9 3 5 7 9 1 
0 90 3 36 16 324 320 4 4 1 0 0 1 0 49 30 30 30 1 1 26 0.7222 28 14 0.0864 0.0432 1 0 2 -12.0000 0.0714 -0.8571 1 0 0 0 0 0 1 0 0 0 0 0 2 2 4 4 5 13 3 4 7 10 1 

0 91 3 36 14 323 322 1 4 1 0 0 1 0 6 13 6 6 1 2 3 0.0833 28 19 0.0867 0.0588 1 1 25 16 0.8929 0.8421 1 0 0 0 0 0 1 0 0 0 0 0 2 2 4 2 4 2 4 5 6 5 1 
1 91 4 36 14 323 322 1 4 0 1 0 1 0 13 7 3 4 2 1 14 0.3889 19 22 0.0588 0.0681 1 1 5 8 0.2632 0.3636 1 0 0 0 0 0 1 0 0 0 0 0 1 1 1 4 3 9 3 5 7 9 1 
0 91 3 36 14 323 322 1 4 1 0 0 1 0 49 10 2 2 2 1 18 0.5000 27 28 0.0836 0.0867 1 1 9 10 0.3333 0.3571 1 0 0 0 0 0 1 0 0 0 1 0 2 0 4 4 10 5 3 5 9 12 1 
1 91 4 36 14 323 322 1 4 1 0 0 0 1 49 0 0 0 2 1 14 0.3889 27 37 0.0836 0.1146 1 1 13 23 0.4815 0.6216 1 0 0 0 0 0 1 0 0 0 1 0 2 1 5 4 8 7 3 5 7 10 1 

1 92 3 36 15 323 323 0 3 0 1 0 1 0 14 7 3 4 1 1 14 0.3889 19 22 0.0588 0.0681 1 1 5 8 0.2632 0.3636 1 0 0 0 0 0 1 0 0 0 0 0 1 0 3 2 4 7 3 5 7 9 1 
0 92 2 36 15 323 323 0 3 1 0 0 1 0 49 10 2 2 2 1 18 0.5000 27 28 0.0836 0.0867 1 1 9 10 0.3333 0.3571 1 0 0 0 0 0 1 0 0 0 1 0 2 0 4 4 10 5 3 5 9 12 1 
1 92 3 36 15 323 323 0 3 1 0 0 0 1 49 0 0 0 2 1 14 0.3889 27 37 0.0836 0.1146 1 1 13 23 0.4815 0.6216 1 0 0 0 0 0 1 0 0 0 1 0 2 1 5 4 8 7 3 5 7 10 1 

1 93 3 36 16 323 323 0 3 0 1 0 1 0 14 7 3 4 1 1 14 0.3889 19 22 0.0588 0.0681 1 1 5 8 0.2632 0.3636 1 0 0 0 0 0 1 0 0 0 0 0 1 0 3 2 3 7 3 5 7 9 1 
0 93 2 36 16 323 323 0 3 1 0 0 1 0 11 15 15 15 1 1 25 0.6944 28 15 0.0867 0.0464 1 0 3 -10.0000 0.1071 -0.6667 1 0 0 0 0 0 1 1 0 0 0 0 2 2 4 3 6 6 3 4 6 10 1 
1 93 3 36 16 323 323 0 3 1 0 0 0 1 50 0 0 0 1 1 14 0.3889 27 37 0.0836 0.1146 1 1 13 23 0.4815 0.6216 1 0 0 0 0 0 1 1 0 0 0 0 2 1 5 4 8 7 3 5 7 10 1 

0 94 2 36 17 324 323 1 3 1 0 1 0 0 12 15 19 19 1 1 24 0.6667 28 12 0.0864 0.0370 1 0 4 -12.0000 0.1429 -1.0000 1 0 0 0 0 0 1 0 0 0 1 0 2 2 4 3 6 6 3 6 8 9 1 
1 94 3 36 17 324 323 1 3 0 1 0 1 0 14 7 3 4 1 1 14 0.3889 19 22 0.0586 0.0679 1 1 5 8 0.2632 0.3636 1 0 0 0 0 0 1 0 0 0 0 0 1 1 3 4 2 9 3 5 7 9 1 
1 94 3 36 17 324 323 1 3 1 0 0 0 1 50 0 0 0 1 1 14 0.3889 27 37 0.0833 0.1142 1 1 13 23 0.4815 0.6216 1 0 0 0 0 0 1 0 0 0 1 0 2 1 5 4 8 7 3 5 7 10 1 

0 95 2 36 15 323 322 1 5 0 1 1 0 0 14 7 3 4 3 1 14 0.3889 19 22 0.0588 0.0681 1 1 5 8 0.2632 0.3636 1 0 0 0 0 0 1 0 0 0 0 0 1 1 1 4 3 9 3 5 7 9 1 
0 95 4 36 15 323 322 1 5 1 0 0 1 0 50 12 3 3 2 1 18 0.5000 27 28 0.0836 0.0867 1 1 9 10 0.3333 0.3571 1 0 0 0 0 0 1 0 0 0 1 0 2 0 4 4 10 5 3 5 9 12 1 
0 95 2 36 15 323 322 1 5 1 0 0 1 0 14 7 0 0 3 2 5 0.1389 19 28 0.0588 0.0867 1 1 14 23 0.7368 0.8214 1 0 1 0 0 0 1 1 0 0 0 0 2 2 4 2 4 2 3 4 7 7 1 
0 95 2 36 15 323 322 1 5 1 0 0 1 0 14 7 0 0 3 2 6 0.1667 19 28 0.0588 0.0867 1 1 13 22 0.6842 0.7857 1 0 1 0 0 0 1 1 0 0 0 0 2 2 4 2 4 2 3 6 6 8 1 
1 95 5 36 15 323 322 1 5 1 0 0 0 1 50 0 0 0 2 1 14 0.3889 27 37 0.0836 0.1146 1 1 13 23 0.4815 0.6216 1 0 0 0 0 0 1 0 0 0 1 0 2 1 5 4 8 7 3 5 7 10 1 

0 96 1 36 16 323 323 0 2 1 0 0 1 0 50 12 3 3 2 1 18 0.5000 27 28 0.0836 0.0867 1 1 9 10 0.3333 0.3571 1 0 0 0 0 0 1 0 0 0 1 0 2 0 4 4 10 5 3 5 9 12 1 
1 96 2 36 16 323 323 0 2 1 0 0 0 1 50 0 0 0 2 1 14 0.3889 27 37 0.0836 0.1146 1 1 13 23 0.4815 0.6216 1 0 0 0 0 0 1 0 0 0 1 0 2 1 5 4 8 7 3 5 7 10 1 

0 97 1 36 17 323 323 0 2 1 0 0 1 0 13 16 16 16 1 1 25 0.6944 28 15 0.0867 0.0464 1 0 3 -10.0000 0.1071 -0.6667 1 0 0 0 0 0 1 1 0 0 0 0 2 2 4 3 6 6 3 4 6 10 1 
1 97 2 36 17 323 323 0 2 1 0 0 0 1 51 0 0 0 1 1 14 0.3889 27 37 0.0836 0.1146 1 1 13 23 0.4815 0.6216 1 0 0 0 0 0 1 1 0 0 0 0 2 1 5 4 8 7 3 5 7 10 1 

0 98 1 36 18 324 323 1 2 1 0 1 0 0 14 15 19 19 1 1 24 0.6667 28 12 0.0864 0.0370 1 0 4 -12.0000 0.1429 -1.0000 1 0 0 0 0 0 1 0 0 0 1 0 2 2 4 3 6 5 3 6 8 9 1 
1 98 2 36 18 324 323 1 2 1 0 0 0 1 51 0 0 0 1 1 14 0.3889 27 37 0.0833 0.1142 1 1 13 23 0.4815 0.6216 1 0 0 0 0 0 1 0 0 0 1 0 2 1 5 4 8 7 3 5 7 10 1 

0 99 2 36 16 324 323 1 5 1 0 1 0 0 8 15 4.5000 4.5000 1 3 14 0.3889 23 19 0.0710 0.0586 1 1 9 5 0.3913 0.2632 1 0 0 0 0 0 1 0 0 0 0 0 2 1 7 1 7 3 3 6 9 12 1 
0 99 4 36 16 324 323 1 5 1 0 0 1 0 51 14 4 4 2 1 18 0.5000 27 28 0.0833 0.0864 1 1 9 10 0.3333 0.3571 1 0 0 0 0 0 1 0 0 0 1 0 2 0 4 4 10 5 3 5 9 12 1 
0 99 2 36 16 324 323 1 5 1 0 0 1 0 15 7 0 0 3 2 5 0.1389 19 28 0.0586 0.0864 1 1 14 23 0.7368 0.8214 1 0 1 0 0 0 1 1 0 0 0 0 2 2 4 2 4 2 3 4 7 7 1 
0 99 2 36 16 324 323 1 5 1 0 0 1 0 15 7 0 0 3 2 6 0.1667 19 28 0.0586 0.0864 1 1 13 22 0.6842 0.7857 1 0 1 0 0 0 1 1 0 0 0 0 2 2 4 2 4 2 3 6 6 8 1 
1 99 5 36 16 324 323 1 5 1 0 0 0 1 51 0 0 0 2 1 14 0.3889 27 37 0.0833 0.1142 1 1 13 23 0.4815 0.6216 1 0 0 0 0 0 1 0 0 0 1 0 2 1 5 4 8 7 3 5 7 10 1 

0 100 2 36 17 324 323 1 5 1 0 1 0 0 51 17 17 17 4 1 13 0.3611 27 14 0.0833 0.0432 1 1 14 1 0.5185 0.0714 1 0 1 0 0 0 1 1 0 1 0 1 2 1 6 2 9 6 3 4 6 10 1 
0 100 2 36 17 324 323 1 5 1 0 1 0 0 51 14 19 19 4 1 10 0.2778 27 18 0.0833 0.0556 1 1 17 8 0.6296 0.4444 1 0 0 0 0 0 1 0 0 1 1 0 2 2 5 5 4 3 3 6 8 9 1 
1 100 5 36 17 324 323 1 5 0 1 0 1 0 15 8 3.5000 4.5000 1 1 14 0.3889 19 22 0.0586 0.0679 1 1 5 8 0.2632 0.3636 1 0 0 0 0 0 1 0 0 0 0 0 1 0 3 2 4 7 3 5 7 9 1 
0 100 2 36 17 324 323 1 5 1 0 0 1 0 51 14 4 4 4 1 18 0.5000 27 28 0.0833 0.0864 1 1 9 10 0.3333 0.3571 1 0 0 0 0 0 1 0 0 0 1 1 2 0 4 4 10 5 3 5 9 12 1 
1 100 5 36 17 324 323 1 5 1 0 0 0 1 51 0 0 0 4 1 14 0.3889 27 37 0.0833 0.1142 1 1 13 23 0.4815 0.6216 1 0 1 0 0 0 1 1 0 0 2 0 2 1 6 2 10 6 3 5 7 10 1 

1 101 2 36 21 323 323 0 2 0 1 0 1 0 14 17 0 0 1 1 11 0.3056 21 14 0.0650 0.0433 1 1 10 3 0.4762 0.2143 1 0 0 0 0 0 1 0 0 0 0 0 1 0 1 0 9 7 3 4 5 8 1 
0 101 1 36 21 323 323 0 2 1 0 0 1 0 52 30 30 30 1 1 26 0.7222 28 14 0.0867 0.0433 1 0 2 -12.0000 0.0714 -0.8571 1 0 0 0 0 0 1 0 0 0 0 0 2 2 4 4 5 13 3 4 7 10 1 

0 102 2 36 22 324 323 1 3 1 0 1 0 0 53 16 20 20 2 1 11 0.3056 28 8 0.0864 0.0247 1 0 17 -3.0000 0.6071 -0.3750 1 0 0 0 0 1 1 0 0 1 0 1 2 2 4 2 4 4 3 6 8 9 1 
0 102 1 36 22 324 323 1 3 1 0 1 0 0 53 17 17 17 2 2 14 0.3889 28 14 0.0864 0.0432 1 0 14 0 0.5000 0 1 0 0 0 0 1 1 0 1 1 0 0 2 3 3 5 6 9 3 4 6 10 1 
1 102 3 36 22 324 323 1 3 0 1 0 1 0 14 17 0 0 1 2 11 0.3056 21 14 0.0648 0.0432 1 1 10 3 0.4762 0.2143 1 0 0 0 0 2 1 0 1 0 0 1 1 0 1 0 9 13 3 4 5 8 1 

0 103 2 36 16 324 323 1 5 1 0 1 0 0 53 17 17 17 4 1 13 0.3611 27 14 0.0833 0.0432 1 1 14 1 0.5185 0.0714 1 0 1 0 0 0 1 1 0 1 0 1 2 1 6 2 9 6 3 4 6 10 1 
0 103 2 36 16 324 323 1 5 1 0 1 0 0 53 16 20 20 4 1 10 0.2778 27 11 0.0833 0.0340 1 1 17 1 0.6296 0.0909 1 0 0 0 0 0 1 0 0 1 1 0 2 3 4 3 4 3 3 6 8 9 1 
1 103 5 36 16 324 323 1 5 0 1 0 1 0 15 8 3.5000 4.5000 1 1 14 0.3889 19 22 0.0586 0.0679 1 1 5 8 0.2632 0.3636 1 0 0 0 0 0 1 0 0 0 0 0 1 0 3 2 4 7 3 5 7 9 1 
0 103 2 36 16 324 323 1 5 1 0 0 1 0 53 14 4 4 4 1 18 0.5000 27 28 0.0833 0.0864 1 1 9 10 0.3333 0.3571 1 0 0 0 0 0 1 0 0 0 1 1 2 0 4 4 10 5 3 5 9 12 1 
1 103 5 36 16 324 323 1 5 1 0 0 0 1 53 0 0 0 4 1 14 0.3889 27 37 0.0833 0.1142 1 1 13 23 0.4815 0.6216 1 0 1 0 0 0 1 1 0 0 2 0 2 1 6 2 10 6 3 5 7 10 1 

1 104 2 36 20 323 323 0 2 0 1 0 1 0 14 17 0 0 1 1 11 0.3056 21 14 0.0650 0.0433 1 1 10 3 0.4762 0.2143 1 0 0 0 0 0 1 0 0 0 0 0 1 0 1 0 9 7 3 4 5 8 1 
0 104 1 36 20 323 323 0 2 1 0 0 1 0 53 31 31 31 1 1 25 0.6944 27 14 0.0836 0.0433 1 0 2 -11.0000 0.0741 -0.7857 1 0 0 0 0 0 1 0 0 0 0 0 2 2 4 4 8 9 3 4 7 10 1 

1 105 4 36 20 324 323 1 4 0 1 0 1 0 14 17 0 0 1 1 11 0.3056 21 14 0.0648 0.0432 1 1 10 3 0.4762 0.2143 1 0 0 0 0 0 1 0 0 0 0 0 1 0 1 0 9 7 3 4 5 8 1 
0 105 3 36 20 324 323 1 4 1 0 0 1 0 54 32 32 32 1 1 25 0.6944 27 14 0.0833 0.0432 1 0 2 -11.0000 0.0741 -0.7857 1 0 0 0 0 0 1 0 0 0 0 0 2 2 4 4 8 9 3 4 7 10 1 
0 105 3 36 20 324 323 1 4 1 0 0 1 0 16 7 0 0 2 2 5 0.1389 19 28 0.0586 0.0864 1 1 14 23 0.7368 0.8214 1 0 1 0 0 0 1 1 0 0 0 0 2 2 4 2 4 2 3 4 7 7 1 
0 105 3 36 20 324 323 1 4 1 0 0 1 0 16 7 0 0 2 2 6 0.1667 19 28 0.0586 0.0864 1 1 13 22 0.6842 0.7857 1 0 1 0 0 0 1 1 0 0 0 0 2 2 4 2 4 2 3 6 6 8 1 

0 106 2 36 21 324 323 1 5 1 0 1 0 0 54 16 20 20 4 1 10 0.2778 27 8 0.0833 0.0247 1 0 17 -2.0000 0.6296 -0.2500 1 0 0 0 0 0 1 0 0 1 1 1 2 2 4 2 3 4 3 6 8 9 1 
0 106 2 36 21 324 323 1 5 1 0 1 0 0 54 17 17 17 4 2 13 0.3611 27 14 0.0833 0.0432 1 1 14 1 0.5185 0.0714 1 0 1 0 1 0 1 1 1 1 0 1 2 1 6 2 9 11 3 4 6 10 1 
1 106 5 36 21 324 323 1 5 0 1 0 1 0 14 17 0 0 1 2 11 0.3056 21 14 0.0648 0.0432 1 1 10 3 0.4762 0.2143 1 0 0 0 2 0 1 1 1 1 0 1 1 0 1 0 13 7 3 4 5 8 1 
0 106 2 36 21 324 323 1 5 1 0 0 1 0 54 14 4 4 4 1 18 0.5000 27 28 0.0833 0.0864 1 1 9 10 0.3333 0.3571 1 0 0 0 0 0 1 0 0 1 1 1 2 0 4 4 10 5 3 5 9 12 1 
1 106 5 36 21 324 323 1 5 1 0 0 0 1 54 0 0 0 4 1 14 0.3889 27 37 0.0833 0.1142 1 1 13 23 0.4815 0.6216 1 0 1 0 1 0 1 2 0 0 2 0 2 1 6 2 10 12 3 5 7 10 1 

0 107 2 36 16 324 323 1 5 1 0 1 0 0 54 17 17 17 4 1 13 0.3611 27 14 0.0833 0.0432 1 1 14 1 0.5185 0.0714 1 0 1 0 0 0 1 1 0 1 0 1 2 1 6 2 9 6 3 4 6 10 1 
0 107 2 36 16 324 323 1 5 1 0 1 0 0 54 14 20 20 4 1 10 0.2778 27 18 0.0833 0.0556 1 1 17 8 0.6296 0.4444 1 0 0 0 0 0 1 0 0 1 1 0 2 2 5 5 4 3 3 6 8 9 1 
1 107 5 36 16 324 323 1 5 0 1 0 1 0 16 9 3.5000 5.5000 1 1 14 0.3889 19 22 0.0586 0.0679 1 1 5 8 0.2632 0.3636 1 0 0 0 0 0 1 0 0 0 0 0 1 0 3 2 4 7 3 5 7 9 1 
0 107 2 36 16 324 323 1 5 1 0 0 1 0 54 14 4 4 4 1 18 0.5000 27 28 0.0833 0.0864 1 1 9 10 0.3333 0.3571 1 0 0 0 0 0 1 0 0 0 1 1 2 0 4 4 10 5 3 5 9 12 1 
1 107 5 36 16 324 323 1 5 1 0 0 0 1 54 0 0 0 4 1 14 0.3889 27 37 0.0833 0.1142 1 1 13 23 0.4815 0.6216 1 0 1 0 0 0 1 1 0 0 2 0 2 1 6 2 10 6 3 5 7 10 1 

0 108 4 36 14 323 320 3 5 1 0 1 0 0 54 17 21 21 2 2 9 0.2500 26 8 0.0805 0.0248 1 0 17 -1.0000 0.6538 -0.1250 1 0 2 0 0 0 2 1 0 0 0 0 2 3 6 2 5 2 3 6 8 9 1 
0 108 3 36 14 323 320 3 5 1 0 1 0 0 15 17 21 21 2 2 11 0.3056 19 8 0.0588 0.0248 1 0 8 -3.0000 0.4211 -0.3750 1 0 2 0 0 0 2 1 0 0 0 0 2 2 7 3 5 5 3 6 8 9 1 
0 108 4 36 14 323 320 3 5 1 0 1 0 0 15 54 2 2 2 2 10 0.2778 19 26 0.0588 0.0805 1 1 9 16 0.4737 0.6154 1 0 2 0 0 0 1 2 0 0 0 0 2 2 5 3 6 7 3 6 9 10 1 
0 108 4 36 14 323 320 3 5 1 0 0 1 0 7 16 7 7 1 2 3 0.0833 28 19 0.0867 0.0588 1 1 25 16 0.8929 0.8421 1 0 0 0 0 0 1 0 0 0 0 0 2 2 4 2 4 2 4 5 6 5 1 
1 108 5 36 14 323 320 3 5 0 1 0 1 0 16 9 3.5000 5.5000 2 1 14 0.3889 19 22 0.0588 0.0681 1 1 5 8 0.2632 0.3636 1 0 0 0 0 0 1 0 0 0 0 0 1 1 1 4 3 9 3 5 7 9 1 

0 109 3 36 15 323 321 2 4 1 0 1 0 0 54 18 22 22 1 2 9 0.2500 26 8 0.0805 0.0248 1 0 17 -1.0000 0.6538 -0.1250 1 0 0 1 0 0 2 0 0 0 0 0 2 2 5 4 5 2 3 6 8 9 1 
0 109 2 36 15 323 321 2 4 1 0 1 0 0 16 18 22 22 1 2 12 0.3333 20 8 0.0619 0.0248 1 0 8 -4.0000 0.4000 -0.5000 1 0 0 1 0 0 2 0 0 0 0 0 2 2 4 6 6 6 3 6 8 9 1 
0 109 3 36 15 323 321 2 4 1 0 0 1 0 7 16 7 7 1 2 3 0.0833 28 19 0.0867 0.0588 1 1 25 16 0.8929 0.8421 1 0 0 0 0 0 1 0 0 0 0 0 2 2 4 2 4 2 4 5 6 5 1 
1 109 4 36 15 323 321 2 4 0 1 0 1 0 16 9 3.5000 5.5000 2 1 14 0.3889 19 22 0.0588 0.0681 1 1 5 8 0.2632 0.3636 1 0 0 0 0 0 1 0 0 0 0 0 1 1 1 4 3 9 3 5 7 9 1 

0 110 3 36 16 324 322 2 4 1 0 1 0 0 54 19 23 23 1 2 9 0.2500 26 8 0.0802 0.0247 1 0 17 -1.0000 0.6538 -0.1250 1 0 0 0 1 0 2 0 0 0 0 0 2 2 4 4 6 2 3 6 8 9 1 
0 110 3 36 16 324 322 2 4 1 0 0 1 0 7 16 7 7 1 2 3 0.0833 28 19 0.0864 0.0586 1 1 25 16 0.8929 0.8421 1 0 0 0 0 0 1 0 0 0 0 0 2 2 4 2 4 2 4 5 6 5 1 
1 110 4 36 16 324 322 2 4 0 1 0 1 0 16 9 3.5000 5.5000 2 1 14 0.3889 19 22 0.0586 0.0679 1 1 5 8 0.2632 0.3636 1 0 0 0 0 0 1 0 0 0 0 0 1 1 1 4 3 9 3 5 7 9 1 
0 110 2 36 16 324 322 2 4 1 0 0 1 0 17 19 23 23 1 2 13 0.3611 21 8 0.0648 0.0247 1 0 8 -5.0000 0.3810 -0.6250 1 0 0 0 1 0 2 0 0 0 0 0 2 2 4 4 9 7 3 6 8 9 1 

0 111 5 36 14 324 318 6 6 1 0 1 0 0 17 19 23 23 1 2 9 0.2500 17 8 0.0525 0.0247 1 0 8 -1.0000 0.4706 -0.1250 1 0 1 0 0 0 2 0 0 0 0 0 2 2 7 1 6 4 3 6 8 9 1 
0 111 4 36 14 324 318 6 6 1 0 1 0 0 3 32 32 32 1 2 12 0.3333 18 12 0.0556 0.0370 1 0 6 0 0.3333 0 1 0 0 0 0 0 1 0 0 0 0 0 2 2 3 2 3 3 3 4 7 10 1 
0 111 5 36 14 324 318 6 6 1 0 0 1 0 32 0 0 0 2 1 4 0.1111 12 4 0.0370 0.0123 1 0 8 0 0.6667 0 1 0 0 0 0 0 1 0 0 0 0 0 2 4 3 7 3 8 4 7 9 11 1 
0 111 5 36 14 324 318 6 6 1 0 0 1 0 7 16 7 7 1 2 3 0.0833 28 19 0.0864 0.0586 1 1 25 16 0.8929 0.8421 1 0 0 0 0 0 1 0 0 0 0 0 2 2 4 2 4 2 4 5 6 5 1 
1 111 6 36 14 324 318 6 6 0 1 0 1 0 16 9 3.5000 5.5000 2 1 14 0.3889 19 22 0.0586 0.0679 1 1 5 8 0.2632 0.3636 1 0 0 0 0 0 1 0 0 0 0 0 1 1 1 4 3 9 3 5 7 9 1 
0 111 4 36 14 324 318 6 6 1 0 0 1 0 54 19 23 23 1 2 11 0.3056 28 8 0.0864 0.0247 1 0 17 -3.0000 0.6071 -0.3750 1 0 1 0 0 0 2 0 0 0 0 0 2 2 7 2 6 1 3 6 8 9 1 

1 112 3 36 20 323 323 0 3 0 1 0 1 0 16 9 3.5000 5.5000 1 1 14 0.3889 19 22 0.0588 0.0681 1 1 5 8 0.2632 0.3636 1 0 0 0 0 0 1 0 0 0 0 0 1 0 3 2 4 9 3 5 7 9 1 
1 112 3 36 20 323 323 0 3 0 1 0 1 0 17 17 0 0 1 1 11 0.3056 21 14 0.0650 0.0433 1 1 10 3 0.4762 0.2143 1 0 0 0 0 0 1 0 0 0 0 0 1 0 1 0 9 7 3 4 5 8 1 
0 112 2 36 20 323 323 0 3 1 0 0 1 0 55 32 32 32 1 1 26 0.7222 28 14 0.0867 0.0433 1 0 2 -12.0000 0.0714 -0.8571 1 0 0 0 0 0 1 0 0 0 0 0 2 2 4 4 5 13 3 4 7 10 1 

0 113 3 36 21 324 323 1 4 1 0 1 0 0 56 20 24 24 2 1 11 0.3056 28 8 0.0864 0.0247 1 0 17 -3.0000 0.6071 -0.3750 1 0 0 0 0 1 1 0 0 1 0 1 2 2 4 2 4 4 3 6 8 9 1 
0 113 2 36 21 324 323 1 4 1 0 1 0 0 56 17 17 17 2 2 14 0.3889 28 14 0.0864 0.0432 1 0 14 0 0.5000 0 1 0 0 0 0 1 1 0 1 1 0 0 2 3 3 5 6 9 3 4 6 10 1 
1 113 4 36 21 324 323 1 4 0 1 0 1 0 16 9 3.5000 5.5000 1 1 14 0.3889 19 22 0.0586 0.0679 1 1 5 8 0.2632 0.3636 1 0 0 0 0 0 1 0 0 0 0 0 1 0 3 2 4 9 3 5 7 9 1 
1 113 4 36 21 324 323 1 4 0 1 0 1 0 17 17 0 0 1 2 11 0.3056 21 14 0.0648 0.0432 1 1 10 3 0.4762 0.2143 1 0 0 0 0 2 1 0 1 0 0 1 1 0 1 0 9 13 3 4 5 8 1 

0 114 3 36 17 324 322 2 6 1 0 1 0 0 56 17 17 17 4 1 13 0.3611 27 14 0.0833 0.0432 1 1 14 1 0.5185 0.0714 1 0 1 0 0 0 1 1 0 1 0 1 2 1 6 2 9 6 3 4 6 10 1 
0 114 3 36 17 324 322 2 6 1 0 1 0 0 56 20 24 24 4 1 10 0.2778 27 11 0.0833 0.0340 1 1 17 1 0.6296 0.0909 1 0 0 0 0 0 1 0 0 1 1 0 2 3 4 3 4 3 3 6 8 9 1 
0 114 5 36 17 324 322 2 6 1 0 0 1 0 16 7 0 0 2 2 5 0.1389 19 28 0.0586 0.0864 1 1 14 23 0.7368 0.8214 1 0 1 0 0 0 1 1 0 0 0 0 2 2 4 2 4 2 3 4 7 7 1 
0 114 5 36 17 324 322 2 6 1 0 0 1 0 16 7 0 0 2 2 6 0.1667 19 28 0.0586 0.0864 1 1 13 22 0.6842 0.7857 1 0 1 0 0 0 1 1 0 0 0 0 2 2 4 2 4 2 3 6 6 8 1 
0 114 3 36 17 324 322 2 6 1 0 0 1 0 56 14 4 4 4 1 18 0.5000 27 28 0.0833 0.0864 1 1 9 10 0.3333 0.3571 1 0 0 0 0 0 1 0 0 0 1 1 2 0 4 4 10 5 3 5 9 12 1 
1 114 6 36 17 324 322 2 6 1 0 0 0 1 56 0 0 0 4 1 14 0.3889 27 37 0.0833 0.1142 1 1 13 23 0.4815 0.6216 1 0 1 0 0 0 1 1 0 0 2 0 2 1 6 2 10 6 3 5 7 10 1 

0 115 2 36 16 323 322 1 3 1 0 0 1 0 7 16 7 7 1 2 3 0.0833 28 19 0.0867 0.0588 1 1 25 16 0.8929 0.8421 1 0 0 0 0 0 1 0 0 0 0 0 2 2 4 2 4 2 4 5 6 5 1 
1 115 3 36 16 323 322 1 3 0 1 0 1 0 16 9 3.5000 5.5000 2 1 14 0.3889 19 22 0.0588 0.0681 1 1 5 8 0.2632 0.3636 1 0 0 0 0 0 1 0 0 0 0 0 1 1 1 4 3 9 3 5 7 9 1 
0 115 2 36 16 323 322 1 3 1 0 0 1 0 57 33 33 33 1 1 26 0.7222 28 14 0.0867 0.0433 1 0 2 -12.0000 0.0714 -0.8571 1 0 0 0 0 0 1 0 0 0 0 0 2 2 4 4 5 13 3 4 7 10 1 

1 116 2 36 17 323 323 0 2 0 1 0 1 0 17 9 3.5000 5.5000 1 1 14 0.3889 19 22 0.0588 0.0681 1 1 5 8 0.2632 0.3636 1 0 0 0 0 0 1 0 0 0 0 0 1 0 3 2 4 7 3 5 7 9 1 
0 116 1 36 17 323 323 0 2 1 0 0 1 0 57 33 33 33 1 1 26 0.7222 28 14 0.0867 0.0433 1 0 2 -12.0000 0.0714 -0.8571 1 0 0 0 0 0 1 0 0 0 0 0 2 2 4 4 5 13 3 4 7 10 1 

0 117 2 36 18 324 323 1 3 1 0 1 0 0 58 20 25 25 2 1 11 0.3056 28 11 0.0864 0.0340 1 0 17 0 0.6071 0 1 0 0 0 0 0 1 0 0 1 0 0 2 2 6 2 5 2 3 6 8 9 1 
0 117 2 36 18 324 323 1 3 1 0 1 0 0 58 17 17 17 2 1 14 0.3889 28 15 0.0864 0.0463 1 1 14 1 0.5000 0.0667 1 0 0 0 0 0 1 0 0 1 0 0 2 2 4 4 7 8 3 4 6 10 1 
1 117 3 36 18 324 323 1 3 0 1 0 1 0 17 9 3.5000 5.5000 1 1 14 0.3889 19 22 0.0586 0.0679 1 1 5 8 0.2632 0.3636 1 0 0 0 0 0 1 0 0 0 0 0 1 0 3 2 4 7 3 5 7 9 1 

0 118 1 36 17 323 322 1 4 0 1 1 0 0 17 9 3.5000 5.5000 3 1 14 0.3889 19 22 0.0588 0.0681 1 1 5 8 0.2632 0.3636 1 0 0 0 0 0 1 0 0 0 0 0 1 1 1 4 3 9 3 5 7 9 1 
1 118 3 36 17 323 322 1 4 1 0 0 1 0 58 34 34 34 1 1 26 0.7222 28 14 0.0867 0.0433 1 0 2 -12.0000 0.0714 -0.8571 1 0 0 0 0 0 1 0 0 0 0 0 2 2 4 4 5 13 3 4 7 10 1 
0 118 1 36 17 323 322 1 4 1 0 0 1 0 17 8 0 0 3 2 5 0.1389 19 28 0.0588 0.0867 1 1 14 23 0.7368 0.8214 1 0 1 0 0 0 1 1 0 0 0 0 2 2 4 2 4 2 3 4 7 7 1 
0 118 1 36 17 323 322 1 4 1 0 0 1 0 17 8 0 0 3 2 6 0.1667 19 28 0.0588 0.0867 1 1 13 22 0.6842 0.7857 1 0 1 0 0 0 1 1 0 0 0 0 2 2 4 2 4 2 3 6 6 8 1 

0 119 1 36 18 324 323 1 4 1 0 1 0 0 10 18 6 6 1 3 14 0.3889 23 19 0.0710 0.0586 1 1 9 5 0.3913 0.2632 1 0 0 0 0 0 1 0 0 0 0 0 2 1 7 1 7 3 3 6 9 12 1 
1 119 3 36 18 324 323 1 4 1 0 0 1 0 59 35 35 35 1 1 26 0.7222 28 14 0.0864 0.0432 1 0 2 -12.0000 0.0714 -0.8571 1 0 0 0 0 0 1 0 0 0 0 0 2 2 4 4 5 13 3 4 7 10 1 
0 119 1 36 18 324 323 1 4 1 0 0 1 0 18 8 0 0 3 2 5 0.1389 19 28 0.0586 0.0864 1 1 14 23 0.7368 0.8214 1 0 1 0 0 0 1 1 0 0 0 0 2 2 4 2 4 2 3 4 7 7 1 
0 119 1 36 18 324 323 1 4 1 0 0 1 0 18 8 0 0 3 2 6 0.1667 19 28 0.0586 0.0864 1 1 13 22 0.6842 0.7857 1 0 1 0 0 0 1 1 0 0 0 0 2 2 4 2 4 2 3 6 6 8 1 

0 120 5 36 1 323 317 6 6 1 0 1 0 0 18 20 25 25 1 1 9 0.2500 17 8 0.0526 0.0248 1 0 8 -1.0000 0.4706 -0.1250 1 0 0 0 0 0 1 0 0 0 0 0 2 2 4 1 4 1 3 6 8 9 1 
0 120 3 36 1 323 317 6 6 1 0 1 0 0 59 35 35 35 1 3 22 0.6111 24 12 0.0743 0.0372 1 0 2 -10.0000 0.0833 -0.8333 1 0 0 0 0 0 2 0 0 0 0 0 2 3 4 5 5 9 3 4 7 10 1 
0 120 4 36 1 323 317 6 6 1 0 1 0 0 3 35 35 35 1 3 12 0.3333 18 12 0.0557 0.0372 1 0 6 0 0.3333 0 1 0 0 0 0 0 2 0 0 0 0 0 2 2 3 2 3 3 3 4 7 10 1 
0 120 5 36 1 323 317 6 6 1 0 0 1 0 35 0 0 0 3 1 4 0.1111 12 4 0.0372 0.0124 1 0 8 0 0.6667 0 1 0 0 0 0 0 1 0 0 0 0 0 2 4 3 7 3 8 4 7 9 11 1 
0 120 5 36 1 323 317 6 6 1 0 0 1 0 8 18 8 8 1 2 3 0.0833 28 19 0.0867 0.0588 1 1 25 16 0.8929 0.8421 1 0 0 0 0 0 1 0 0 0 0 0 2 2 4 2 4 2 4 5 6 5 1 
1 120 6 36 1 323 317 6 6 0 1 0 1 0 18 10 4 6 2 1 14 0.3889 19 22 0.0588 0.0681 1 1 5 8 0.2632 0.3636 1 0 0 0 0 0 1 0 0 0 0 0 1 1 1 4 3 9 3 5 7 9 1 

0 121 5 36 2 324 318 6 6 1 0 1 0 0 18 20 25 25 1 1 9 0.2500 17 8 0.0525 0.0247 1 0 8 -1.0000 0.4706 -0.1250 1 0 0 0 0 0 1 0 0 0 0 0 2 2 4 1 4 1 3 6 8 9 1 
0 121 4 36 2 324 318 6 6 1 0 1 0 0 3 36 36 36 1 3 12 0.3333 18 12 0.0556 0.0370 1 0 6 0 0.3333 0 1 0 0 0 0 0 2 0 0 0 0 0 2 2 3 2 3 3 3 4 7 10 1 
0 121 3 36 2 324 318 6 6 1 0 1 0 0 60 36 36 36 1 3 23 0.6389 25 12 0.0772 0.0370 1 0 2 -11.0000 0.0800 -0.9167 1 0 0 0 0 0 2 0 0 0 0 0 2 2 6 4 6 8 3 4 7 10 1 
0 121 5 36 2 324 318 6 6 1 0 0 1 0 36 0 0 0 3 1 4 0.1111 12 4 0.0370 0.0123 1 0 8 0 0.6667 0 1 0 0 0 0 0 1 0 0 0 0 0 2 4 3 7 3 8 4 7 9 11 1 
0 121 5 36 2 324 318 6 6 1 0 0 1 0 8 18 8 8 1 2 3 0.0833 28 19 0.0864 0.0586 1 1 25 16 0.8929 0.8421 1 0 0 0 0 0 1 0 0 0 0 0 2 2 4 2 4 2 4 5 6 5 1 
1 121 6 36 2 324 318 6 6 0 1 0 1 0 18 10 4 6 2 1 14 0.3889 19 22 0.0586 0.0679 1 1 5 8 0.2632 0.3636 1 0 0 0 0 0 1 0 0 0 0 0 1 1 1 4 3 9 3 5 7 9 1 

0 122 3 36 14 324 322 2 6 1 0 1 0 0 18 20 25 25 3 3 10 0.2778 18 11 0.0556 0.0340 1 1 8 1 0.4444 0.0909 3 0 1 0 0 0 3 1 0 0 0 0 2 3 4 4 3 4 3 6 8 9 1 
0 122 5 36 14 324 322 2 6 0 1 1 0 0 18 60 2 25 3 2 10 0.2778 18 26 0.0556 0.0802 1 1 8 16 0.4444 0.6154 2 1 0 0 0 0 3 0 0 0 0 0 1 0 1 0 1 5 2 4 5 6 1 
0 122 5 36 14 324 322 2 6 1 0 0 1 0 8 18 8 8 1 2 3 0.0833 28 19 0.0864 0.0586 1 1 25 16 0.8929 0.8421 1 0 0 0 0 0 1 0 0 0 0 0 2 2 4 2 4 2 4 5 6 5 1 
1 122 6 36 14 324 322 2 6 0 1 0 1 0 18 10 4 6 2 1 14 0.3889 19 22 0.0586 0.0679 1 1 5 8 0.2632 0.3636 1 0 0 0 0 0 1 0 0 0 0 0 1 1 1 4 3 9 3 5 7 9 1 
0 122 4 36 14 324 322 2 6 0 1 0 1 0 20 60 2 25 3 2 10 0.2778 11 26 0.0340 0.0802 1 1 1 16 0.0909 0.6154 2 1 0 0 0 0 3 0 0 0 0 0 1 0 1 0 1 5 2 4 5 6 1 
0 122 4 36 14 324 322 2 6 1 0 0 1 0 18 20 2 2 3 3 9 0.2500 18 11 0.0556 0.0340 1 1 9 2 0.5000 0.1818 1 2 1 0 0 0 3 1 0 0 0 0 2 3 3 4 3 5 3 6 9 10 1 

0 123 5 36 16 324 322 2 8 1 0 1 0 0 18 20 25 25 3 3 10 0.2778 18 11 0.0556 0.0340 1 1 8 1 0.4444 0.0909 3 0 1 0 0 0 3 1 0 0 1 0 2 3 5 3 4 3 3 6 8 9 1 
0 123 5 36 16 324 322 2 8 0 1 1 0 0 18 60 2 25 3 4 10 0.2778 18 27 0.0556 0.0833 1 1 8 17 0.4444 0.6296 2 1 0 0 0 0 3 0 0 1 0 0 1 1 0 1 0 2 2 4 5 6 1 
0 123 7 36 16 324 322 2 8 1 0 0 1 0 8 18 8 8 1 2 3 0.0833 28 19 0.0864 0.0586 1 1 25 16 0.8929 0.8421 1 0 0 0 0 0 1 0 0 0 0 0 2 2 4 2 4 2 4 5 6 5 1 
1 123 8 36 16 324 322 2 8 0 1 0 1 0 18 10 4 6 2 1 14 0.3889 19 22 0.0586 0.0679 1 1 5 8 0.2632 0.3636 1 0 0 0 0 0 1 0 0 0 0 0 1 1 1 4 3 9 3 5 7 9 1 
0 123 5 36 16 324 322 2 8 1 0 0 1 0 60 14 4 4 4 1 18 0.5000 27 28 0.0833 0.0864 1 1 9 10 0.3333 0.3571 1 0 0 0 0 0 1 0 0 0 1 0 2 0 4 4 10 5 3 5 9 12 1 
0 123 5 36 16 324 322 2 8 0 1 0 1 0 20 60 2 25 3 4 10 0.2778 11 27 0.0340 0.0833 1 1 1 17 0.0909 0.6296 2 1 0 0 0 0 3 0 0 1 0 0 1 1 0 1 0 2 2 4 5 6 1 
0 123 6 36 16 324 322 2 8 1 0 0 1 0 18 20 2 2 3 3 9 0.2500 18 11 0.0556 0.0340 1 1 9 2 0.5000 0.1818 1 2 1 0 0 0 3 1 0 1 0 0 2 3 4 3 4 4 3 6 9 10 1 
1 123 8 36 16 324 322 2 8 1 0 0 0 1 60 0 0 0 4 1 14 0.3889 27 37 0.0833 0.1142 1 1 13 23 0.4815 0.6216 1 0 0 0 0 0 1 0 0 3 2 0 2 1 5 4 8 7 3 5 7 10 1 

0 124 7 36 17 323 316 7 8 1 0 1 0 0 18 20 25 25 3 2 9 0.2500 17 8 0.0526 0.0248 1 0 8 -1.0000 0.4706 -0.1250 2 1 0 0 0 0 3 0 0 1 0 0 2 4 6 3 6 3 3 6 8 9 1 
0 124 7 36 17 323 316 7 8 1 0 1 0 0 17 20 25 25 2 2 8 0.2222 12 8 0.0372 0.0248 1 0 4 0 0.3333 0 1 2 0 0 0 0 3 0 0 1 0 0 2 5 3 6 3 9 3 6 8 9 1 
0 124 6 36 17 323 316 7 8 1 0 1 0 0 3 37 37 37 1 2 12 0.3333 18 12 0.0557 0.0372 1 0 6 0 0.3333 0 1 0 0 0 0 0 1 0 0 0 0 0 2 2 3 2 3 3 3 4 7 10 1 
0 124 7 36 17 323 316 7 8 0 1 1 0 0 17 18 25 2 2 3 9 0.2500 12 17 0.0372 0.0526 1 1 3 8 0.2500 0.4706 2 1 0 0 0 0 3 0 0 1 0 0 2 2 5 1 4 1 2 4 4 4 1 
0 124 7 36 17 323 316 7 8 1 0 0 1 0 37 0 0 0 2 1 4 0.1111 12 4 0.0372 0.0124 1 0 8 0 0.6667 0 1 0 0 0 0 0 1 0 0 0 0 1 2 4 3 7 3 8 4 7 9 11 1 
0 124 7 36 17 323 316 7 8 1 0 0 1 0 8 18 8 8 1 2 3 0.0833 28 19 0.0867 0.0588 1 1 25 16 0.8929 0.8421 1 0 0 0 0 0 1 0 0 0 0 0 2 2 4 2 4 2 4 5 6 5 1 
1 124 8 36 17 323 316 7 8 0 1 0 1 0 18 10 4 6 2 1 14 0.3889 19 22 0.0588 0.0681 1 1 5 8 0.2632 0.3636 1 0 0 0 0 0 1 0 0 0 0 0 1 1 1 4 3 10 3 5 7 9 1 
0 124 7 36 17 323 316 7 8 1 0 0 0 1 61 18 0 0 1 3 12 0.3333 30 17 0.0929 0.0526 1 1 18 5 0.6000 0.2941 1 0 0 0 0 0 1 0 0 3 0 0 2 0 4 1 6 5 3 5 8 10 1 

0 125 5 36 18 323 318 5 6 1 0 1 0 0 18 20 25 25 3 2 9 0.2500 17 8 0.0526 0.0248 1 0 8 -1.0000 0.4706 -0.1250 2 1 0 0 0 0 3 0 0 1 0 0 2 4 6 3 6 3 3 6 8 9 1 
0 125 5 36 18 323 318 5 6 1 0 1 0 0 17 20 25 25 2 2 8 0.2222 12 8 0.0372 0.0248 1 0 4 0 0.3333 0 1 2 0 0 0 0 3 0 0 1 0 0 2 5 3 6 3 9 3 6 8 9 1 
0 125 5 36 18 323 318 5 6 0 1 1 0 0 17 18 25 2 2 3 9 0.2500 12 17 0.0372 0.0526 1 1 3 8 0.2500 0.4706 2 1 0 0 0 0 3 0 0 1 0 0 2 2 5 1 4 1 2 4 4 4 1 
0 125 5 36 18 323 318 5 6 1 0 0 1 0 8 18 8 8 1 2 3 0.0833 28 19 0.0867 0.0588 1 1 25 16 0.8929 0.8421 1 0 0 0 0 0 1 0 0 0 0 0 2 2 4 2 4 2 4 5 6 5 1 
1 125 6 36 18 323 318 5 6 0 1 0 1 0 18 10 4 6 2 1 14 0.3889 19 22 0.0588 0.0681 1 1 5 8 0.2632 0.3636 1 0 0 0 0 0 1 0 0 0 0 0 1 1 1 4 3 10 3 5 7 9 1 
0 125 5 36 18 323 318 5 6 1 0 0 0 1 61 18 0 0 1 3 12 0.3333 30 17 0.0929 0.0526 1 1 18 5 0.6000 0.2941 1 0 0 0 0 0 1 0 0 3 0 0 2 0 4 1 6 5 3 5 8 10 1 

0 126 4 36 19 324 321 3 5 0 1 1 0 0 17 19 26 2 1 3 9 0.2500 12 17 0.0370 0.0525 1 1 3 8 0.2500 0.4706 1 1 0 0 0 0 2 0 0 1 0 0 1 2 4 2 4 2 2 4 4 4 1 
0 126 4 36 19 324 321 3 5 1 0 0 1 0 8 18 8 8 1 2 3 0.0833 28 19 0.0864 0.0586 1 1 25 16 0.8929 0.8421 1 0 0 0 0 0 1 0 0 0 0 0 2 2 4 2 4 2 4 5 6 5 1 
1 126 5 36 19 324 321 3 5 0 1 0 1 0 18 10 4 6 2 1 14 0.3889 19 22 0.0586 0.0679 1 1 5 8 0.2632 0.3636 1 0 0 0 0 0 1 0 0 0 0 0 1 1 1 4 3 10 3 5 7 9 1 
0 126 3 36 19 324 321 3 5 1 0 0 0 1 61 19 0 0 1 3 12 0.3333 30 17 0.0926 0.0525 1 1 18 5 0.6000 0.2941 1 0 0 0 1 0 1 0 1 1 0 0 2 0 4 1 6 8 3 5 8 10 1 
0 126 3 36 19 324 321 3 5 0 1 0 0 1 21 19 0 26 1 3 10 0.2778 11 17 0.0340 0.0525 1 1 1 7 0.0909 0.4118 1 0 0 0 1 0 1 0 1 0 0 0 1 0 3 0 4 1 3 3 3 5 1 

0 127 4 36 19 323 319 4 5 1 0 1 0 0 17 21 26 26 2 2 8 0.2222 12 8 0.0372 0.0248 1 0 4 0 0.3333 0 1 0 2 0 0 0 2 1 0 0 0 0 2 4 5 5 4 8 3 6 8 9 1 
0 127 3 36 19 323 319 4 5 1 0 1 0 0 19 21 26 26 2 2 10 0.2778 18 8 0.0557 0.0248 1 0 8 -2.0000 0.4444 -0.2500 1 0 2 0 0 0 2 1 0 0 0 0 2 2 7 6 4 7 3 6 8 9 1 
0 127 4 36 19 323 319 4 5 1 0 1 0 0 19 17 2 2 2 2 9 0.2500 18 12 0.0557 0.0372 1 1 9 3 0.5000 0.2500 1 0 2 0 0 0 1 2 0 0 0 0 2 2 5 6 4 7 3 6 9 10 1 
0 127 4 36 19 323 319 4 5 1 0 0 1 0 8 18 8 8 1 2 3 0.0833 28 19 0.0867 0.0588 1 1 25 16 0.8929 0.8421 1 0 0 0 0 0 1 0 0 0 0 0 2 2 4 2 4 2 4 5 6 5 1 
1 127 5 36 19 323 319 4 5 0 1 0 1 0 18 10 4 6 2 1 14 0.3889 19 22 0.0588 0.0681 1 1 5 8 0.2632 0.3636 1 0 0 0 0 0 1 0 0 0 0 0 1 1 1 4 3 10 3 5 7 9 1 

0 128 3 36 20 323 320 3 4 1 0 1 0 0 17 22 27 27 1 2 8 0.2222 12 8 0.0372 0.0248 1 0 4 0 0.3333 0 1 0 0 1 0 0 2 0 0 0 0 0 2 3 4 7 4 8 3 6 8 9 1 
0 128 2 36 20 323 320 3 4 1 0 1 0 0 20 22 27 27 1 2 11 0.3056 19 8 0.0588 0.0248 1 0 8 -3.0000 0.4211 -0.3750 1 0 0 1 0 0 2 0 0 0 0 0 2 2 4 6 10 4 3 6 8 9 1 
0 128 3 36 20 323 320 3 4 1 0 0 1 0 8 18 8 8 1 2 3 0.0833 28 19 0.0867 0.0588 1 1 25 16 0.8929 0.8421 1 0 0 0 0 0 1 0 0 0 0 0 2 2 4 2 4 2 4 5 6 5 1 
1 128 4 36 20 323 320 3 4 0 1 0 1 0 18 10 4 6 2 1 14 0.3889 19 22 0.0588 0.0681 1 1 5 8 0.2632 0.3636 1 0 0 0 0 0 1 0 0 0 0 0 1 1 1 4 3 10 3 5 7 9 1 

0 129 3 36 21 324 321 3 4 1 0 1 0 0 17 23 28 28 1 2 8 0.2222 12 8 0.0370 0.0247 1 0 4 0 0.3333 0 1 0 0 0 1 0 2 0 0 0 0 0 2 3 3 7 5 8 3 6 8 9 1 
0 129 2 36 21 324 321 3 4 1 0 1 0 0 21 23 28 28 1 2 12 0.3333 20 8 0.0617 0.0247 1 0 8 -4.0000 0.4000 -0.5000 1 0 0 0 1 0 2 0 0 0 0 0 2 2 4 5 8 9 3 6 8 9 1 
0 129 3 36 21 324 321 3 4 1 0 0 1 0 8 18 8 8 1 2 3 0.0833 28 19 0.0864 0.0586 1 1 25 16 0.8929 0.8421 1 0 0 0 0 0 1 0 0 0 0 0 2 2 4 2 4 2 4 5 6 5 1 
1 129 4 36 21 324 321 3 4 0 1 0 1 0 18 10 4 6 2 1 14 0.3889 19 22 0.0586 0.0679 1 1 5 8 0.2632 0.3636 1 0 0 0 0 0 1 0 0 0 0 0 1 1 1 4 3 10 3 5 7 9 1 

0 130 7 36 18 325 317 8 8 1 0 1 0 0 21 23 28 28 3 2 9 0.2500 17 8 0.0523 0.0246 1 0 8 -1.0000 0.4706 -0.1250 2 1 0 0 0 0 3 0 0 1 0 0 2 4 6 3 6 3 3 6 8 9 1 
0 130 7 36 18 325 317 8 8 1 0 1 0 0 17 23 28 28 2 2 8 0.2222 12 8 0.0369 0.0246 1 0 4 0 0.3333 0 1 2 0 0 0 0 3 0 0 1 0 0 2 5 3 6 3 9 3 6 8 9 1 
0 130 7 36 18 325 317 8 8 0 1 1 0 0 17 21 28 2 2 3 9 0.2500 12 17 0.0369 0.0523 1 1 3 8 0.2500 0.4706 2 1 0 0 0 0 3 0 0 1 0 0 2 2 5 1 4 1 2 4 4 4 1 
0 130 6 36 18 325 317 8 8 1 0 1 0 0 4 38 38 38 1 2 13 0.3611 19 12 0.0585 0.0369 1 0 6 -1.0000 0.3158 -0.0833 1 0 0 0 0 0 1 0 0 0 0 0 2 2 4 2 3 3 3 4 7 10 1 
0 130 7 36 18 325 317 8 8 1 0 0 1 0 38 0 0 0 2 1 4 0.1111 12 4 0.0369 0.0123 1 0 8 0 0.6667 0 1 0 0 0 0 0 1 0 0 0 0 1 2 4 3 7 3 8 4 7 9 11 1 
0 130 7 36 18 325 317 8 8 1 0 0 1 0 8 18 8 8 1 2 3 0.0833 28 19 0.0862 0.0585 1 1 25 16 0.8929 0.8421 1 0 0 0 0 0 1 0 0 0 0 0 2 2 4 2 4 2 4 5 6 5 1 
1 130 8 36 18 325 317 8 8 0 1 0 1 0 18 10 4 6 2 1 14 0.3889 19 22 0.0585 0.0677 1 1 5 8 0.2632 0.3636 1 0 0 0 0 0 1 0 0 0 0 0 1 1 1 4 3 10 3 5 7 9 1 
0 130 7 36 18 325 317 8 8 1 0 0 0 1 61 21 0 0 1 3 12 0.3333 30 17 0.0923 0.0523 1 1 18 5 0.6000 0.2941 1 0 0 0 0 0 1 0 0 3 0 0 2 0 4 1 6 5 3 5 8 10 1 

