0 1 16 29 0 281 275 6 17 1 0 1 0 0 0 0 0 0 1 1 14 0.4828 25 10 0.0890 0.0356 1 0 11 -4.0000 0.4400 -0.4000 1 0 0 0 0 0 1 0 0 0 0 0 2 2 4 2 6 4 3 5 8 7 1 
0 1 15 29 0 281 275 6 17 1 0 1 0 0 0 0 0 0 5 2 1 0.0345 21 5 0.0747 0.0178 1 1 20 4 0.9524 0.8000 1 0 0 0 0 0 1 0 0 2 1 1 2 0 4 0 2 0 3 5 7 10 1 
0 1 15 29 0 281 275 6 17 0 1 1 0 0 0 0 0 0 5 1 10 0.3448 21 17 0.0747 0.0605 1 1 11 7 0.5238 0.4118 1 0 0 4 0 1 1 3 1 2 1 1 1 2 2 12 3 9 2 5 7 7 1 
0 1 11 29 0 281 275 6 17 1 0 1 0 0 0 0 0 0 5 7 10 0.3448 21 19 0.0747 0.0676 1 1 11 9 0.5238 0.4737 2 0 0 0 4 0 2 0 3 1 2 1 2 2 7 3 20 4 3 6 10 10 1 
0 1 11 29 0 281 275 6 17 1 0 1 0 0 0 0 0 0 7 7 14 0.4828 26 19 0.0925 0.0676 1 1 12 5 0.4615 0.2632 1 0 2 0 1 0 1 2 4 2 3 0 2 1 6 2 9 7 3 6 9 10 1 
0 1 11 29 0 281 275 6 17 1 0 1 0 0 0 0 0 0 7 7 15 0.5172 26 19 0.0925 0.0676 1 1 11 4 0.4231 0.2105 1 0 2 0 2 0 1 2 2 4 1 2 2 0 5 2 7 4 3 5 8 10 1 
1 1 17 29 0 281 275 6 17 1 0 1 0 0 0 0 0 0 2 1 2 0.0690 7 8 0.0249 0.0285 1 1 5 6 0.7143 0.7500 1 0 0 0 0 0 1 0 0 0 1 0 2 0 4 0 4 0 3 4 7 10 1 
0 1 15 29 0 281 275 6 17 1 0 0 1 0 0 0 0 0 1 2 14 0.4828 20 7 0.0712 0.0249 1 0 6 -7.0000 0.3000 -1.0000 1 0 0 0 0 0 1 0 0 0 1 1 2 2 4 2 4 3 3 4 7 8 1 
0 1 15 29 0 281 275 6 17 1 0 0 1 0 0 0 0 0 1 2 15 0.5172 23 5 0.0819 0.0178 1 0 8 -10.0000 0.3478 -2.0000 1 0 0 0 0 0 1 0 0 1 0 1 2 2 4 3 6 5 4 7 9 11 1 
0 1 15 29 0 281 275 6 17 1 0 0 1 0 0 0 0 0 5 2 8 0.2759 21 27 0.0747 0.0961 1 1 13 19 0.6190 0.7037 3 0 0 1 2 0 3 2 3 1 1 1 3 0 6 6 17 6 4 7 8 12 1 
0 1 15 29 0 281 275 6 17 1 0 0 1 0 0 0 0 0 5 3 8 0.2759 21 20 0.0747 0.0712 1 1 13 12 0.6190 0.6000 3 0 0 1 2 0 3 2 3 1 1 1 3 0 6 6 17 6 4 7 8 12 1 
0 1 11 29 0 281 275 6 17 1 0 0 1 0 0 0 0 0 7 7 16 0.5517 26 19 0.0925 0.0676 1 1 10 3 0.3846 0.1579 1 0 2 0 2 0 1 2 2 1 3 2 2 0 4 1 6 6 3 5 5 8 1 
0 1 11 29 0 281 275 6 17 1 0 0 1 0 0 0 0 0 7 7 17 0.5862 26 19 0.0925 0.0676 1 1 9 2 0.3462 0.1053 1 0 2 0 1 0 1 2 1 1 2 3 2 0 4 1 7 7 4 4 5 9 1 
0 1 11 29 0 281 275 6 17 1 0 0 1 0 0 0 0 0 7 7 18 0.6207 26 19 0.0925 0.0676 1 1 8 1 0.3077 0.0526 1 0 1 0 1 0 1 1 1 2 1 1 2 1 4 3 8 6 3 6 8 9 1 
1 1 17 29 0 281 275 6 17 1 0 0 0 1 0 0 0 0 7 7 13 0.4483 26 19 0.0925 0.0676 1 1 13 6 0.5000 0.3158 1 0 1 0 1 1 1 4 2 3 1 1 2 0 5 5 13 4 4 6 8 10 1 
1 1 17 29 0 281 275 6 17 1 0 0 0 1 0 0 0 0 7 3 10 0.3448 26 20 0.0925 0.0712 1 1 16 10 0.6154 0.5000 1 0 0 1 4 0 1 0 3 2 2 1 2 0 4 2 21 4 3 6 10 13 1 
0 1 16 29 0 281 275 6 17 1 0 0 0 1 0 0 0 0 2 3 8 0.2759 27 20 0.0961 0.0712 1 1 19 12 0.7037 0.6000 3 0 0 1 2 0 3 2 3 1 1 1 3 0 6 6 17 6 4 7 8 12 1 

0 2 10 29 1 281 276 5 11 1 0 1 0 0 0 0 0 0 1 1 14 0.4828 25 10 0.0890 0.0356 1 0 11 -4.0000 0.4400 -0.4000 1 0 0 0 0 0 1 0 0 0 0 0 2 2 4 2 6 4 3 5 8 7 1 
0 2 9 29 1 281 276 5 11 1 0 1 0 0 1 0 0 0 5 2 1 0.0345 21 5 0.0747 0.0178 1 1 20 4 0.9524 0.8000 1 0 0 0 0 0 1 0 0 1 0 0 2 0 4 0 2 0 3 5 7 10 1 
0 2 9 29 1 281 276 5 11 0 1 1 0 0 1 0 0 1 5 1 10 0.3448 21 17 0.0747 0.0605 1 1 11 7 0.5238 0.4118 1 0 0 4 0 0 1 3 0 1 0 0 1 1 2 11 3 8 2 5 7 7 1 
1 2 11 29 1 281 276 5 11 1 0 1 0 0 0 0 0 0 2 1 2 0.0690 7 8 0.0249 0.0285 1 1 5 6 0.7143 0.7500 1 0 0 0 0 0 1 0 0 0 1 0 2 0 4 0 4 0 3 4 7 10 1 
0 2 9 29 1 281 276 5 11 0 1 1 0 0 1 1 0 1 1 5 11 0.3793 20 21 0.0712 0.0747 1 1 9 10 0.4500 0.4762 1 0 0 0 1 0 1 0 0 1 0 3 1 0 5 0 8 1 2 4 5 7 1 
0 2 9 29 1 281 276 5 11 1 0 0 1 0 0 0 0 0 1 2 14 0.4828 20 7 0.0712 0.0249 1 0 6 -7.0000 0.3000 -1.0000 1 0 0 0 0 0 1 0 0 0 1 1 2 2 4 2 4 3 3 4 7 8 1 
0 2 9 29 1 281 276 5 11 1 0 0 1 0 0 0 0 0 1 2 15 0.5172 23 5 0.0819 0.0178 1 0 8 -10.0000 0.3478 -2.0000 1 0 0 0 0 0 1 0 0 1 0 1 2 2 4 3 6 5 4 7 9 11 1 
0 2 9 29 1 281 276 5 11 1 0 0 1 0 1 0 0 0 5 2 8 0.2759 21 27 0.0747 0.0961 1 1 13 19 0.6190 0.7037 3 0 0 1 1 1 3 1 2 0 0 0 3 0 6 6 15 10 4 7 8 12 1 
0 2 9 29 1 281 276 5 11 1 0 0 1 0 1 0 0 0 5 3 8 0.2759 21 20 0.0747 0.0712 1 1 13 12 0.6190 0.6000 3 0 0 1 1 1 3 1 2 0 0 0 3 0 6 6 15 10 4 7 8 12 1 
1 2 12 29 1 281 276 5 11 1 0 0 0 1 0 0 0 0 1 3 10 0.3448 26 20 0.0925 0.0712 1 1 16 10 0.6154 0.5000 1 0 0 1 4 0 1 0 3 2 0 0 2 0 4 3 19 7 3 6 10 13 1 
0 2 10 29 1 281 276 5 11 1 0 0 0 1 0 0 0 0 2 3 8 0.2759 27 20 0.0961 0.0712 1 1 19 12 0.7037 0.6000 3 0 0 1 1 1 3 1 2 0 0 0 3 0 6 6 15 10 4 7 8 12 1 

0 3 8 29 2 281 277 4 9 1 0 1 0 0 0 0 0 0 1 1 14 0.4828 25 10 0.0890 0.0356 1 0 11 -4.0000 0.4400 -0.4000 1 0 0 0 0 0 1 0 0 0 0 0 2 2 4 2 6 4 3 5 8 7 1 
1 3 9 29 2 281 277 4 9 1 0 1 0 0 0 0 0 0 2 1 2 0.0690 7 8 0.0249 0.0285 1 1 5 6 0.7143 0.7500 1 0 0 0 0 0 1 0 0 0 1 0 2 0 4 0 4 0 3 4 7 10 1 
0 3 8 29 2 281 277 4 9 0 1 1 0 0 2 1 0 1 3 2 2 0.0690 22 5 0.0783 0.0178 1 1 20 3 0.9091 0.6000 1 0 0 0 0 0 1 0 1 0 0 0 1 0 1 0 1 2 2 5 8 8 1 
0 3 8 29 2 281 277 4 9 1 0 1 0 0 2 0 0 0 3 1 10 0.3448 22 17 0.0783 0.0605 1 1 12 7 0.5455 0.4118 1 0 1 2 0 0 1 2 0 1 0 0 2 1 8 13 7 12 3 6 9 10 1 
0 3 8 29 2 281 277 4 9 1 0 1 0 0 2 1 1 1 3 1 11 0.3793 22 20 0.0783 0.0712 1 1 11 9 0.5000 0.4500 1 0 1 0 0 2 1 1 1 0 1 0 2 1 7 10 7 15 3 6 10 10 1 
0 3 7 29 2 281 277 4 9 1 0 0 1 0 0 0 0 0 1 2 14 0.4828 20 7 0.0712 0.0249 1 0 6 -7.0000 0.3000 -1.0000 1 0 0 0 0 0 1 0 0 0 1 1 2 2 4 2 4 3 3 4 7 8 1 
0 3 7 29 2 281 277 4 9 1 0 0 1 0 0 1 0 0 1 2 15 0.5172 23 5 0.0819 0.0178 1 0 8 -10.0000 0.3478 -2.0000 1 0 0 0 0 0 1 0 1 0 0 1 2 2 4 3 6 5 4 7 9 11 1 
1 3 9 29 2 281 277 4 9 1 0 0 0 1 0 0 0 0 1 2 10 0.3448 26 20 0.0925 0.0712 1 1 16 10 0.6154 0.5000 1 0 0 1 1 1 1 0 1 1 1 0 2 0 4 5 15 10 3 6 10 13 1 
0 3 8 29 2 281 277 4 9 1 0 0 0 1 0 0 0 0 1 2 8 0.2759 27 20 0.0961 0.0712 1 1 19 12 0.7037 0.6000 1 0 0 1 1 1 1 1 2 0 0 0 2 2 4 8 13 12 4 7 8 12 1 

0 4 7 29 3 281 277 4 8 1 0 1 0 0 0 0 0 0 1 1 14 0.4828 25 10 0.0890 0.0356 1 0 11 -4.0000 0.4400 -0.4000 1 0 0 0 0 0 1 0 0 0 0 0 2 2 4 2 6 4 3 5 8 7 1 
1 4 8 29 3 281 277 4 8 1 0 1 0 0 1 0 0 0 1 1 2 0.0690 7 8 0.0249 0.0285 1 1 5 6 0.7143 0.7500 1 0 0 0 0 0 1 0 0 0 0 0 2 0 4 0 4 0 3 4 7 10 1 
0 4 7 29 3 281 277 4 8 0 1 1 0 0 2 1 0 1 3 2 2 0.0690 22 5 0.0783 0.0178 1 1 20 3 0.9091 0.6000 1 0 0 0 0 0 1 0 1 0 0 0 1 0 1 0 1 2 2 5 8 8 1 
0 4 7 29 3 281 277 4 8 1 0 1 0 0 2 0 0 0 3 1 10 0.3448 22 17 0.0783 0.0605 1 1 12 7 0.5455 0.4118 1 0 1 2 0 0 1 2 0 1 0 0 2 1 8 13 7 12 3 6 9 10 1 
0 4 7 29 3 281 277 4 8 1 0 1 0 0 2 1 1 1 3 1 11 0.3793 22 20 0.0783 0.0712 1 1 11 9 0.5000 0.4500 1 0 1 0 0 2 1 1 1 0 1 0 2 1 7 10 7 15 3 6 10 10 1 
0 4 6 29 3 281 277 4 8 1 0 0 1 0 0 1 0 0 1 2 15 0.5172 23 5 0.0819 0.0178 1 0 8 -10.0000 0.3478 -2.0000 1 0 0 0 0 0 1 0 1 0 0 0 2 2 4 3 8 5 4 7 9 11 1 
1 4 8 29 3 281 277 4 8 1 0 0 0 1 0 0 0 0 1 2 10 0.3448 26 20 0.0925 0.0712 1 1 16 10 0.6154 0.5000 1 0 0 1 1 1 1 0 1 1 1 0 2 0 4 5 15 10 3 6 10 13 1 
0 4 7 29 3 281 277 4 8 1 0 0 0 1 0 0 0 0 1 2 8 0.2759 27 20 0.0961 0.0712 1 1 19 12 0.7037 0.6000 1 0 0 1 1 1 1 1 2 0 0 0 2 2 4 8 13 12 4 7 8 12 1 

0 5 6 29 4 281 277 4 7 1 0 1 0 0 0 0 0 0 1 1 14 0.4828 25 10 0.0890 0.0356 1 0 11 -4.0000 0.4400 -0.4000 1 0 0 0 0 0 1 0 0 0 0 0 2 2 4 2 6 4 3 5 8 7 1 
1 5 7 29 4 281 277 4 7 1 0 1 0 0 1 0 0 0 1 1 2 0.0690 7 8 0.0249 0.0285 1 1 5 6 0.7143 0.7500 1 0 0 0 0 0 1 0 0 0 0 0 2 0 4 0 4 0 3 4 7 10 1 
0 5 6 29 4 281 277 4 7 0 1 1 0 0 2 2 0 1 3 1 2 0.0690 22 5 0.0783 0.0178 1 1 20 3 0.9091 0.6000 1 0 0 0 0 0 1 0 0 0 0 0 1 0 1 0 1 2 2 5 8 8 1 
0 5 6 29 4 281 277 4 7 1 0 1 0 0 2 0 0 0 3 1 10 0.3448 22 17 0.0783 0.0605 1 1 12 7 0.5455 0.4118 1 0 1 2 0 0 1 2 0 1 0 0 2 1 8 13 7 12 3 6 9 10 1 
0 5 6 29 4 281 277 4 7 1 0 1 0 0 2 1 1 1 3 1 11 0.3793 22 20 0.0783 0.0712 1 1 11 9 0.5000 0.4500 1 0 1 0 0 2 1 1 1 0 1 0 2 1 7 10 7 15 3 6 10 10 1 
1 5 7 29 4 281 277 4 7 1 0 0 0 1 0 0 0 0 1 2 10 0.3448 26 20 0.0925 0.0712 1 1 16 10 0.6154 0.5000 1 0 0 1 1 1 1 0 1 1 1 0 2 0 4 5 15 10 3 6 10 13 1 
0 5 6 29 4 281 277 4 7 1 0 0 0 1 0 0 0 0 1 2 8 0.2759 27 20 0.0961 0.0712 1 1 19 12 0.7037 0.6000 1 0 0 1 1 1 1 1 2 0 0 0 2 2 4 8 13 12 4 7 8 12 1 

1 6 7 29 5 281 278 3 7 1 0 1 0 0 1 0 0 0 1 1 2 0.0690 7 8 0.0249 0.0285 1 1 5 6 0.7143 0.7500 1 0 0 0 0 0 1 0 0 0 0 0 2 0 4 0 4 0 3 4 7 10 1 
0 6 6 29 5 281 278 3 7 0 1 1 0 0 2 2 0 1 3 1 2 0.0690 22 5 0.0783 0.0178 1 1 20 3 0.9091 0.6000 1 0 0 0 0 0 1 0 0 0 0 0 1 0 1 0 1 2 2 5 8 8 1 
0 6 6 29 5 281 278 3 7 1 0 1 0 0 2 0 0 0 3 1 10 0.3448 22 17 0.0783 0.0605 1 1 12 7 0.5455 0.4118 1 0 1 2 0 0 1 2 0 1 0 0 2 1 8 13 7 12 3 6 9 10 1 
0 6 6 29 5 281 278 3 7 1 0 1 0 0 2 1 1 1 3 1 11 0.3793 22 20 0.0783 0.0712 1 1 11 9 0.5000 0.4500 1 0 1 0 0 2 1 1 1 0 1 0 2 1 7 10 7 15 3 6 10 10 1 
0 6 6 29 5 281 278 3 7 1 0 1 0 0 1 1 1 1 1 1 15 0.5172 26 10 0.0925 0.0356 1 0 11 -5.0000 0.4231 -0.5000 1 0 0 0 0 0 1 0 0 0 0 0 2 2 4 3 4 8 3 5 8 7 1 
1 6 7 29 5 281 278 3 7 1 0 0 0 1 0 0 0 0 1 2 10 0.3448 26 20 0.0925 0.0712 1 1 16 10 0.6154 0.5000 1 0 0 1 1 1 1 0 1 1 1 0 2 0 4 5 15 10 3 6 10 13 1 
0 6 6 29 5 281 278 3 7 1 0 0 0 1 0 0 0 0 1 2 8 0.2759 27 20 0.0961 0.0712 1 1 19 12 0.7037 0.6000 1 0 0 1 1 1 1 1 2 0 0 0 2 2 4 8 13 12 4 7 8 12 1 

1 7 6 29 6 281 279 2 6 1 0 1 0 0 1 0 0 0 1 1 2 0.0690 7 8 0.0249 0.0285 1 1 5 6 0.7143 0.7500 1 0 0 0 0 0 1 0 0 0 0 0 2 0 4 0 4 0 3 4 7 10 1 
0 7 5 29 6 281 279 2 6 1 0 1 0 0 1 1 1 1 1 1 15 0.5172 26 10 0.0925 0.0356 1 0 11 -5.0000 0.4231 -0.5000 1 0 0 0 0 0 1 0 0 0 0 0 2 2 4 3 4 8 3 5 8 7 1 
1 7 6 29 6 281 279 2 6 0 1 0 1 0 3 0 0 0 2 1 11 0.3793 23 17 0.0819 0.0605 1 1 12 6 0.5217 0.3529 1 0 0 2 0 1 2 0 1 0 1 0 1 2 1 11 4 13 3 6 7 12 1 
1 7 6 29 6 281 279 2 6 1 0 0 0 1 0 0 0 0 1 2 10 0.3448 26 20 0.0925 0.0712 1 1 16 10 0.6154 0.5000 1 0 0 1 1 1 1 0 2 1 0 0 2 0 5 3 17 7 3 6 10 13 1 
0 7 5 29 6 281 279 2 6 1 0 0 0 1 0 0 0 0 1 2 8 0.2759 27 20 0.0961 0.0712 1 1 19 12 0.7037 0.6000 1 0 0 1 1 1 2 1 1 0 0 0 2 0 7 6 15 10 4 7 8 12 1 
0 7 5 29 6 281 279 2 6 0 1 0 0 1 3 1 0 1 2 1 12 0.4138 23 20 0.0819 0.0712 1 1 11 8 0.4783 0.4000 1 1 0 0 0 2 2 1 0 1 0 0 1 1 5 7 4 15 2 5 7 7 1 

1 8 5 29 7 281 280 1 5 1 0 1 0 0 1 0 0 0 1 1 2 0.0690 7 8 0.0249 0.0285 1 1 5 6 0.7143 0.7500 1 0 0 0 0 0 1 0 0 0 0 0 2 0 4 0 4 0 3 4 7 10 1 
1 8 5 29 7 281 280 1 5 0 1 0 1 0 3 0 0 0 2 1 11 0.3793 23 17 0.0819 0.0605 1 1 12 6 0.5217 0.3529 1 0 0 2 0 1 2 0 1 0 1 0 1 2 1 11 4 13 3 6 7 12 1 
1 8 5 29 7 281 280 1 5 1 0 0 0 1 0 0 0 0 1 2 10 0.3448 26 20 0.0925 0.0712 1 1 16 10 0.6154 0.5000 1 0 0 1 1 1 1 0 2 1 0 0 2 0 5 3 17 7 3 6 10 13 1 
0 8 4 29 7 281 280 1 5 1 0 0 0 1 0 0 0 0 1 2 8 0.2759 27 20 0.0961 0.0712 1 1 19 12 0.7037 0.6000 1 0 0 1 1 1 2 1 1 0 0 0 2 0 7 6 15 10 4 7 8 12 1 
0 8 4 29 7 281 280 1 5 0 1 0 0 1 3 1 0 1 2 1 12 0.4138 23 20 0.0819 0.0712 1 1 11 8 0.4783 0.4000 1 1 0 0 0 2 2 1 0 1 0 0 1 1 5 7 4 15 2 5 7 7 1 

0 9 4 29 8 281 280 1 4 1 0 1 0 0 1 0 0 0 1 1 2 0.0690 7 8 0.0249 0.0285 1 1 5 6 0.7143 0.7500 1 0 0 0 0 0 1 0 0 0 0 0 2 0 4 0 4 0 3 4 7 10 1 
0 9 4 29 8 281 280 1 4 0 1 0 1 0 3 0 1 0 2 1 11 0.3793 23 17 0.0819 0.0605 1 1 12 6 0.5217 0.3529 1 0 0 1 0 1 1 0 1 0 1 0 1 2 1 10 4 14 3 6 7 12 1 
1 9 5 29 8 281 280 1 4 1 0 0 0 1 0 1 0 0 1 1 10 0.3448 26 20 0.0925 0.0712 1 1 16 10 0.6154 0.5000 1 0 0 1 0 1 1 0 1 1 0 0 2 0 5 3 15 7 3 6 10 13 1 
0 9 3 29 8 281 280 1 4 0 1 0 0 1 3 1 0 1 2 1 12 0.4138 23 20 0.0819 0.0712 1 1 11 8 0.4783 0.4000 1 1 0 0 0 1 2 0 0 1 0 0 1 1 5 7 4 14 2 5 7 7 1 

0 10 3 29 9 281 280 1 3 1 0 1 0 0 1 0 0 0 1 1 2 0.0690 7 8 0.0249 0.0285 1 1 5 6 0.7143 0.7500 1 0 0 0 0 0 1 0 0 0 0 0 2 0 4 0 4 0 3 4 7 10 1 
1 10 4 29 9 281 280 1 3 0 1 0 1 0 4 0 1 0.5000 1 1 11 0.3793 23 17 0.0819 0.0605 1 1 12 6 0.5217 0.3529 1 0 0 1 0 0 1 0 1 0 0 0 1 2 1 10 7 14 3 6 7 12 1 
0 10 3 29 9 281 280 1 3 1 0 0 0 1 0 1 0 0 1 1 10 0.3448 26 20 0.0925 0.0712 1 1 16 10 0.6154 0.5000 1 0 0 1 0 0 1 0 1 0 0 0 2 0 5 3 14 6 3 6 10 13 1 

0 11 3 29 10 283 281 2 3 0 1 1 0 0 1 2 0 1 1 1 3 0.1034 9 7 0.0318 0.0247 1 1 6 4 0.6667 0.5714 1 0 0 0 0 0 1 0 0 0 0 0 1 0 1 0 1 0 1 3 3 4 1 
1 11 4 29 10 283 281 2 3 0 1 0 1 0 4 0 1 0.5000 1 1 11 0.3793 23 17 0.0813 0.0601 1 1 12 6 0.5217 0.3529 1 0 0 1 0 0 1 0 1 0 0 0 1 2 1 10 7 14 3 6 7 12 1 
0 11 3 29 10 283 281 2 3 1 0 0 0 1 0 1 0 0 1 1 10 0.3448 26 20 0.0919 0.0707 1 1 16 10 0.6154 0.5000 1 0 0 1 0 0 1 0 1 0 0 0 2 0 5 3 14 6 3 6 10 13 1 

1 12 4 29 10 281 281 0 3 0 1 0 1 0 4 0 1 0.5000 1 1 11 0.3793 23 17 0.0819 0.0605 1 1 12 6 0.5217 0.3529 1 0 0 1 0 0 1 0 1 0 0 0 1 2 1 10 7 14 3 6 7 12 1 
0 12 2 29 10 281 281 0 3 0 1 0 1 0 2 1 0 1 1 1 3 0.1034 8 8 0.0285 0.0285 1 1 5 5 0.6250 0.6250 1 0 0 0 0 0 1 0 0 0 0 0 1 0 1 0 1 0 3 5 7 7 1 
0 12 3 29 10 281 281 0 3 1 0 0 0 1 0 1 0 0 1 1 10 0.3448 26 20 0.0925 0.0712 1 1 16 10 0.6154 0.5000 1 0 0 1 0 0 1 0 1 0 0 0 2 0 5 3 14 6 3 6 10 13 1 

1 13 3 29 11 281 281 0 2 0 1 0 1 0 4 0 1 0.5000 1 1 11 0.3793 23 17 0.0819 0.0605 1 1 12 6 0.5217 0.3529 1 0 0 1 0 0 1 0 1 0 0 0 1 2 1 10 7 14 3 6 7 12 1 
0 13 2 29 11 281 281 0 2 1 0 0 0 1 0 1 0 0 1 1 10 0.3448 26 20 0.0925 0.0712 1 1 16 10 0.6154 0.5000 1 0 0 1 0 0 1 0 1 0 0 0 2 0 5 3 14 6 3 6 10 13 1 

1 14 3 29 12 281 281 0 2 0 1 0 1 0 4 0 1 0.5000 2 1 11 0.3793 23 17 0.0819 0.0605 1 1 12 6 0.5217 0.3529 1 0 0 0 0 0 1 0 0 0 0 0 1 1 1 9 7 13 3 6 7 12 1 
0 14 2 29 12 281 281 0 2 1 0 0 0 1 1 4 0.5000 0.5000 1 2 11 0.3793 26 23 0.0925 0.0819 1 1 15 12 0.5769 0.5217 2 0 0 0 0 0 2 0 0 0 0 0 2 3 7 7 15 6 3 6 9 10 1 

1 15 2 29 13 281 281 0 2 0 1 0 1 0 5 0 1 1.5000 1 1 11 0.3793 23 17 0.0819 0.0605 1 1 12 6 0.5217 0.3529 1 0 0 1 0 0 1 0 0 1 0 0 1 0 1 11 7 14 3 6 7 12 1 
0 15 1 29 13 281 281 0 2 1 0 0 1 0 2 1 0 0 1 1 11 0.3793 26 27 0.0925 0.0961 1 1 15 16 0.5769 0.5926 1 0 1 0 0 0 1 0 1 0 0 0 2 2 7 7 12 6 4 6 6 9 1 

