0 1 11599997 1 0 1 0 0 0 0 0 0 0 0 1 2 3 22 0.7333 24 9 33 15 2.6667 0 0 1 1 0.0830 0.0311 1 0 2 -13.0000 0.0833 -1.4444 1 0 0 0 0 0 1 0 1 0 0 0 2 2 6 8 10 10 4 5 5 8 5 0 1 0 1 0 1 0 1 0 0 12 
1 1 11639996 1 0 1 0 0 0 0 0 0 0 0 2 1 3 6 0.2000 9 4 13 5 2.2500 0 0 1 1 0.0311 0.0138 1 0 3 -2.0000 0.3333 -0.5000 1 0 0 0 0 0 1 0 1 0 0 0 2 2 4 4 3 5 3 5 5 5 5 0 1 0 1 0 1 0 1 0 1 4 
0 1 11599996 1 0 1 0 0 0 0 0 0 0 0 1 1 2 11 0.3667 13 4 17 9 3.2500 0 0 1 1 0.0450 0.0138 1 0 2 -7.0000 0.1538 -1.7500 1 0 0 0 0 0 1 0 0 0 0 0 2 2 4 3 5 3 3 4 5 7 9 1 0 1 0 1 0 1 0 0 0 6 
0 1 11599995 0 1 1 0 0 0 0 0 0 0 0 1 1 2 13 0.4333 25 23 48 2 1.0870 0 0 1 1 0.0865 0.0796 1 1 12 10 0.4800 0.4348 1 0 0 0 0 0 1 0 0 0 0 0 1 0 2 2 7 1 3 4 6 7 7 1 1 1 1 1 1 1 1 1 1 2 
0 1 11599995 0 1 1 0 0 0 0 0 0 0 0 1 1 2 2 0.0667 17 22 39 5 1.2941 0 0 1 1 0.0588 0.0761 1 1 15 20 0.8824 0.9091 1 0 0 0 0 0 1 0 0 0 0 0 1 0 1 0 4 5 3 4 5 7 9 1 1 1 1 1 1 1 1 1 1 2 

1 2 11759997 1 0 1 0 0 0 1 1 0 0 0 1 1 2 22 0.7333 24 9 33 15 2.6667 0 0 1 1 0.0819 0.0307 1 0 2 -13.0000 0.0833 -1.4444 1 0 0 0 0 0 1 0 0 0 0 0 2 2 6 8 10 10 4 5 5 8 5 0 1 0 1 0 1 0 1 0 0 12 
1 2 11759997 1 0 1 0 0 0 0 0 0 0 0 1 1 2 11 0.3667 13 4 17 9 3.2500 0 0 1 1 0.0444 0.0137 1 0 2 -7.0000 0.1538 -1.7500 1 0 0 0 0 0 1 0 0 0 0 0 2 2 4 3 5 3 3 4 5 7 9 1 0 1 0 1 0 1 0 0 0 6 
0 2 11759996 0 1 1 0 0 0 0 0 0 0 0 1 1 2 13 0.4333 25 23 48 2 1.0870 0 0 1 1 0.0853 0.0785 1 1 12 10 0.4800 0.4348 1 0 0 0 0 0 1 0 0 0 0 0 1 0 2 2 7 1 3 4 6 7 7 1 1 1 1 1 1 1 1 1 1 2 
0 2 11759996 0 1 1 0 0 0 0 0 0 0 0 1 1 2 2 0.0667 17 22 39 5 1.2941 0 0 1 1 0.0580 0.0751 1 1 15 20 0.8824 0.9091 1 0 0 0 0 0 1 0 0 0 0 0 1 0 1 0 4 5 3 4 5 7 9 1 1 1 1 1 1 1 1 1 1 2 

0 3 11639996 1 0 1 0 0 0 0 0 0 0 0 1 1 2 11 0.3667 13 4 17 9 3.2500 0 0 1 1 0.0448 0.0138 1 0 2 -7.0000 0.1538 -1.7500 1 0 0 0 0 0 1 0 0 0 0 0 2 2 4 3 5 3 3 4 5 7 9 1 0 1 0 1 0 1 0 0 0 6 
0 3 11639995 0 1 1 0 0 0 0 0 0 0 0 1 1 2 13 0.4333 25 23 48 2 1.0870 0 0 1 1 0.0862 0.0793 1 1 12 10 0.4800 0.4348 1 0 0 0 0 0 1 0 0 0 0 0 1 0 2 2 7 1 3 4 6 7 7 1 1 1 1 1 1 1 1 1 1 2 
0 3 11639995 0 1 1 0 0 0 0 0 0 0 0 1 1 2 2 0.0667 17 22 39 5 1.2941 0 0 1 1 0.0586 0.0759 1 1 15 20 0.8824 0.9091 1 0 0 0 0 0 1 0 0 0 0 0 1 0 1 0 4 5 3 4 5 7 9 1 1 1 1 1 1 1 1 1 1 2 
0 3 11639997 1 0 1 0 0 0 1 1 0 0 0 1 2 3 22 0.7333 24 10 34 14 2.4000 0 1 1 1.1111 0.0828 0.0345 1 0 2 -12.0000 0.0833 -1.2000 1 0 0 0 0 0 1 0 1 0 0 0 2 2 6 8 10 10 4 5 5 8 5 0 1 0 1 0 1 0 1 0 0 12 
1 3 11679996 1 0 1 0 0 1 1 2 1 1 2 2 1 3 7 0.2333 10 4 14 6 2.5000 1 0 1.1111 1 0.0345 0.0138 1 0 3 -3.0000 0.3000 -0.7500 1 0 0 0 0 0 1 0 1 0 0 0 2 2 5 3 5 3 3 5 5 5 5 0 2 0 1 0 1 0 1 0 1 5 

1 4 11839997 1 0 1 0 0 0 0 0 0 0 0 1 1 2 11 0.3667 13 4 17 9 3.2500 0 0 1 1 0.0441 0.0136 1 0 2 -7.0000 0.1538 -1.7500 1 0 0 0 0 0 1 0 0 0 0 0 2 2 4 3 5 3 3 4 5 7 9 1 0 1 0 1 0 1 0 0 0 6 
0 4 11839996 0 1 1 0 0 0 0 0 0 0 0 1 1 2 13 0.4333 25 23 48 2 1.0870 0 0 1 1 0.0847 0.0780 1 1 12 10 0.4800 0.4348 1 0 0 0 0 0 1 0 0 0 0 0 1 0 2 2 7 1 3 4 6 7 7 1 1 1 1 1 1 1 1 1 1 2 
0 4 11839996 0 1 1 0 0 0 0 0 0 0 0 1 1 2 2 0.0667 17 22 39 5 1.2941 0 0 1 1 0.0576 0.0746 1 1 15 20 0.8824 0.9091 1 0 0 0 0 0 1 0 0 0 0 0 1 0 1 0 4 5 3 4 5 7 9 1 1 1 1 1 1 1 1 1 1 2 
1 4 11839997 1 0 1 0 0 0 2 2 0 0 0 1 1 2 22 0.7333 24 10 34 14 2.4000 0 1 1 1.1111 0.0814 0.0339 1 0 2 -12.0000 0.0833 -1.2000 1 0 0 0 0 0 1 0 0 0 0 0 2 2 6 8 10 10 4 5 5 8 5 0 1 0 1 0 1 0 1 0 0 12 

0 5 11679996 1 0 1 0 0 0 0 0 0 0 0 1 1 2 11 0.3667 13 4 17 9 3.2500 0 0 1 1 0.0447 0.0137 1 0 2 -7.0000 0.1538 -1.7500 1 0 0 0 0 0 1 0 0 0 0 0 2 2 4 3 5 3 3 4 5 7 9 1 0 1 0 1 0 1 0 0 0 6 
0 5 11679995 0 1 1 0 0 0 0 0 0 0 0 1 1 2 13 0.4333 25 23 48 2 1.0870 0 0 1 1 0.0859 0.0790 1 1 12 10 0.4800 0.4348 1 0 0 0 0 0 1 0 0 0 0 0 1 0 2 2 7 1 3 4 6 7 7 1 1 1 1 1 1 1 1 1 1 2 
0 5 11679995 0 1 1 0 0 0 0 0 0 0 0 1 1 2 2 0.0667 17 22 39 5 1.2941 0 0 1 1 0.0584 0.0756 1 1 15 20 0.8824 0.9091 1 0 0 0 0 0 1 0 0 0 0 0 1 0 1 0 4 5 3 4 5 7 9 1 1 1 1 1 1 1 1 1 1 2 
0 5 11679997 1 0 1 0 0 0 2 2 0 0 0 1 2 3 22 0.7333 24 11 35 13 2.1818 0 2 1 1.2222 0.0825 0.0378 1 0 2 -11.0000 0.0833 -1.0000 1 0 0 0 0 0 1 0 1 0 0 0 2 2 6 8 10 10 4 5 5 8 5 0 1 0 1 0 1 0 1 0 0 12 
1 5 11719996 1 0 1 0 0 2 2 4 2 2 4 2 1 3 8 0.2667 11 4 15 7 2.7500 2 0 1.2222 1 0.0378 0.0137 1 0 3 -4.0000 0.2727 -1.0000 1 0 0 0 0 0 1 0 1 0 0 0 2 2 4 5 3 6 3 5 5 5 5 0 3 0 1 0 1 0 1 0 1 4 

0 6 11719996 1 0 1 0 0 0 0 0 0 0 0 1 1 2 11 0.3667 13 4 17 9 3.2500 0 0 1 1 0.0445 0.0137 1 0 2 -7.0000 0.1538 -1.7500 1 0 0 0 0 0 1 0 0 0 0 0 2 2 4 3 5 3 3 4 5 7 9 1 0 1 0 1 0 1 0 0 0 6 
0 6 11719995 0 1 1 0 0 0 0 0 0 0 0 1 1 2 13 0.4333 25 23 48 2 1.0870 0 0 1 1 0.0856 0.0788 1 1 12 10 0.4800 0.4348 1 0 0 0 0 0 1 0 0 0 0 0 1 0 2 2 7 1 3 4 6 7 7 1 1 1 1 1 1 1 1 1 1 2 
0 6 11719995 0 1 1 0 0 0 0 0 0 0 0 1 1 2 2 0.0667 17 22 39 5 1.2941 0 0 1 1 0.0582 0.0753 1 1 15 20 0.8824 0.9091 1 0 0 0 0 0 1 0 0 0 0 0 1 0 1 0 4 5 3 4 5 7 9 1 1 1 1 1 1 1 1 1 1 2 
1 6 11719997 1 0 1 0 0 0 3 3 0 0 0 1 2 3 22 0.7333 24 12 36 12 2 0 3 1 1.3333 0.0822 0.0411 1 0 2 -10.0000 0.0833 -0.8333 1 0 0 0 0 0 1 0 1 0 0 0 2 2 6 8 10 10 4 5 5 8 5 0 1 0 1 0 1 0 1 0 0 12 
0 6 11719996 1 0 1 0 0 3 3 6 3 3 6 2 1 3 9 0.3000 12 4 16 8 3 3 0 1.3333 1 0.0411 0.0137 1 0 3 -5.0000 0.2500 -1.2500 1 0 0 0 0 0 1 0 1 0 0 0 2 2 4 3 6 5 3 5 5 5 5 0 3 0 1 0 1 0 1 0 1 3 

1 7 11719998 1 0 1 0 0 0 0 0 0 0 0 1 1 2 11 0.3667 13 4 17 9 3.2500 0 0 1 1 0.0445 0.0137 1 0 2 -7.0000 0.1538 -1.7500 1 0 0 0 0 0 1 0 0 0 0 0 2 2 4 3 5 3 3 4 5 7 9 1 0 1 0 1 0 1 0 0 0 6 
0 7 11719997 0 1 1 0 0 0 0 0 0 0 0 1 1 2 13 0.4333 25 23 48 2 1.0870 0 0 1 1 0.0856 0.0788 1 1 12 10 0.4800 0.4348 1 0 0 0 0 0 1 0 0 0 0 0 1 0 2 2 7 1 3 4 6 7 7 1 1 1 1 1 1 1 1 1 1 2 
0 7 11719997 0 1 1 0 0 0 0 0 0 0 0 1 1 2 2 0.0667 17 22 39 5 1.2941 0 0 1 1 0.0582 0.0753 1 1 15 20 0.8824 0.9091 1 0 0 0 0 0 1 0 0 0 0 0 1 0 1 0 4 5 3 4 5 7 9 1 1 1 1 1 1 1 1 1 1 2 

0 8 11719997 0 1 1 0 0 0 0 0 0 0 0 1 1 2 13 0.4333 25 23 48 2 1.0870 0 0 1 1 0.0856 0.0788 1 1 12 10 0.4800 0.4348 1 0 0 0 0 0 1 0 0 0 0 0 1 0 2 2 7 1 3 4 6 7 7 1 1 1 1 1 1 1 1 1 1 2 
0 8 11719997 0 1 1 0 0 0 0 0 0 0 0 1 1 2 2 0.0667 17 22 39 5 1.2941 0 0 1 1 0.0582 0.0753 1 1 15 20 0.8824 0.9091 1 0 0 0 0 0 1 0 0 0 0 0 1 0 1 0 4 5 3 4 5 7 9 1 1 1 1 1 1 1 1 1 1 2 
1 8 11719998 1 0 1 0 0 1 1 2 1 1 2 1 1 2 12 0.4000 14 4 18 10 3.5000 1 0 1.0769 1 0.0479 0.0137 1 0 2 -8.0000 0.1429 -2.0000 1 0 0 0 0 0 1 0 0 0 0 0 2 2 4 4 3 6 3 4 5 7 9 2 0 1 0 1 0 1 0 0 0 5 

0 9 11719997 0 1 1 0 0 0 0 0 0 0 0 1 1 2 13 0.4333 25 23 48 2 1.0870 0 0 1 1 0.0856 0.0788 1 1 12 10 0.4800 0.4348 1 0 0 0 0 0 1 0 0 0 0 0 1 0 2 2 7 1 3 4 6 7 7 1 1 1 1 1 1 1 1 1 1 2 
0 9 11719997 0 1 1 0 0 0 0 0 0 0 0 1 1 2 2 0.0667 17 22 39 5 1.2941 0 0 1 1 0.0582 0.0753 1 1 15 20 0.8824 0.9091 1 0 0 0 0 0 1 0 0 0 0 0 1 0 1 0 4 5 3 4 5 7 9 1 1 1 1 1 1 1 1 1 1 2 
1 9 11719998 1 0 1 0 0 2 2 4 2 2 4 1 1 2 13 0.4333 15 4 19 11 3.7500 2 0 1.1538 1 0.0514 0.0137 1 0 2 -9.0000 0.1333 -2.2500 1 0 0 0 0 0 1 0 0 0 0 0 2 2 4 4 3 4 3 4 5 7 9 2 0 1 0 1 0 1 0 0 0 4 

0 10 11719997 0 1 1 0 0 0 0 0 0 0 0 1 1 2 13 0.4333 25 23 48 2 1.0870 0 0 1 1 0.0856 0.0788 1 1 12 10 0.4800 0.4348 1 0 0 0 0 0 1 0 0 0 0 0 1 0 2 2 7 1 3 4 6 7 7 1 1 1 1 1 1 1 1 1 1 2 
0 10 11719997 0 1 1 0 0 0 0 0 0 0 0 1 1 2 2 0.0667 17 22 39 5 1.2941 0 0 1 1 0.0582 0.0753 1 1 15 20 0.8824 0.9091 1 0 0 0 0 0 1 0 0 0 0 0 1 0 1 0 4 5 3 4 5 7 9 1 1 1 1 1 1 1 1 1 1 2 
1 10 11719998 1 0 1 0 0 3 3 6 3 3 6 1 1 2 14 0.4667 16 4 20 12 4 3 0 1.2308 1 0.0548 0.0137 1 0 2 -10.0000 0.1250 -2.5000 1 0 0 0 0 0 1 0 0 0 0 0 2 2 4 4 3 5 3 4 5 7 9 2 0 1 0 1 0 1 0 0 0 3 

0 11 11719997 0 1 1 0 0 0 0 0 0 0 0 1 1 2 13 0.4333 25 23 48 2 1.0870 0 0 1 1 0.0856 0.0788 1 1 12 10 0.4800 0.4348 1 0 0 0 0 0 1 0 0 0 0 0 1 0 2 2 7 1 3 4 6 7 7 1 1 1 1 1 1 1 1 1 1 2 
0 11 11719997 0 1 1 0 0 0 0 0 0 0 0 1 1 2 2 0.0667 17 22 39 5 1.2941 0 0 1 1 0.0582 0.0753 1 1 15 20 0.8824 0.9091 1 0 0 0 0 0 1 0 0 0 0 0 1 0 1 0 4 5 3 4 5 7 9 1 1 1 1 1 1 1 1 1 1 2 
1 11 11719998 1 0 1 0 0 4 4 8 4 4 8 1 1 2 15 0.5000 17 4 21 13 4.2500 4 0 1.3077 1 0.0582 0.0137 1 0 2 -11.0000 0.1176 -2.7500 1 0 0 0 0 0 1 0 0 0 0 0 2 2 4 4 3 4 3 4 5 7 9 2 0 1 0 1 0 1 0 0 0 2 

0 12 11719997 0 1 1 0 0 0 0 0 0 0 0 1 1 2 13 0.4333 25 23 48 2 1.0870 0 0 1 1 0.0856 0.0788 1 1 12 10 0.4800 0.4348 1 0 0 0 0 0 1 0 0 0 0 0 1 0 2 2 7 1 3 4 6 7 7 1 1 1 1 1 1 1 1 1 1 2 
0 12 11719997 0 1 1 0 0 0 0 0 0 0 0 1 1 2 2 0.0667 17 22 39 5 1.2941 0 0 1 1 0.0582 0.0753 1 1 15 20 0.8824 0.9091 1 0 0 0 0 0 1 0 0 0 0 0 1 0 1 0 4 5 3 4 5 7 9 1 1 1 1 1 1 1 1 1 1 2 
1 12 11719998 1 0 1 0 0 5 5 10 5 5 10 1 1 2 16 0.5333 18 4 22 14 4.5000 5 0 1.3846 1 0.0616 0.0137 1 0 2 -12.0000 0.1111 -3.0000 1 0 0 0 0 0 1 0 0 0 0 0 2 2 4 4 3 4 3 4 5 7 9 2 0 1 0 1 0 1 0 0 0 1 

1 13 11719998 0 1 1 0 0 0 0 0 0 0 0 1 1 2 2 0.0667 17 22 39 5 1.2941 0 0 1 1 0.0582 0.0753 1 1 15 20 0.8824 0.9091 1 0 0 0 0 0 1 0 0 0 0 0 1 0 1 0 4 5 3 4 5 7 9 1 1 1 1 1 1 1 1 1 1 2 
0 13 11719997 1 0 1 0 0 1 1 2 0.5000 0.5000 1 1 1 2 13 0.4333 24 25 49 1 1.0417 1 0 1.0435 1 0.0822 0.0856 1 1 11 12 0.4583 0.4800 1 0 0 0 0 0 1 0 0 0 0 0 2 3 6 3 5 9 3 5 6 10 14 1 2 1 2 1 1 1 1 1 1 1 

0 14 11719997 1 0 1 0 0 1 1 2 0.5000 0.5000 1 1 1 2 13 0.4333 24 25 49 1 1.0417 1 0 1.0435 1 0.0822 0.0856 1 1 11 12 0.4583 0.4800 1 0 0 0 0 0 1 0 0 0 0 0 2 3 6 3 10 3 3 5 6 10 14 1 2 1 2 1 1 1 1 1 1 1 
1 14 11719999 1 0 1 0 0 1 1 2 0.5000 0.5000 1 1 1 2 2 0.0667 23 17 40 6 1.3529 1 0 1.0455 1 0.0788 0.0582 1 1 21 15 0.9130 0.8824 1 0 0 0 0 0 1 0 0 0 0 0 2 1 3 5 8 2 3 6 8 9 10 1 1 1 2 1 1 1 1 1 1 1 

0 15 11759998 0 1 1 0 0 2 2 4 0.5000 1.5000 2 2 1 3 14 0.4667 26 24 50 2 1.0833 1 1 1.0400 1.0435 0.0887 0.0819 1 1 12 10 0.4615 0.4167 1 0 0 0 0 0 1 0 0 0 0 0 1 1 2 5 2 2 3 4 6 7 7 2 2 1 1 1 1 1 1 1 1 1 
1 15 11759999 1 0 0 1 0 2 0 2 1.5000 1.5000 3 2 1 3 14 0.4667 26 28 54 2 1.0769 1 0 1.0400 1 0.0887 0.0956 1 1 12 14 0.4615 0.5000 2 0 0 0 0 0 2 0 0 0 0 0 2 4 5 4 9 4 3 5 6 10 14 2 1 1 1 1 2 1 1 1 1 0 

0 16 11759997 1 0 1 0 0 2 2 4 1.5000 1.5000 3 1 1 2 13 0.4333 24 25 49 1 1.0417 1 0 1.0435 1 0.0819 0.0853 1 1 11 12 0.4583 0.4800 1 0 0 0 0 0 1 0 0 0 0 0 2 3 6 3 10 3 3 5 6 10 14 1 2 1 2 1 1 1 1 1 1 1 
1 16 11759999 0 1 1 0 0 2 2 4 0.5000 1.5000 2 1 1 2 3 0.1000 18 23 41 5 1.2778 1 1 1.0588 1.0455 0.0614 0.0785 1 1 15 20 0.8333 0.8696 1 0 0 0 0 0 1 0 0 0 0 0 1 0 1 2 4 2 3 4 5 7 9 2 2 1 1 1 1 1 1 1 1 1 

0 17 11719997 1 0 1 0 0 2 2 4 1.5000 1.5000 3 1 1 2 13 0.4333 24 25 49 1 1.0417 1 0 1.0435 1 0.0822 0.0856 1 1 11 12 0.4583 0.4800 1 0 0 0 0 0 1 0 0 0 0 0 2 3 6 3 5 9 3 5 6 10 14 1 2 1 2 1 1 1 1 1 1 1 
1 17 11719999 1 0 1 0 0 2 2 4 0.5000 0.5000 1 1 1 2 2 0.0667 18 22 40 4 1.2222 1 0 1.0588 1 0.0616 0.0753 1 1 16 20 0.8889 0.9091 1 0 0 0 0 0 1 0 0 0 0 0 2 1 3 1 8 5 4 5 6 8 10 1 1 2 1 1 1 1 1 1 1 1 

0 18 11759998 0 1 1 0 0 3 3 6 0.5000 2.5000 3 2 1 3 14 0.4667 26 24 50 2 1.0833 1 1 1.0400 1.0435 0.0887 0.0819 1 1 12 10 0.4615 0.4167 1 0 0 0 0 0 1 0 0 0 0 0 1 1 2 1 2 7 3 4 6 7 7 2 2 1 1 1 1 1 1 1 1 1 
1 18 11759999 1 0 0 1 0 3 0 3 2.5000 2.5000 5 2 1 3 14 0.4667 26 28 54 2 1.0769 1 0 1.0400 1 0.0887 0.0956 1 1 12 14 0.4615 0.5000 2 0 0 0 0 0 2 0 0 0 0 0 2 4 5 4 4 4 3 5 6 10 14 2 1 1 1 1 2 1 1 1 1 0 

0 19 11759997 1 0 1 0 0 3 3 6 2.5000 2.5000 5 1 1 2 13 0.4333 24 25 49 1 1.0417 1 0 1.0435 1 0.0819 0.0853 1 1 11 12 0.4583 0.4800 1 0 0 0 0 0 1 0 0 0 0 0 2 3 6 3 10 3 3 5 6 10 14 1 2 1 2 1 1 1 1 1 1 1 
1 19 11759999 0 1 1 0 0 3 3 6 1.5000 1.5000 3 1 1 2 3 0.1000 23 18 41 5 1.2778 1 1 1.0455 1.0588 0.0785 0.0614 1 1 20 15 0.8696 0.8333 1 0 0 0 0 0 1 0 0 0 0 0 1 0 4 4 2 3 2 4 6 8 9 2 2 1 1 1 1 1 1 1 1 1 

0 20 11719997 0 1 1 0 0 3 3 6 1.5000 1.5000 3 1 1 2 2 0.0667 17 22 39 5 1.2941 0 0 1 1 0.0582 0.0753 1 1 15 20 0.8824 0.9091 1 0 0 0 0 0 1 0 0 0 0 0 1 0 1 0 4 5 3 4 5 7 9 1 1 1 1 1 1 1 1 1 1 2 
0 20 11719997 1 0 1 0 0 3 3 6 0.5000 0.5000 1 2 1 3 13 0.4333 26 23 49 3 1.1304 1 0 1.0400 1 0.0890 0.0788 1 1 13 10 0.5000 0.4348 1 0 1 0 0 0 1 1 0 0 0 0 2 1 6 5 10 3 4 5 7 8 9 2 1 2 1 1 1 1 1 1 1 1 
1 20 11719998 1 0 0 1 0 3 0 3 2.5000 2.5000 5 2 1 3 14 0.4667 26 28 54 2 1.0769 1 0 1.0400 1 0.0890 0.0959 1 1 12 14 0.4615 0.5000 1 0 1 0 0 0 1 1 0 0 0 0 2 2 7 3 5 3 3 5 6 10 14 2 1 1 1 1 2 1 1 1 1 0 

0 21 11719998 1 0 1 0 0 4 3 7 0.5000 0.5000 1 1 1 2 13 0.4333 26 23 49 3 1.1304 1 0 1.0400 1 0.0890 0.0788 1 1 13 10 0.5000 0.4348 1 0 0 0 0 0 1 0 0 0 0 0 2 1 6 9 5 5 4 5 7 8 9 2 1 2 1 1 1 1 1 1 1 1 
1 21 11719999 1 0 1 0 0 4 4 8 2 2 4 1 1 2 2 0.0667 23 17 40 6 1.3529 1 0 1.0455 1 0.0788 0.0582 1 1 21 15 0.9130 0.8824 1 0 0 0 0 0 1 0 0 0 0 0 2 1 3 5 8 2 3 6 8 9 10 1 1 1 2 1 1 1 1 1 1 1 

