0 1 12279994 1 0 1 0 0 0 0 0 0 0 0 1 1 2 9 0.3333 12 4 16 8 3 0 0 1 1 0.0392 0.0131 1 0 3 -5.0000 0.2500 -1.2500 1 0 0 0 0 0 1 0 0 0 0 0 2 2 5 6 5 9 4 5 5 8 5 3 0 2 0 1 0 1 0 1 0 6 
0 1 12279994 1 0 1 0 0 0 0 0 0 0 0 2 1 3 6 0.2222 13 6 19 7 2.1667 0 0 1 1 0.0425 0.0196 1 0 7 0 0.5385 0 1 0 0 0 0 0 1 0 0 0 1 0 2 3 3 4 3 4 3 4 7 8 7 1 0 2 0 1 0 1 0 2 0 2 
0 1 12279993 0 1 1 0 0 0 0 0 0 0 0 2 1 3 2 0.0741 13 14 27 1 1.0769 0 0 1 1 0.0425 0.0458 1 1 11 12 0.8462 0.8571 1 0 0 0 0 0 1 0 0 0 0 0 1 0 1 0 4 0 2 4 4 7 7 1 1 1 1 1 1 1 1 1 1 2 
1 1 12319994 1 0 1 0 0 0 0 0 0 0 0 2 1 3 12 0.4444 28 28 56 0 1 0 0 1 1 0.0915 0.0915 1 1 16 16 0.5714 0.5714 1 0 0 0 0 0 1 0 0 1 0 0 2 0 4 4 12 2 3 5 7 8 8 2 2 2 1 1 1 1 2 2 2 1 
0 1 12279994 1 0 1 0 0 0 0 0 0 0 0 2 1 3 15 0.5556 28 25 53 3 1.1200 0 0 1 1 0.0915 0.0817 1 1 13 10 0.4643 0.4000 1 0 0 0 0 0 1 0 0 1 0 0 2 0 7 4 7 2 4 5 7 8 9 1 1 2 1 1 1 1 1 1 1 1 
0 1 12279993 1 0 0 1 0 0 0 0 0 0 0 1 1 2 12 0.4444 15 28 43 13 1.8667 0 0 1 1 0.0490 0.0915 1 1 3 16 0.2000 0.5714 1 0 0 0 0 0 1 0 0 0 0 0 2 0 4 0 4 2 4 5 5 8 10 1 2 1 2 1 2 2 2 1 2 0 
0 1 12279994 0 1 0 1 0 0 0 0 0 0 0 1 1 2 13 0.4815 25 19 44 6 1.3158 0 0 1 1 0.0817 0.0621 1 1 12 6 0.4800 0.3158 1 0 0 0 0 0 1 0 0 0 0 0 1 0 2 2 3 2 2 5 5 7 10 2 2 2 1 2 1 3 1 4 1 0 

1 2 12319995 1 0 1 0 0 0 0 0 0 0 0 1 1 2 9 0.3214 12 4 16 8 3 0 0 1 1 0.0391 0.0130 1 0 3 -5.0000 0.2500 -1.2500 1 0 0 0 0 0 1 0 0 0 0 0 2 2 5 6 5 9 4 5 5 8 5 3 0 2 0 1 0 1 0 1 0 6 
1 2 12319995 1 0 1 0 0 0 0 0 0 0 0 2 1 3 6 0.2143 13 6 19 7 2.1667 0 0 1 1 0.0423 0.0195 1 0 7 0 0.5385 0 1 0 0 0 0 0 1 0 0 0 1 0 2 3 3 4 3 4 3 4 7 8 7 1 0 2 0 1 0 1 0 2 0 2 
0 2 12319994 0 1 1 0 0 0 0 0 0 0 0 2 1 3 2 0.0714 13 14 27 1 1.0769 0 0 1 1 0.0423 0.0456 1 1 11 12 0.8462 0.8571 1 0 0 0 0 0 1 0 0 0 0 0 1 0 1 0 4 0 2 4 4 7 7 1 1 1 1 1 1 1 1 1 1 2 
1 2 12319995 1 0 1 0 0 1 0 1 0 0 0 1 1 2 14 0.5000 29 27 56 2 1.0741 1 0 1.0357 1 0.0945 0.0879 1 1 15 13 0.5172 0.4815 1 0 0 0 0 0 1 0 0 0 0 0 2 3 4 8 4 7 3 4 6 9 12 2 1 1 2 1 1 2 1 1 2 1 
0 2 12319994 1 0 0 1 0 0 0 0 0 0 0 1 1 2 12 0.4286 15 28 43 13 1.8667 0 0 1 1 0.0489 0.0912 1 1 3 16 0.2000 0.5714 1 0 0 0 0 0 1 0 0 0 0 0 2 0 4 0 4 2 4 5 5 8 10 1 2 1 2 1 2 2 2 1 2 0 
1 2 12319995 0 1 0 1 0 0 0 0 0 0 0 1 1 2 13 0.4643 25 19 44 6 1.3158 0 0 1 1 0.0814 0.0619 1 1 12 6 0.4800 0.3158 1 0 0 0 0 0 1 0 0 0 0 0 1 0 2 2 3 2 2 5 5 7 10 2 2 2 1 2 1 3 1 4 1 0 

0 3 12319994 1 0 1 0 0 0 0 0 0 0 0 1 1 2 9 0.3214 12 4 16 8 3 0 0 1 1 0.0391 0.0130 1 0 3 -5.0000 0.2500 -1.2500 1 0 0 0 0 0 1 0 0 0 0 0 2 2 5 6 5 9 4 5 5 8 5 3 0 2 0 1 0 1 0 1 0 6 
0 3 12319994 1 0 1 0 0 0 0 0 0 0 0 2 1 3 6 0.2143 13 6 19 7 2.1667 0 0 1 1 0.0423 0.0195 1 0 7 0 0.5385 0 1 0 0 0 0 0 1 0 0 0 1 0 2 3 3 4 3 4 3 4 7 8 7 1 0 2 0 1 0 1 0 2 0 2 
0 3 12319993 0 1 1 0 0 0 0 0 0 0 0 2 1 3 2 0.0714 13 14 27 1 1.0769 0 0 1 1 0.0423 0.0456 1 1 11 12 0.8462 0.8571 1 0 0 0 0 0 1 0 0 0 0 0 1 0 1 0 4 0 2 4 4 7 7 1 1 1 1 1 1 1 1 1 1 2 
1 3 12359994 1 0 1 0 0 1 0 1 0 0 0 2 1 3 15 0.5357 28 25 53 3 1.1200 0 0 1 1 0.0912 0.0814 1 1 13 10 0.4643 0.4000 1 0 0 0 1 0 1 0 1 0 0 0 2 0 7 4 7 6 4 5 7 8 9 1 1 2 1 1 1 1 1 1 1 1 
0 3 12319993 0 1 1 0 0 1 1 2 0 1 1 1 2 3 13 0.4643 29 28 57 1 1.0357 1 0 1.0357 1 0.0945 0.0912 1 1 16 15 0.5517 0.5357 1 0 0 0 1 0 1 0 1 0 0 0 1 2 6 1 4 1 2 2 3 4 7 2 3 1 1 1 1 2 2 1 2 1 
0 3 12319993 1 0 0 1 0 0 0 0 0 0 0 1 1 2 12 0.4286 15 28 43 13 1.8667 0 0 1 1 0.0489 0.0912 1 1 3 16 0.2000 0.5714 1 0 0 0 0 0 1 0 0 0 0 0 2 0 4 0 4 2 4 5 5 8 10 1 2 1 2 1 2 2 2 1 2 0 
0 3 12319994 0 1 0 1 0 0 0 0 0 0 0 1 1 2 13 0.4643 25 19 44 6 1.3158 0 0 1 1 0.0814 0.0619 1 1 12 6 0.4800 0.3158 1 0 0 0 0 0 1 0 0 0 0 0 1 0 2 2 3 2 2 5 5 7 10 2 2 2 1 2 1 3 1 4 1 0 

1 4 12319995 1 0 1 0 0 0 0 0 0 0 0 2 1 3 6 0.2143 13 6 19 7 2.1667 0 0 1 1 0.0423 0.0195 1 0 7 0 0.5385 0 1 0 0 0 0 0 1 0 0 0 1 0 2 3 3 4 3 4 3 4 7 8 7 1 0 2 0 1 0 1 0 2 0 2 
0 4 12319994 0 1 1 0 0 0 0 0 0 0 0 2 1 3 2 0.0714 13 14 27 1 1.0769 0 0 1 1 0.0423 0.0456 1 1 11 12 0.8462 0.8571 1 0 0 0 0 0 1 0 0 0 0 0 1 0 1 0 4 0 2 4 4 7 7 1 1 1 1 1 1 1 1 1 1 2 
1 4 12319995 1 0 1 0 0 1 0 1 0 0 0 1 1 2 14 0.5000 29 27 56 2 1.0741 1 0 1.0357 1 0.0945 0.0879 1 1 15 13 0.5172 0.4815 1 0 0 0 0 0 1 0 0 0 0 0 2 3 4 8 4 7 3 4 6 9 12 2 1 1 2 1 1 2 1 1 2 1 
1 4 12319995 1 0 1 0 0 1 1 2 1 1 2 1 1 2 10 0.3571 13 4 17 9 3.2500 1 0 1.0833 1 0.0423 0.0130 1 0 3 -6.0000 0.2308 -1.5000 1 0 0 0 0 0 1 0 0 0 0 0 2 2 6 5 9 6 4 5 5 8 5 5 0 2 0 1 0 1 0 1 0 5 
0 4 12319994 1 0 0 1 0 0 0 0 0 0 0 1 1 2 12 0.4286 15 28 43 13 1.8667 0 0 1 1 0.0489 0.0912 1 1 3 16 0.2000 0.5714 1 0 0 0 0 0 1 0 0 0 0 0 2 0 4 0 4 2 4 5 5 8 10 1 2 1 2 1 2 2 2 1 2 0 
1 4 12319995 0 1 0 1 0 0 0 0 0 0 0 1 1 2 13 0.4643 25 19 44 6 1.3158 0 0 1 1 0.0814 0.0619 1 1 12 6 0.4800 0.3158 1 0 0 0 0 0 1 0 0 0 0 0 1 0 2 2 3 2 2 5 5 7 10 2 2 2 1 2 1 3 1 4 1 0 

0 5 12399995 0 1 1 0 0 1 0 1 0 0 0 1 1 2 2 0.0714 13 14 27 1 1.0769 0 0 1 1 0.0421 0.0453 1 1 11 12 0.8462 0.8571 1 0 0 0 0 0 1 0 0 0 0 0 1 0 1 0 4 0 2 4 4 7 7 1 1 1 1 1 1 1 1 1 1 2 
1 5 12399996 1 0 1 0 0 1 0 1 0 0 0 1 1 2 14 0.5000 29 27 56 2 1.0741 1 0 1.0357 1 0.0939 0.0874 1 1 15 13 0.5172 0.4815 1 0 0 0 0 0 1 0 0 0 0 0 2 3 4 8 4 7 3 4 6 9 12 2 1 1 2 1 1 2 1 1 2 1 
1 5 12399996 1 0 1 0 0 1 1 2 1 1 2 1 1 2 10 0.3571 13 4 17 9 3.2500 1 0 1.0833 1 0.0421 0.0129 1 0 3 -6.0000 0.2308 -1.5000 1 0 0 0 0 0 1 0 0 0 0 0 2 2 6 5 9 6 4 5 5 8 5 5 0 2 0 1 0 1 0 1 0 5 
0 5 12399995 1 0 0 1 0 0 0 0 0 0 0 1 1 2 12 0.4286 15 28 43 13 1.8667 0 0 1 1 0.0485 0.0906 1 1 3 16 0.2000 0.5714 1 0 0 0 0 0 1 0 0 0 0 0 2 0 4 0 4 2 4 5 5 8 10 1 2 1 2 1 2 2 2 1 2 0 
1 5 12399996 0 1 0 1 0 0 0 0 0 0 0 1 1 2 13 0.4643 25 19 44 6 1.3158 0 0 1 1 0.0809 0.0615 1 1 12 6 0.4800 0.3158 1 0 0 0 0 0 1 0 0 0 0 0 1 0 2 2 3 2 2 5 5 7 10 2 2 2 1 2 1 3 1 4 1 0 

0 6 12319995 1 0 1 0 0 1 0 1 0 0 0 1 1 2 14 0.5000 29 27 56 2 1.0741 1 0 1.0357 1 0.0945 0.0879 1 1 15 13 0.5172 0.4815 1 0 0 0 0 0 1 0 0 0 0 0 2 3 4 8 4 7 3 4 6 9 12 2 1 1 2 1 1 2 1 1 2 1 
0 6 12319995 1 0 1 0 0 1 1 2 1 1 2 1 1 2 10 0.3571 13 4 17 9 3.2500 1 0 1.0833 1 0.0423 0.0130 1 0 3 -6.0000 0.2308 -1.5000 1 0 0 0 0 0 1 0 0 0 0 0 2 2 6 5 9 6 4 5 5 8 5 5 0 2 0 1 0 1 0 1 0 5 
1 6 12319996 1 0 1 0 0 1 1 2 1 1 2 2 1 3 7 0.2500 14 6 20 8 2.3333 1 0 1.0769 1 0.0456 0.0195 1 0 7 -1.0000 0.5000 -0.1667 1 0 0 0 0 0 1 0 0 0 1 0 2 2 6 2 5 2 3 4 7 8 7 3 0 2 0 1 0 1 0 2 0 1 
0 6 12319994 1 0 0 1 0 0 0 0 0 0 0 1 1 2 12 0.4286 15 28 43 13 1.8667 0 0 1 1 0.0489 0.0912 1 1 3 16 0.2000 0.5714 1 0 0 0 0 0 1 0 0 0 0 0 2 0 4 0 4 2 4 5 5 8 10 1 2 1 2 1 2 2 2 1 2 0 
0 6 12319995 0 1 0 1 0 0 0 0 0 0 0 1 1 2 13 0.4643 25 19 44 6 1.3158 0 0 1 1 0.0814 0.0619 1 1 12 6 0.4800 0.3158 1 0 0 0 0 0 1 0 0 0 0 0 1 0 2 2 3 2 2 5 5 7 10 2 2 2 1 2 1 3 1 4 1 0 
0 6 12319994 0 1 0 1 0 1 0 1 0 0 0 2 1 3 2 0.0714 14 14 28 0 1 1 0 1.0769 1 0.0456 0.0456 1 1 12 12 0.8571 0.8571 1 0 0 0 0 0 1 0 0 0 0 0 1 0 1 0 4 0 2 4 4 7 7 1 1 2 1 2 1 2 1 2 1 1 

1 7 12319997 1 0 1 0 0 1 0 1 0 0 0 1 1 2 14 0.5000 29 27 56 2 1.0741 1 0 1.0357 1 0.0945 0.0879 1 1 15 13 0.5172 0.4815 1 0 0 0 0 0 1 0 0 0 0 0 2 3 4 8 4 7 3 4 6 9 12 2 1 1 2 1 1 2 1 1 2 1 
1 7 12319997 1 0 1 0 0 1 1 2 1 1 2 1 1 2 10 0.3571 13 4 17 9 3.2500 1 0 1.0833 1 0.0423 0.0130 1 0 3 -6.0000 0.2308 -1.5000 1 0 0 0 0 0 1 0 0 0 0 0 2 2 6 5 9 6 4 5 5 8 5 5 0 2 0 1 0 1 0 1 0 5 
0 7 12319996 1 0 0 1 0 0 0 0 0 0 0 1 1 2 12 0.4286 15 28 43 13 1.8667 0 0 1 1 0.0489 0.0912 1 1 3 16 0.2000 0.5714 1 0 0 0 0 0 1 0 0 0 0 0 2 0 4 0 4 2 4 5 5 8 10 1 2 1 2 1 2 2 2 1 2 0 
1 7 12319997 0 1 0 1 0 0 0 0 0 0 0 1 1 2 13 0.4643 25 19 44 6 1.3158 0 0 1 1 0.0814 0.0619 1 1 12 6 0.4800 0.3158 1 0 0 0 0 0 1 0 0 0 0 0 1 0 2 2 3 2 2 5 5 7 10 2 2 2 1 2 1 3 1 4 1 0 

1 8 12319998 1 0 1 0 0 1 1 2 1 1 2 1 1 2 10 0.3448 13 4 17 9 3.2500 1 0 1.0833 1 0.0423 0.0130 1 0 3 -6.0000 0.2308 -1.5000 1 0 0 0 0 0 1 0 0 0 0 0 2 2 6 5 9 6 4 5 5 8 5 5 0 2 0 1 0 1 0 1 0 5 
0 8 12319997 1 0 0 1 0 0 0 0 0 0 0 1 1 2 12 0.4138 15 28 43 13 1.8667 0 0 1 1 0.0489 0.0912 1 1 3 16 0.2000 0.5714 1 0 0 0 0 0 1 0 0 0 0 0 2 0 4 0 4 2 4 5 5 8 10 1 2 1 2 1 2 2 2 1 2 0 
1 8 12319998 0 1 0 1 0 0 0 0 0 0 0 1 1 2 13 0.4483 25 19 44 6 1.3158 0 0 1 1 0.0814 0.0619 1 1 12 6 0.4800 0.3158 1 0 0 0 0 0 1 0 0 0 0 0 1 0 2 2 3 2 2 5 5 7 10 2 2 2 1 2 1 3 1 4 1 0 

1 9 12319998 1 0 1 0 0 2 2 4 2 2 4 1 1 2 11 0.3793 14 4 18 10 3.5000 2 0 1.1667 1 0.0456 0.0130 1 0 3 -7.0000 0.2143 -1.7500 1 0 0 0 0 0 1 0 0 0 0 0 2 2 5 9 6 8 4 5 5 8 5 5 0 2 0 1 0 1 0 1 0 4 
0 9 12319997 1 0 0 1 0 0 0 0 0 0 0 1 1 2 12 0.4138 15 28 43 13 1.8667 0 0 1 1 0.0489 0.0912 1 1 3 16 0.2000 0.5714 1 0 0 0 0 0 1 0 0 0 0 0 2 0 4 0 4 2 4 5 5 8 10 1 2 1 2 1 2 2 2 1 2 0 
1 9 12319998 0 1 0 1 0 0 0 0 0 0 0 1 1 2 13 0.4483 25 19 44 6 1.3158 0 0 1 1 0.0814 0.0619 1 1 12 6 0.4800 0.3158 1 0 0 0 0 0 1 0 0 0 0 0 1 0 2 2 3 2 2 5 5 7 10 2 2 2 1 2 1 3 1 4 1 0 

1 10 12319998 1 0 1 0 0 3 3 6 3 3 6 1 1 2 12 0.4138 15 4 19 11 3.7500 3 0 1.2500 1 0.0489 0.0130 1 0 3 -8.0000 0.2000 -2.0000 1 0 0 0 0 0 1 0 0 0 0 0 2 2 7 6 8 7 4 5 5 8 5 5 0 2 0 1 0 1 0 1 0 3 
0 10 12319997 1 0 0 1 0 0 0 0 0 0 0 1 1 2 12 0.4138 15 28 43 13 1.8667 0 0 1 1 0.0489 0.0912 1 1 3 16 0.2000 0.5714 1 0 0 0 0 0 1 0 0 0 0 0 2 0 4 0 4 2 4 5 5 8 10 1 2 1 2 1 2 2 2 1 2 0 
1 10 12319998 0 1 0 1 0 0 0 0 0 0 0 1 1 2 13 0.4483 25 19 44 6 1.3158 0 0 1 1 0.0814 0.0619 1 1 12 6 0.4800 0.3158 1 0 0 0 0 0 1 0 0 0 0 0 1 0 2 2 3 2 2 5 5 7 10 2 2 2 1 2 1 3 1 4 1 0 

1 11 12319998 1 0 1 0 0 4 4 8 4 4 8 1 1 2 13 0.4483 16 4 20 12 4 4 0 1.3333 1 0.0521 0.0130 1 0 3 -9.0000 0.1875 -2.2500 1 0 0 0 0 0 1 0 0 0 0 0 2 3 6 7 6 9 4 5 5 8 5 5 0 2 0 1 0 1 0 1 0 2 
0 11 12319997 1 0 0 1 0 0 0 0 0 0 0 1 1 2 12 0.4138 15 28 43 13 1.8667 0 0 1 1 0.0489 0.0912 1 1 3 16 0.2000 0.5714 1 0 0 0 0 0 1 0 0 0 0 0 2 0 4 0 4 2 4 5 5 8 10 1 2 1 2 1 2 2 2 1 2 0 
1 11 12319998 0 1 0 1 0 0 0 0 0 0 0 1 1 2 13 0.4483 25 19 44 6 1.3158 0 0 1 1 0.0814 0.0619 1 1 12 6 0.4800 0.3158 1 0 0 0 0 0 1 0 0 0 0 0 1 0 2 2 3 2 2 5 5 7 10 2 2 2 1 2 1 3 1 4 1 0 

1 12 12319998 1 0 1 0 0 5 5 10 5 5 10 1 1 2 14 0.4828 17 4 21 13 4.2500 5 0 1.4167 1 0.0554 0.0130 1 0 3 -10.0000 0.1765 -2.5000 1 0 0 0 0 0 1 0 0 0 0 0 2 3 7 6 7 8 4 5 5 8 5 5 0 2 0 1 0 1 0 1 0 1 
0 12 12319997 1 0 0 1 0 0 0 0 0 0 0 1 1 2 12 0.4138 15 28 43 13 1.8667 0 0 1 1 0.0489 0.0912 1 1 3 16 0.2000 0.5714 1 0 0 0 0 0 1 0 0 0 0 0 2 0 4 0 4 2 4 5 5 8 10 1 2 1 2 1 2 2 2 1 2 0 
1 12 12319998 0 1 0 1 0 0 0 0 0 0 0 1 1 2 13 0.4483 25 19 44 6 1.3158 0 0 1 1 0.0814 0.0619 1 1 12 6 0.4800 0.3158 1 0 0 0 0 0 1 0 0 0 0 0 1 0 2 2 3 2 2 5 5 7 10 2 2 2 1 2 1 3 1 4 1 0 

0 13 12319998 1 0 0 1 0 0 0 0 0 0 0 1 1 2 12 0.4138 15 28 43 13 1.8667 0 0 1 1 0.0489 0.0912 1 1 3 16 0.2000 0.5714 1 0 0 0 0 0 1 0 0 0 0 0 2 0 4 0 4 2 4 5 5 8 10 1 2 1 2 1 2 2 2 1 2 0 
1 13 12319999 0 1 0 1 0 0 0 0 0 0 0 1 1 2 13 0.4483 25 19 44 6 1.3158 0 0 1 1 0.0814 0.0619 1 1 12 6 0.4800 0.3158 1 0 0 0 0 0 1 0 0 0 0 0 1 0 2 2 3 2 2 5 5 7 10 2 2 2 1 2 1 3 1 4 1 0 

1 14 12359997 1 0 1 0 0 6 6 12 6 6 12 1 1 2 10 0.3571 13 4 17 9 3.2500 1 0 1.0833 1 0.0422 0.0130 1 0 3 -6.0000 0.2308 -1.5000 1 0 0 0 0 0 1 0 0 0 0 0 2 2 6 5 9 6 4 5 5 8 5 5 0 2 0 1 0 1 0 1 0 5 
1 14 12359997 1 0 1 0 0 1 0 1 1 1 2 1 1 2 15 0.5357 28 22 50 6 1.2727 1 0 1.0370 1 0.0909 0.0714 1 1 13 7 0.4643 0.3182 1 0 0 0 0 0 1 0 0 0 0 0 2 2 6 3 10 3 3 4 6 9 12 1 3 2 2 1 1 1 1 1 2 1 
0 14 12359996 1 0 0 1 0 1 1 2 1 1 2 1 1 2 12 0.4286 15 28 43 13 1.8667 0 0 1 1 0.0487 0.0909 1 1 3 16 0.2000 0.5714 1 0 0 0 0 0 1 0 0 0 0 0 2 0 4 0 4 2 4 5 5 8 10 1 2 1 2 1 2 2 2 1 2 0 
1 14 12359997 0 1 0 1 0 1 1 2 0.5000 0.5000 1 1 1 2 13 0.4643 25 19 44 6 1.3158 0 0 1 1 0.0812 0.0617 1 1 12 6 0.4800 0.3158 1 0 0 0 0 0 1 0 0 0 0 0 1 0 2 2 3 2 2 5 5 7 10 2 2 2 1 2 1 3 1 4 1 0 

1 15 12359995 1 0 1 0 0 6 6 12 6 6 12 1 1 2 9 0.3214 12 4 16 8 3 0 0 1 1 0.0390 0.0130 1 0 3 -5.0000 0.2500 -1.2500 1 0 0 0 0 0 1 0 0 0 0 0 2 2 5 6 5 9 4 5 5 8 5 3 0 2 0 1 0 1 0 1 0 6 
1 15 12359995 1 0 1 0 0 2 2 4 2 2 4 2 1 3 6 0.2143 13 6 19 7 2.1667 0 0 1 1 0.0422 0.0195 1 0 7 0 0.5385 0 1 0 0 0 0 0 1 0 0 0 1 0 2 3 3 4 3 4 3 4 7 8 7 1 0 2 0 1 0 1 0 2 0 2 
0 15 12359994 0 1 1 0 0 2 0 2 0 0 0 2 1 3 2 0.0714 13 14 27 1 1.0769 0 0 1 1 0.0422 0.0455 1 1 11 12 0.8462 0.8571 1 0 0 0 0 0 1 0 0 0 0 0 1 0 1 0 4 0 2 4 4 7 7 1 1 1 1 1 1 1 1 1 1 2 
0 15 12359993 0 1 1 0 0 1 3 4 1 1 2 1 1 2 13 0.4643 29 28 57 1 1.0357 1 0 1.0357 1 0.0942 0.0909 1 1 16 15 0.5517 0.5357 1 0 0 0 0 0 1 0 0 0 0 0 1 2 5 3 3 2 2 2 3 4 7 2 3 1 1 1 1 2 2 1 2 1 
0 15 12359994 1 0 0 1 0 1 1 2 1 1 2 1 1 2 12 0.4286 15 28 43 13 1.8667 0 0 1 1 0.0487 0.0909 1 1 3 16 0.2000 0.5714 1 0 0 0 0 0 1 0 0 0 0 0 2 0 4 0 4 2 4 5 5 8 10 1 2 1 2 1 2 2 2 1 2 0 
1 15 12359995 0 1 0 1 0 1 1 2 0.5000 0.5000 1 1 1 2 13 0.4643 25 19 44 6 1.3158 0 0 1 1 0.0812 0.0617 1 1 12 6 0.4800 0.3158 1 0 0 0 0 0 1 0 0 0 0 0 1 0 2 2 3 2 2 5 5 7 10 2 2 2 1 2 1 3 1 4 1 0 

1 16 12359994 1 0 1 0 0 6 6 12 6 6 12 1 1 2 9 0.3214 12 4 16 8 3 0 0 1 1 0.0390 0.0130 1 0 3 -5.0000 0.2500 -1.2500 1 0 0 0 0 0 1 0 0 0 0 0 2 2 5 6 5 9 4 5 5 8 5 3 0 2 0 1 0 1 0 1 0 6 
1 16 12359994 1 0 1 0 0 2 2 4 2 2 4 2 1 3 6 0.2143 13 6 19 7 2.1667 0 0 1 1 0.0422 0.0195 1 0 7 0 0.5385 0 1 0 0 0 0 0 1 0 0 0 1 0 2 3 3 4 3 4 3 4 7 8 7 1 0 2 0 1 0 1 0 2 0 2 
0 16 12359993 0 1 1 0 0 2 0 2 0 0 0 2 1 3 2 0.0714 13 14 27 1 1.0769 0 0 1 1 0.0422 0.0455 1 1 11 12 0.8462 0.8571 1 0 0 0 0 0 1 0 0 0 0 0 1 0 1 0 4 0 2 4 4 7 7 1 1 1 1 1 1 1 1 1 1 2 
0 16 12359993 1 0 0 1 0 1 1 2 1 1 2 1 1 2 12 0.4286 15 28 43 13 1.8667 0 0 1 1 0.0487 0.0909 1 1 3 16 0.2000 0.5714 1 0 0 0 0 0 1 0 0 0 0 0 2 0 4 0 4 2 4 5 5 8 10 1 2 1 2 1 2 2 2 1 2 0 
1 16 12359994 0 1 0 1 0 1 1 2 0.5000 0.5000 1 1 1 2 13 0.4643 25 19 44 6 1.3158 0 0 1 1 0.0812 0.0617 1 1 12 6 0.4800 0.3158 1 0 0 0 0 0 1 0 0 0 0 0 1 0 2 2 3 2 2 5 5 7 10 2 2 2 1 2 1 3 1 4 1 0 
0 16 12359993 0 1 0 1 0 3 1 4 1 1 2 2 1 3 13 0.4643 29 29 58 0 1 1 1 1.0357 1.0357 0.0942 0.0942 1 1 16 16 0.5517 0.5517 1 0 0 0 0 0 1 0 0 0 0 0 1 0 1 0 1 0 2 3 5 5 4 4 3 3 1 2 1 3 2 2 2 1 
0 16 12359993 1 0 0 1 0 3 1 4 0 0 0 2 1 3 14 0.5000 29 25 54 4 1.1600 1 0 1.0357 1 0.0942 0.0812 1 1 15 11 0.5172 0.4400 1 0 1 0 0 0 1 1 0 0 0 0 2 2 6 7 6 4 3 5 6 10 14 3 1 2 1 3 1 2 1 1 1 0 

