0 1 13359990 1 0 1 0 0 0 0 0 0 0 0 1 4 5 23 0.7667 25 15 40 10 1.6667 0 0 1 1 0.0751 0.0450 1 0 2 -8.0000 0.0800 -0.5333 1 0 0 1 1 0 3 0 0 1 0 0 2 2 5 10 13 9 4 5 5 8 5 0 1 0 1 0 1 0 1 0 0 10 
0 1 13359989 1 0 1 0 0 0 0 0 0 0 0 2 4 6 19 0.6333 25 15 40 10 1.6667 0 0 1 1 0.0751 0.0450 1 0 6 -4.0000 0.2400 -0.2667 1 0 0 0 1 0 3 0 0 1 0 0 2 2 5 5 13 6 4 5 5 8 5 1 0 1 0 1 0 1 0 1 0 4 
1 1 13399988 1 0 1 0 0 0 0 0 0 0 0 1 3 4 11 0.3667 22 10 32 12 2.2000 0 0 1 1 0.0661 0.0300 1 0 11 -1.0000 0.5000 -0.1000 1 0 0 0 0 0 1 0 0 0 1 1 2 2 4 1 4 1 3 5 6 8 10 1 1 1 0 1 0 1 0 1 0 2 
0 1 13359988 1 0 1 0 0 0 0 0 0 0 0 2 1 3 13 0.4333 15 14 29 1 1.0714 0 0 1 1 0.0450 0.0420 1 1 2 1 0.1333 0.0714 1 0 0 0 0 0 1 0 0 0 0 0 2 1 4 2 4 4 3 4 5 7 9 1 1 1 1 1 1 1 0 0 0 1 
0 1 13359987 1 0 1 0 0 0 0 0 0 0 0 2 1 3 10 0.3333 21 18 39 3 1.1667 0 0 1 1 0.0631 0.0541 1 1 11 8 0.5238 0.4444 1 0 0 0 0 1 1 0 0 0 2 1 2 0 4 2 4 6 3 3 6 8 9 1 1 1 1 1 1 1 1 1 1 2 
1 1 13399988 1 0 1 0 0 0 0 0 0 0 0 2 1 3 15 0.5000 21 31 52 10 1.4762 0 0 1 1 0.0631 0.0931 1 1 6 16 0.2857 0.5161 1 0 0 0 0 1 1 1 0 0 0 2 2 0 4 4 4 8 3 5 7 8 8 2 2 1 2 1 1 1 1 1 2 1 
0 1 13359989 0 1 1 0 0 0 0 0 0 0 0 3 1 4 7 0.2333 29 16 45 13 1.8125 0 0 1 1 0.0871 0.0480 1 1 22 9 0.7586 0.5625 1 0 0 0 0 0 1 0 0 0 0 1 1 0 1 0 1 1 3 4 5 7 12 1 1 1 1 1 1 1 1 1 1 2 
0 1 13359989 1 0 1 0 0 0 0 0 0 0 0 3 1 4 11 0.3667 29 23 52 6 1.2609 0 0 1 1 0.0871 0.0691 1 1 18 12 0.6207 0.5217 1 0 0 0 0 2 1 1 0 0 2 0 2 0 4 4 4 14 3 4 6 9 12 1 2 2 1 1 1 1 2 2 1 1 
0 1 13359987 0 1 1 0 0 0 0 0 0 0 0 2 3 5 4 0.1333 25 10 35 15 2.5000 0 0 1 1 0.0751 0.0300 1 1 21 6 0.8400 0.6000 1 0 1 0 0 0 1 1 0 0 0 1 1 0 4 4 2 1 2 2 3 5 6 1 1 1 1 1 1 1 1 2 1 2 
0 1 13359988 1 0 0 1 0 0 0 0 0 0 0 1 1 2 12 0.4000 17 12 29 5 1.4167 0 0 1 1 0.0511 0.0360 1 0 5 0 0.2941 0 1 0 0 0 0 0 1 0 0 0 0 0 2 2 3 2 3 2 2 4 7 6 9 3 0 2 0 2 0 2 0 2 0 0 
0 1 13359991 1 0 0 1 0 0 0 0 0 0 0 3 4 7 26 0.8667 29 15 44 14 1.9333 0 0 1 1 0.0871 0.0450 1 0 3 -11.0000 0.1034 -0.7333 1 0 0 1 0 0 3 0 0 1 0 0 2 3 7 8 9 10 4 5 5 8 5 4 0 3 0 2 0 2 0 1 0 0 
0 1 13359988 1 0 0 1 0 0 0 0 0 0 0 2 3 5 5 0.1667 15 10 25 5 1.5000 0 0 1 1 0.0450 0.0300 1 1 10 5 0.6667 0.5000 1 0 1 0 0 0 1 1 0 0 1 0 2 1 4 7 4 4 3 5 6 8 9 2 1 2 1 2 1 1 1 1 1 0 
0 1 13359987 1 0 0 0 1 0 0 0 0 0 0 4 1 5 11 0.3667 15 14 29 1 1.0714 0 0 1 1 0.0450 0.0420 1 1 4 3 0.2667 0.2143 1 0 0 0 0 0 1 0 0 3 0 0 2 0 4 0 4 8 4 5 8 10 11 2 3 3 3 3 2 3 3 2 1 0 

0 2 13399990 1 0 1 0 0 0 0 0 0 0 0 1 4 5 23 0.7667 25 15 40 10 1.6667 0 0 1 1 0.0749 0.0449 1 0 2 -8.0000 0.0800 -0.5333 1 0 0 1 1 0 3 0 0 1 0 0 2 2 5 10 13 9 4 5 5 8 5 0 1 0 1 0 1 0 1 0 0 10 
0 2 13399989 1 0 1 0 0 0 0 0 0 0 0 2 4 6 19 0.6333 25 15 40 10 1.6667 0 0 1 1 0.0749 0.0449 1 0 6 -4.0000 0.2400 -0.2667 1 0 0 0 1 0 3 0 0 1 0 0 2 2 5 5 13 6 4 5 5 8 5 1 0 1 0 1 0 1 0 1 0 4 
0 2 13399988 1 0 1 0 0 0 0 0 0 0 0 2 1 3 13 0.4333 15 14 29 1 1.0714 0 0 1 1 0.0449 0.0419 1 1 2 1 0.1333 0.0714 1 0 0 0 0 0 1 0 0 0 0 0 2 1 4 2 4 4 3 4 5 7 9 1 1 1 1 1 1 1 0 0 0 1 
0 2 13399987 1 0 1 0 0 0 0 0 0 0 0 2 1 3 10 0.3333 21 18 39 3 1.1667 0 0 1 1 0.0629 0.0539 1 1 11 8 0.5238 0.4444 1 0 0 0 0 1 1 0 0 0 2 1 2 0 4 2 4 6 3 3 6 8 9 1 1 1 1 1 1 1 1 1 1 2 
1 2 13439988 1 0 1 0 0 0 0 0 0 0 0 2 1 3 15 0.5000 21 31 52 10 1.4762 0 0 1 1 0.0629 0.0928 1 1 6 16 0.2857 0.5161 1 0 0 0 0 1 1 1 0 0 0 2 2 0 4 4 4 8 3 5 7 8 8 2 2 1 2 1 1 1 1 1 2 1 
0 2 13399989 0 1 1 0 0 0 0 0 0 0 0 3 1 4 7 0.2333 29 16 45 13 1.8125 0 0 1 1 0.0868 0.0479 1 1 22 9 0.7586 0.5625 1 0 0 0 0 0 1 0 0 0 0 1 1 0 1 0 1 1 3 4 5 7 12 1 1 1 1 1 1 1 1 1 1 2 
0 2 13399989 1 0 1 0 0 0 0 0 0 0 0 3 1 4 11 0.3667 29 23 52 6 1.2609 0 0 1 1 0.0868 0.0689 1 1 18 12 0.6207 0.5217 1 0 0 0 0 2 1 1 0 0 2 0 2 0 4 4 4 14 3 4 6 9 12 1 2 2 1 1 1 1 2 2 1 1 
0 2 13399987 0 1 1 0 0 0 1 1 0 0 0 2 3 5 4 0.1333 25 10 35 15 2.5000 0 0 1 1 0.0749 0.0299 1 1 21 6 0.8400 0.6000 1 0 1 0 0 0 1 1 0 0 0 1 1 0 4 4 2 1 2 2 3 5 6 1 1 1 1 1 1 1 1 2 1 2 
1 2 13439988 1 0 1 0 0 1 1 2 1 1 2 1 3 4 12 0.4000 23 10 33 13 2.3000 1 0 1.0455 1 0.0689 0.0299 1 0 11 -2.0000 0.4783 -0.2000 1 0 0 0 0 0 1 0 0 0 1 1 2 2 4 3 2 3 3 5 6 8 10 2 0 1 0 1 0 1 0 1 0 1 
0 2 13399988 1 0 0 1 0 0 0 0 0 0 0 1 1 2 12 0.4000 17 12 29 5 1.4167 0 0 1 1 0.0509 0.0359 1 0 5 0 0.2941 0 1 0 0 0 0 0 1 0 0 0 0 0 2 2 3 2 3 2 2 4 7 6 9 3 0 2 0 2 0 2 0 2 0 0 
0 2 13399991 1 0 0 1 0 0 0 0 0 0 0 3 4 7 26 0.8667 29 15 44 14 1.9333 0 0 1 1 0.0868 0.0449 1 0 3 -11.0000 0.1034 -0.7333 1 0 0 1 0 0 3 0 0 1 0 0 2 3 7 8 9 10 4 5 5 8 5 4 0 3 0 2 0 2 0 1 0 0 
0 2 13399988 1 0 0 1 0 0 1 1 0 0 0 2 3 5 5 0.1667 15 10 25 5 1.5000 0 0 1 1 0.0449 0.0299 1 1 10 5 0.6667 0.5000 1 0 1 0 0 0 1 1 0 0 1 0 2 1 4 7 4 4 3 5 6 8 9 2 1 2 1 2 1 1 1 1 1 0 
0 2 13399987 1 0 0 0 1 0 0 0 0 0 0 4 1 5 11 0.3667 15 14 29 1 1.0714 0 0 1 1 0.0449 0.0419 1 1 4 3 0.2667 0.2143 1 0 0 0 0 0 1 0 0 3 0 0 2 0 4 0 4 8 4 5 8 10 11 2 3 3 3 3 2 3 3 2 1 0 

0 3 13439991 1 0 1 0 0 0 0 0 0 0 0 1 4 5 23 0.7667 25 15 40 10 1.6667 0 0 1 1 0.0746 0.0448 1 0 2 -8.0000 0.0800 -0.5333 1 0 0 1 1 0 3 0 0 1 0 0 2 2 5 10 13 9 4 5 5 8 5 0 1 0 1 0 1 0 1 0 0 10 
0 3 13439990 1 0 1 0 0 0 0 0 0 0 0 2 4 6 19 0.6333 25 15 40 10 1.6667 0 0 1 1 0.0746 0.0448 1 0 6 -4.0000 0.2400 -0.2667 1 0 0 0 1 0 3 0 0 1 0 0 2 2 5 5 13 6 4 5 5 8 5 1 0 1 0 1 0 1 0 1 0 4 
0 3 13439989 1 0 1 0 0 0 0 0 0 0 0 2 1 3 13 0.4333 15 14 29 1 1.0714 0 0 1 1 0.0448 0.0418 1 1 2 1 0.1333 0.0714 1 0 0 0 0 0 1 0 0 0 0 0 2 1 4 2 4 4 3 4 5 7 9 1 1 1 1 1 1 1 0 0 0 1 
0 3 13439988 1 0 1 0 0 0 0 0 0 0 0 2 1 3 10 0.3333 21 18 39 3 1.1667 0 0 1 1 0.0627 0.0537 1 1 11 8 0.5238 0.4444 1 0 0 0 0 1 1 0 0 0 2 1 2 0 4 2 4 6 3 3 6 8 9 1 1 1 1 1 1 1 1 1 1 2 
1 3 13479989 1 0 1 0 0 0 0 0 0 0 0 2 1 3 15 0.5000 21 31 52 10 1.4762 0 0 1 1 0.0627 0.0925 1 1 6 16 0.2857 0.5161 1 0 0 0 0 1 1 1 0 0 0 2 2 0 4 4 4 8 3 5 7 8 8 2 2 1 2 1 1 1 1 1 2 1 
0 3 13439990 0 1 1 0 0 0 0 0 0 0 0 3 1 4 7 0.2333 29 16 45 13 1.8125 0 0 1 1 0.0866 0.0478 1 1 22 9 0.7586 0.5625 1 0 0 0 0 0 1 0 0 0 0 1 1 0 1 0 1 1 3 4 5 7 12 1 1 1 1 1 1 1 1 1 1 2 
0 3 13439990 1 0 1 0 0 0 0 0 0 0 0 3 1 4 11 0.3667 29 23 52 6 1.2609 0 0 1 1 0.0866 0.0687 1 1 18 12 0.6207 0.5217 1 0 0 0 0 2 1 1 0 0 2 0 2 0 4 4 4 14 3 4 6 9 12 1 2 2 1 1 1 1 2 2 1 1 
0 3 13439989 1 0 0 1 0 0 0 0 0 0 0 1 1 2 12 0.4000 17 12 29 5 1.4167 0 0 1 1 0.0507 0.0358 1 0 5 0 0.2941 0 1 0 0 0 0 0 1 0 0 0 0 0 2 2 3 2 3 2 2 4 7 6 9 3 0 2 0 2 0 2 0 2 0 0 
1 3 13439992 1 0 0 1 0 0 0 0 0 0 0 3 4 7 26 0.8667 29 15 44 14 1.9333 0 0 1 1 0.0866 0.0448 1 0 3 -11.0000 0.1034 -0.7333 1 0 0 1 0 0 3 0 0 1 0 0 2 3 7 8 9 10 4 5 5 8 5 4 0 3 0 2 0 2 0 1 0 0 
0 3 13439988 0 1 0 1 0 1 0 1 0 0 0 2 2 4 4 0.1333 13 25 38 12 1.9231 3 0 1.3000 1 0.0388 0.0746 1 1 9 21 0.6923 0.8400 1 0 0 0 0 0 1 0 0 0 0 0 1 0 1 0 1 5 1 2 3 3 2 1 7 1 7 1 5 1 5 2 6 1 
0 3 13439988 1 0 0 0 1 0 0 0 0 0 0 4 1 5 11 0.3667 15 14 29 1 1.0714 0 0 1 1 0.0448 0.0418 1 1 4 3 0.2667 0.2143 1 0 0 0 0 0 1 0 0 3 0 0 2 0 4 0 4 8 4 5 8 10 11 2 3 3 3 3 2 3 3 2 1 0 
0 3 13439989 0 1 0 0 1 1 0 1 0 0 0 2 2 4 6 0.2000 13 15 28 2 1.1538 3 0 1.3000 1 0.0388 0.0448 1 1 7 9 0.5385 0.6000 1 0 1 0 0 0 2 0 0 0 0 0 1 2 1 6 1 4 2 2 4 7 8 2 5 2 5 1 6 1 6 1 7 0 

0 4 13439991 1 0 1 0 0 0 0 0 0 0 0 1 4 5 23 0.7419 25 15 40 10 1.6667 0 0 1 1 0.0746 0.0448 1 0 2 -8.0000 0.0800 -0.5333 1 0 0 1 1 0 3 0 0 1 0 0 2 2 5 10 13 9 4 5 5 8 5 0 1 0 1 0 1 0 1 0 0 10 
0 4 13439990 1 0 1 0 0 0 0 0 0 0 0 2 4 6 19 0.6129 25 15 40 10 1.6667 0 0 1 1 0.0746 0.0448 1 0 6 -4.0000 0.2400 -0.2667 1 0 0 0 1 0 3 0 0 1 0 0 2 2 5 5 13 6 4 5 5 8 5 1 0 1 0 1 0 1 0 1 0 4 
0 4 13439989 1 0 1 0 0 0 0 0 0 0 0 2 1 3 13 0.4194 15 14 29 1 1.0714 0 0 1 1 0.0448 0.0418 1 1 2 1 0.1333 0.0714 1 0 0 0 0 0 1 0 0 0 0 0 2 1 4 2 4 4 3 4 5 7 9 1 1 1 1 1 1 1 0 0 0 1 
0 4 13439988 1 0 1 0 0 1 0 1 0 0 0 1 1 2 10 0.3226 21 18 39 3 1.1667 0 0 1 1 0.0627 0.0537 1 1 11 8 0.5238 0.4444 1 0 0 0 0 1 1 0 0 0 2 0 2 0 4 2 4 6 3 3 6 8 9 1 1 1 1 1 1 1 1 1 1 2 
0 4 13439990 0 1 1 0 0 0 0 0 0 0 0 3 1 4 7 0.2258 29 16 45 13 1.8125 0 0 1 1 0.0866 0.0478 1 1 22 9 0.7586 0.5625 1 0 0 0 0 0 1 0 0 0 0 1 1 0 1 0 1 1 3 4 5 7 12 1 1 1 1 1 1 1 1 1 1 2 
0 4 13439990 1 0 1 0 0 0 0 0 0 0 0 3 1 4 11 0.3548 29 23 52 6 1.2609 0 0 1 1 0.0866 0.0687 1 1 18 12 0.6207 0.5217 1 0 0 0 0 1 1 0 0 0 2 0 2 0 4 4 4 12 3 4 6 9 12 1 2 2 1 1 1 1 2 2 1 1 
0 4 13439988 0 1 1 0 0 0 1 1 0 0 0 2 3 5 4 0.1290 25 10 35 15 2.5000 0 0 1 1 0.0746 0.0299 1 1 21 6 0.8400 0.6000 1 0 1 0 0 0 1 1 0 0 0 1 1 0 4 4 2 1 2 2 3 5 6 1 1 1 1 1 1 1 1 2 1 2 
1 4 13479989 1 0 1 0 0 1 1 2 1 1 2 1 3 4 12 0.3871 23 10 33 13 2.3000 1 0 1.0455 1 0.0687 0.0299 1 0 11 -2.0000 0.4783 -0.2000 1 0 0 0 0 0 1 0 0 0 1 1 2 2 4 3 2 3 3 5 6 8 10 2 0 1 0 1 0 1 0 1 0 1 
0 4 13439989 1 0 0 1 0 0 0 0 0 0 0 1 1 2 12 0.3871 17 12 29 5 1.4167 0 0 1 1 0.0507 0.0358 1 0 5 0 0.2941 0 1 0 0 0 0 0 1 0 0 0 0 0 2 2 3 2 3 2 2 4 7 6 9 3 0 2 0 2 0 2 0 2 0 0 
1 4 13439992 1 0 0 1 0 0 0 0 0 0 0 3 4 7 26 0.8387 29 15 44 14 1.9333 0 0 1 1 0.0866 0.0448 1 0 3 -11.0000 0.1034 -0.7333 1 0 0 1 0 0 3 0 0 1 0 0 2 3 7 8 9 10 4 5 5 8 5 4 0 3 0 2 0 2 0 1 0 0 
0 4 13439989 1 0 0 1 0 0 1 1 0 0 0 2 3 5 5 0.1613 15 10 25 5 1.5000 0 0 1 1 0.0448 0.0299 1 1 10 5 0.6667 0.5000 1 0 1 0 0 0 1 1 0 0 1 0 2 1 4 7 4 4 3 5 6 8 9 2 1 2 1 2 1 1 1 1 1 0 
0 4 13439988 1 0 0 0 1 0 0 0 0 0 0 4 1 5 11 0.3548 15 14 29 1 1.0714 0 0 1 1 0.0448 0.0418 1 1 4 3 0.2667 0.2143 1 0 0 0 0 0 1 0 0 3 0 0 2 0 4 0 4 8 4 5 8 10 11 2 3 3 3 3 2 3 3 2 1 0 

0 5 13439990 1 0 1 0 0 0 0 0 0 0 0 1 4 5 23 0.7667 25 15 40 10 1.6667 0 0 1 1 0.0746 0.0448 1 0 2 -8.0000 0.0800 -0.5333 1 0 0 1 1 0 3 0 0 1 0 0 2 2 5 10 13 9 4 5 5 8 5 0 1 0 1 0 1 0 1 0 0 10 
0 5 13439989 1 0 1 0 0 0 0 0 0 0 0 2 4 6 19 0.6333 25 15 40 10 1.6667 0 0 1 1 0.0746 0.0448 1 0 6 -4.0000 0.2400 -0.2667 1 0 0 0 1 0 3 0 0 1 0 0 2 2 5 5 13 6 4 5 5 8 5 1 0 1 0 1 0 1 0 1 0 4 
0 5 13439988 1 0 1 0 0 0 0 0 0 0 0 2 1 3 13 0.4333 15 14 29 1 1.0714 0 0 1 1 0.0448 0.0418 1 1 2 1 0.1333 0.0714 1 0 0 0 0 0 1 0 0 0 0 0 2 1 4 2 4 4 3 4 5 7 9 1 1 1 1 1 1 1 0 0 0 1 
0 5 13439989 0 1 1 0 0 0 0 0 0 0 0 3 1 4 7 0.2333 29 16 45 13 1.8125 0 0 1 1 0.0866 0.0478 1 1 22 9 0.7586 0.5625 1 0 0 0 0 0 1 0 0 0 0 1 1 0 1 0 1 1 3 4 5 7 12 1 1 1 1 1 1 1 1 1 1 2 
0 5 13439989 1 0 1 0 0 0 0 0 0 0 0 3 1 4 11 0.3667 29 23 52 6 1.2609 0 0 1 1 0.0866 0.0687 1 1 18 12 0.6207 0.5217 1 0 0 0 0 2 2 0 0 0 2 0 2 0 4 4 5 13 3 4 6 9 12 1 2 2 1 1 1 1 2 2 1 1 
0 5 13439987 0 1 1 0 0 0 1 1 0 0 0 2 3 5 4 0.1333 25 10 35 15 2.5000 0 0 1 1 0.0746 0.0299 1 1 21 6 0.8400 0.6000 1 0 1 0 0 0 1 1 0 0 0 1 1 0 4 4 2 1 2 2 3 5 6 1 1 1 1 1 1 1 1 2 1 2 
1 5 13479988 1 0 1 0 0 1 1 2 1 1 2 1 3 4 12 0.4000 23 10 33 13 2.3000 1 0 1.0455 1 0.0687 0.0299 1 0 11 -2.0000 0.4783 -0.2000 1 0 0 0 0 0 1 0 0 0 1 1 2 2 4 3 2 3 3 5 6 8 10 2 0 1 0 1 0 1 0 1 0 1 
0 5 13439988 0 1 1 0 0 1 1 2 0 1 1 2 1 3 16 0.5333 22 31 53 9 1.4091 1 0 1.0476 1 0.0657 0.0925 1 1 6 15 0.2727 0.4839 1 0 0 0 0 1 2 0 0 0 2 0 1 0 1 0 1 6 2 2 3 4 7 3 2 1 1 1 1 1 2 1 1 2 
0 5 13439988 1 0 0 1 0 0 0 0 0 0 0 1 1 2 12 0.4000 17 12 29 5 1.4167 0 0 1 1 0.0507 0.0358 1 0 5 0 0.2941 0 1 0 0 0 0 0 1 0 0 0 0 0 2 2 3 2 3 2 2 4 7 6 9 3 0 2 0 2 0 2 0 2 0 0 
1 5 13439991 1 0 0 1 0 0 0 0 0 0 0 3 4 7 26 0.8667 29 15 44 14 1.9333 0 0 1 1 0.0866 0.0448 1 0 3 -11.0000 0.1034 -0.7333 1 0 0 1 0 0 3 0 0 1 0 0 2 3 7 8 9 10 4 5 5 8 5 4 0 3 0 2 0 2 0 1 0 0 
0 5 13439988 1 0 0 1 0 0 1 1 0 0 0 2 3 5 5 0.1667 15 10 25 5 1.5000 0 0 1 1 0.0448 0.0299 1 1 10 5 0.6667 0.5000 1 0 1 0 0 0 1 1 0 0 1 0 2 1 4 7 4 4 3 5 6 8 9 2 1 2 1 2 1 1 1 1 1 0 
0 5 13439987 1 0 0 1 0 1 0 1 0 0 0 2 1 3 10 0.3333 22 18 40 4 1.2222 1 0 1.0476 1 0.0657 0.0537 1 1 12 8 0.5455 0.4444 1 0 0 0 0 1 1 0 0 0 3 0 2 0 4 2 4 6 3 3 6 8 9 2 1 2 1 2 1 2 1 2 1 1 
0 5 13439987 1 0 0 0 1 0 0 0 0 0 0 4 1 5 11 0.3667 15 14 29 1 1.0714 0 0 1 1 0.0448 0.0418 1 1 4 3 0.2667 0.2143 1 0 0 0 0 0 1 0 0 3 0 0 2 0 4 0 4 8 4 5 8 10 11 2 3 3 3 3 2 3 3 2 1 0 

1 6 13479992 1 0 1 0 0 0 0 0 0 0 0 1 4 5 23 0.7419 25 15 40 10 1.6667 0 0 1 1 0.0744 0.0446 1 0 2 -8.0000 0.0800 -0.5333 1 0 0 1 1 0 3 0 0 1 0 0 2 2 5 10 13 9 4 5 5 8 5 0 1 0 1 0 1 0 1 0 0 10 
0 6 13479991 1 0 1 0 0 0 0 0 0 0 0 2 4 6 19 0.6129 25 15 40 10 1.6667 0 0 1 1 0.0744 0.0446 1 0 6 -4.0000 0.2400 -0.2667 1 0 0 0 1 0 3 0 0 1 0 0 2 2 5 5 13 6 4 5 5 8 5 1 0 1 0 1 0 1 0 1 0 4 
0 6 13479990 1 0 1 0 0 0 0 0 0 0 0 2 1 3 13 0.4194 15 14 29 1 1.0714 0 0 1 1 0.0446 0.0417 1 1 2 1 0.1333 0.0714 1 0 0 0 0 0 1 0 0 0 0 0 2 1 4 2 4 4 3 4 5 7 9 1 1 1 1 1 1 1 0 0 0 1 
0 6 13479989 1 0 1 0 0 2 0 2 0 0 0 1 1 2 10 0.3226 21 18 39 3 1.1667 0 0 1 1 0.0625 0.0536 1 1 11 8 0.5238 0.4444 1 0 0 0 0 1 1 0 0 0 2 0 2 0 4 2 4 6 3 3 6 8 9 1 1 1 1 1 1 1 1 1 1 2 
0 6 13479991 0 1 1 0 0 0 0 0 0 0 0 3 1 4 7 0.2258 29 16 45 13 1.8125 0 0 1 1 0.0863 0.0476 1 1 22 9 0.7586 0.5625 1 0 0 0 0 0 1 0 0 0 0 1 1 0 1 0 1 1 3 4 5 7 12 1 1 1 1 1 1 1 1 1 1 2 
0 6 13479991 1 0 1 0 0 0 0 0 0 0 0 3 1 4 11 0.3548 29 23 52 6 1.2609 0 0 1 1 0.0863 0.0685 1 1 18 12 0.6207 0.5217 1 0 0 0 0 1 1 0 0 0 2 0 2 0 4 4 4 12 3 4 6 9 12 1 2 2 1 1 1 1 2 2 1 1 
0 6 13479990 1 0 0 1 0 0 0 0 0 0 0 1 1 2 12 0.3871 17 12 29 5 1.4167 0 0 1 1 0.0506 0.0357 1 0 5 0 0.2941 0 1 0 0 0 0 0 1 0 0 0 0 0 2 2 3 2 3 2 2 4 7 6 9 3 0 2 0 2 0 2 0 2 0 0 
1 6 13479993 1 0 0 1 0 0 0 0 0 0 0 3 4 7 26 0.8387 29 15 44 14 1.9333 0 0 1 1 0.0863 0.0446 1 0 3 -11.0000 0.1034 -0.7333 1 0 0 1 0 0 3 0 0 1 0 0 2 3 7 8 9 10 4 5 5 8 5 4 0 3 0 2 0 2 0 1 0 0 
0 6 13479989 0 1 0 1 0 1 0 1 0 0 0 2 2 4 4 0.1290 13 25 38 12 1.9231 3 0 1.3000 1 0.0387 0.0744 1 1 9 21 0.6923 0.8400 1 0 0 0 0 0 1 0 0 0 0 0 1 0 1 0 1 5 1 2 3 3 2 1 7 1 7 1 5 1 5 2 6 1 
0 6 13479989 1 0 0 0 1 0 0 0 0 0 0 4 1 5 11 0.3548 15 14 29 1 1.0714 0 0 1 1 0.0446 0.0417 1 1 4 3 0.2667 0.2143 1 0 0 0 0 0 1 0 0 3 0 0 2 0 4 0 4 8 4 5 8 10 11 2 3 3 3 3 2 3 3 2 1 0 
0 6 13479990 0 1 0 0 1 1 0 1 0 0 0 2 2 4 6 0.1935 13 15 28 2 1.1538 3 0 1.3000 1 0.0387 0.0446 1 1 7 9 0.5385 0.6000 1 0 1 0 0 0 2 0 0 0 0 0 1 2 1 6 1 4 2 2 4 7 8 2 5 2 5 1 6 1 6 1 7 0 

1 7 13479991 1 0 1 0 0 0 0 0 0 0 0 1 4 5 23 0.7667 25 15 40 10 1.6667 0 0 1 1 0.0744 0.0446 1 0 2 -8.0000 0.0800 -0.5333 1 0 0 1 1 0 3 0 0 1 0 0 2 2 5 10 13 9 4 5 5 8 5 0 1 0 1 0 1 0 1 0 0 10 
0 7 13479990 1 0 1 0 0 0 0 0 0 0 0 2 4 6 19 0.6333 25 15 40 10 1.6667 0 0 1 1 0.0744 0.0446 1 0 6 -4.0000 0.2400 -0.2667 1 0 0 0 1 0 3 0 0 1 0 0 2 2 5 5 13 6 4 5 5 8 5 1 0 1 0 1 0 1 0 1 0 4 
0 7 13479989 1 0 1 0 0 0 0 0 0 0 0 2 1 3 13 0.4333 15 14 29 1 1.0714 0 0 1 1 0.0446 0.0417 1 1 2 1 0.1333 0.0714 1 0 0 0 0 0 1 0 0 0 0 0 2 1 4 2 4 4 3 4 5 7 9 1 1 1 1 1 1 1 0 0 0 1 
0 7 13479990 0 1 1 0 0 0 0 0 0 0 0 3 1 4 7 0.2333 29 16 45 13 1.8125 0 0 1 1 0.0863 0.0476 1 1 22 9 0.7586 0.5625 1 0 0 0 0 0 1 0 0 0 0 1 1 0 1 0 1 1 3 4 5 7 12 1 1 1 1 1 1 1 1 1 1 2 
0 7 13479990 1 0 1 0 0 0 0 0 0 0 0 3 1 4 11 0.3667 29 23 52 6 1.2609 0 0 1 1 0.0863 0.0685 1 1 18 12 0.6207 0.5217 1 0 0 0 0 2 2 0 0 0 2 0 2 0 4 4 5 13 3 4 6 9 12 1 2 2 1 1 1 1 2 2 1 1 
0 7 13479989 0 1 1 0 0 2 2 4 0 2 2 2 1 3 16 0.5333 22 31 53 9 1.4091 1 0 1.0476 1 0.0655 0.0923 1 1 6 15 0.2727 0.4839 1 0 0 0 0 1 2 0 0 0 2 0 1 0 1 0 1 6 2 2 3 4 7 3 2 1 1 1 1 1 2 1 1 2 
0 7 13479989 1 0 0 1 0 0 0 0 0 0 0 1 1 2 12 0.4000 17 12 29 5 1.4167 0 0 1 1 0.0506 0.0357 1 0 5 0 0.2941 0 1 0 0 0 0 0 1 0 0 0 0 0 2 2 3 2 3 2 2 4 7 6 9 3 0 2 0 2 0 2 0 2 0 0 
1 7 13479992 1 0 0 1 0 0 0 0 0 0 0 3 4 7 26 0.8667 29 15 44 14 1.9333 0 0 1 1 0.0863 0.0446 1 0 3 -11.0000 0.1034 -0.7333 1 0 0 1 0 0 3 0 0 1 0 0 2 3 7 8 9 10 4 5 5 8 5 4 0 3 0 2 0 2 0 1 0 0 
0 7 13479988 0 1 0 1 0 1 0 1 0 0 0 2 2 4 4 0.1333 13 25 38 12 1.9231 3 0 1.3000 1 0.0387 0.0744 1 1 9 21 0.6923 0.8400 1 0 0 0 0 0 1 0 0 0 0 0 1 0 1 0 1 5 1 2 3 3 2 1 7 1 7 1 5 1 5 2 6 1 
0 7 13479988 1 0 0 1 0 2 0 2 0 0 0 2 1 3 10 0.3333 22 18 40 4 1.2222 1 0 1.0476 1 0.0655 0.0536 1 1 12 8 0.5455 0.4444 1 0 0 0 0 1 1 0 0 0 3 0 2 0 4 2 4 6 3 3 6 8 9 2 1 2 1 2 1 2 1 2 1 1 
0 7 13479988 1 0 0 0 1 0 0 0 0 0 0 4 1 5 11 0.3667 15 14 29 1 1.0714 0 0 1 1 0.0446 0.0417 1 1 4 3 0.2667 0.2143 1 0 0 0 0 0 1 0 0 3 0 0 2 0 4 0 4 8 4 5 8 10 11 2 3 3 3 3 2 3 3 2 1 0 
0 7 13479989 0 1 0 0 1 1 0 1 0 0 0 2 2 4 6 0.2000 13 15 28 2 1.1538 3 0 1.3000 1 0.0387 0.0446 1 1 7 9 0.5385 0.6000 1 0 1 0 0 0 2 0 0 0 0 0 1 2 1 6 1 4 2 2 4 7 8 2 5 2 5 1 6 1 6 1 7 0 

1 8 13479992 1 0 1 0 0 0 0 0 0 0 0 1 4 5 23 0.7419 25 15 40 10 1.6667 0 0 1 1 0.0744 0.0446 1 0 2 -8.0000 0.0800 -0.5333 1 0 0 1 1 0 3 0 0 1 0 0 2 2 5 10 13 9 4 5 5 8 5 0 1 0 1 0 1 0 1 0 0 10 
0 8 13479991 1 0 1 0 0 0 0 0 0 0 0 2 4 6 19 0.6129 25 15 40 10 1.6667 0 0 1 1 0.0744 0.0446 1 0 6 -4.0000 0.2400 -0.2667 1 0 0 0 1 0 3 0 0 1 0 0 2 2 5 5 13 6 4 5 5 8 5 1 0 1 0 1 0 1 0 1 0 4 
0 8 13479990 1 0 1 0 0 0 0 0 0 0 0 2 1 3 13 0.4194 15 14 29 1 1.0714 0 0 1 1 0.0446 0.0417 1 1 2 1 0.1333 0.0714 1 0 0 0 0 0 1 0 0 0 0 0 2 1 4 2 4 4 3 4 5 7 9 1 1 1 1 1 1 1 0 0 0 1 
0 8 13479989 1 0 1 0 0 2 0 2 0 0 0 1 1 2 10 0.3226 21 18 39 3 1.1667 0 0 1 1 0.0625 0.0536 1 1 11 8 0.5238 0.4444 1 0 0 0 0 1 1 0 0 0 2 0 2 0 4 2 4 6 3 3 6 8 9 1 1 1 1 1 1 1 1 1 1 2 
0 8 13479991 0 1 1 0 0 0 0 0 0 0 0 3 1 4 7 0.2258 29 16 45 13 1.8125 0 0 1 1 0.0863 0.0476 1 1 22 9 0.7586 0.5625 1 0 0 0 0 0 1 0 0 0 0 1 1 0 1 0 1 1 3 4 5 7 12 1 1 1 1 1 1 1 1 1 1 2 
0 8 13479991 1 0 1 0 0 0 0 0 0 0 0 3 1 4 11 0.3548 29 23 52 6 1.2609 0 0 1 1 0.0863 0.0685 1 1 18 12 0.6207 0.5217 1 0 0 0 0 1 1 0 0 0 2 0 2 0 4 4 4 12 3 4 6 9 12 1 2 2 1 1 1 1 2 2 1 1 
0 8 13479989 0 1 1 0 0 0 2 2 0 0 0 2 2 4 4 0.1290 25 10 35 15 2.5000 0 0 1 1 0.0744 0.0298 1 1 21 6 0.8400 0.6000 1 0 1 0 0 0 1 1 0 0 0 0 1 0 4 4 2 1 2 2 3 5 6 1 1 1 1 1 1 1 1 2 1 2 
0 8 13479990 1 0 0 1 0 0 0 0 0 0 0 1 1 2 12 0.3871 17 12 29 5 1.4167 0 0 1 1 0.0506 0.0357 1 0 5 0 0.2941 0 1 0 0 0 0 0 1 0 0 0 0 0 2 2 3 2 3 2 2 4 7 6 9 3 0 2 0 2 0 2 0 2 0 0 
1 8 13479993 1 0 0 1 0 0 0 0 0 0 0 3 4 7 26 0.8387 29 15 44 14 1.9333 0 0 1 1 0.0863 0.0446 1 0 3 -11.0000 0.1034 -0.7333 1 0 0 1 0 0 3 0 0 1 0 0 2 3 7 8 9 10 4 5 5 8 5 4 0 3 0 2 0 2 0 1 0 0 
0 8 13479990 1 0 0 1 0 0 2 2 0 0 0 2 2 4 5 0.1613 15 10 25 5 1.5000 0 0 1 1 0.0446 0.0298 1 1 10 5 0.6667 0.5000 1 0 1 0 0 0 1 1 0 0 0 0 2 1 4 7 4 4 3 5 6 8 9 2 1 2 1 2 1 1 1 1 1 0 
0 8 13479989 1 0 0 0 1 0 0 0 0 0 0 4 1 5 11 0.3548 15 14 29 1 1.0714 0 0 1 1 0.0446 0.0417 1 1 4 3 0.2667 0.2143 1 0 0 0 0 0 1 0 0 3 0 0 2 0 4 0 4 8 4 5 8 10 11 2 3 3 3 3 2 3 3 2 1 0 

1 9 13479991 1 0 1 0 0 0 0 0 0 0 0 1 4 5 23 0.7667 25 15 40 10 1.6667 0 0 1 1 0.0744 0.0446 1 0 2 -8.0000 0.0800 -0.5333 1 0 0 1 1 0 3 0 0 1 0 0 2 2 5 10 13 9 4 5 5 8 5 0 1 0 1 0 1 0 1 0 0 10 
0 9 13479990 1 0 1 0 0 0 0 0 0 0 0 2 4 6 19 0.6333 25 15 40 10 1.6667 0 0 1 1 0.0744 0.0446 1 0 6 -4.0000 0.2400 -0.2667 1 0 0 0 1 0 3 0 0 1 0 0 2 2 5 5 13 6 4 5 5 8 5 1 0 1 0 1 0 1 0 1 0 4 
0 9 13479989 1 0 1 0 0 0 0 0 0 0 0 2 1 3 13 0.4333 15 14 29 1 1.0714 0 0 1 1 0.0446 0.0417 1 1 2 1 0.1333 0.0714 1 0 0 0 0 0 1 0 0 0 0 0 2 1 4 2 4 4 3 4 5 7 9 1 1 1 1 1 1 1 0 0 0 1 
0 9 13479990 0 1 1 0 0 0 0 0 0 0 0 3 1 4 7 0.2333 29 16 45 13 1.8125 0 0 1 1 0.0863 0.0476 1 1 22 9 0.7586 0.5625 1 0 0 0 0 0 1 0 0 0 0 1 1 0 1 0 1 1 3 4 5 7 12 1 1 1 1 1 1 1 1 1 1 2 
0 9 13479990 1 0 1 0 0 0 0 0 0 0 0 3 1 4 11 0.3667 29 23 52 6 1.2609 0 0 1 1 0.0863 0.0685 1 1 18 12 0.6207 0.5217 1 0 0 0 0 2 2 0 0 0 2 0 2 0 4 4 5 13 3 4 6 9 12 1 2 2 1 1 1 1 2 2 1 1 
0 9 13479988 0 1 1 0 0 0 3 3 0 0 0 2 2 4 4 0.1333 25 10 35 15 2.5000 0 0 1 1 0.0744 0.0298 1 1 21 6 0.8400 0.6000 1 0 1 0 0 0 1 1 0 0 0 0 1 0 4 4 2 1 2 2 3 5 6 1 1 1 1 1 1 1 1 2 1 2 
0 9 13479989 0 1 1 0 0 2 2 4 0 2 2 2 1 3 16 0.5333 22 31 53 9 1.4091 1 0 1.0476 1 0.0655 0.0923 1 1 6 15 0.2727 0.4839 1 0 0 0 0 1 2 0 0 0 2 0 1 0 1 0 1 6 2 2 3 4 7 3 2 1 1 1 1 1 2 1 1 2 
0 9 13479989 1 0 0 1 0 0 0 0 0 0 0 1 1 2 12 0.4000 17 12 29 5 1.4167 0 0 1 1 0.0506 0.0357 1 0 5 0 0.2941 0 1 0 0 0 0 0 1 0 0 0 0 0 2 2 3 2 3 2 2 4 7 6 9 3 0 2 0 2 0 2 0 2 0 0 
1 9 13479992 1 0 0 1 0 0 0 0 0 0 0 3 4 7 26 0.8667 29 15 44 14 1.9333 0 0 1 1 0.0863 0.0446 1 0 3 -11.0000 0.1034 -0.7333 1 0 0 1 0 0 3 0 0 1 0 0 2 3 7 8 9 10 4 5 5 8 5 4 0 3 0 2 0 2 0 1 0 0 
0 9 13479989 1 0 0 1 0 0 3 3 0 0 0 2 2 4 5 0.1667 15 10 25 5 1.5000 0 0 1 1 0.0446 0.0298 1 1 10 5 0.6667 0.5000 1 0 1 0 0 0 1 1 0 0 0 0 2 1 4 7 4 4 3 5 6 8 9 2 1 2 1 2 1 1 1 1 1 0 
0 9 13479988 1 0 0 1 0 2 0 2 0 0 0 2 1 3 10 0.3333 22 18 40 4 1.2222 1 0 1.0476 1 0.0655 0.0536 1 1 12 8 0.5455 0.4444 1 0 0 0 0 1 1 0 0 0 3 0 2 0 4 2 4 6 3 3 6 8 9 2 1 2 1 2 1 2 1 2 1 1 
0 9 13479988 1 0 0 0 1 0 0 0 0 0 0 4 1 5 11 0.3667 15 14 29 1 1.0714 0 0 1 1 0.0446 0.0417 1 1 4 3 0.2667 0.2143 1 0 0 0 0 0 1 0 0 3 0 0 2 0 4 0 4 8 4 5 8 10 11 2 3 3 3 3 2 3 3 2 1 0 

1 10 13479993 1 0 1 0 0 0 1 1 1 1 2 1 3 4 23 0.7419 25 15 40 10 1.6667 0 0 1 1 0.0744 0.0446 1 0 2 -8.0000 0.0800 -0.5333 1 0 0 0 1 0 2 0 0 1 0 0 2 2 5 6 13 7 4 5 5 8 5 0 1 0 1 0 1 0 1 0 0 10 
0 10 13479992 1 0 1 0 0 0 1 1 1 1 2 2 3 5 19 0.6129 25 15 40 10 1.6667 0 0 1 1 0.0744 0.0446 1 0 6 -4.0000 0.2400 -0.2667 1 0 0 0 1 0 2 0 0 1 0 0 2 2 5 5 13 6 4 5 5 8 5 1 0 1 0 1 0 1 0 1 0 4 
0 10 13479991 1 0 1 0 0 0 0 0 0 0 0 2 1 3 13 0.4194 15 14 29 1 1.0714 0 0 1 1 0.0446 0.0417 1 1 2 1 0.1333 0.0714 1 0 0 0 0 0 1 0 0 0 0 0 2 1 4 2 4 4 3 4 5 7 9 1 1 1 1 1 1 1 0 0 0 1 
0 10 13479990 1 0 1 0 0 2 0 2 0 0 0 1 1 2 10 0.3226 21 18 39 3 1.1667 0 0 1 1 0.0625 0.0536 1 1 11 8 0.5238 0.4444 1 0 0 0 0 1 1 0 0 0 2 0 2 0 4 2 4 6 3 3 6 8 9 1 1 1 1 1 1 1 1 1 1 2 
0 10 13479991 0 1 1 0 0 1 0 1 0 0 0 2 1 3 7 0.2258 29 16 45 13 1.8125 0 0 1 1 0.0863 0.0476 1 1 22 9 0.7586 0.5625 1 0 0 0 0 0 1 0 0 0 0 1 1 0 1 0 1 1 3 4 5 7 12 1 1 1 1 1 1 1 1 1 1 2 
0 10 13479991 1 0 1 0 0 1 0 1 0 0 0 2 1 3 11 0.3548 29 23 52 6 1.2609 0 0 1 1 0.0863 0.0685 1 1 18 12 0.6207 0.5217 1 0 0 0 0 1 1 0 0 0 2 0 2 0 4 4 4 12 3 4 6 9 12 1 2 2 1 1 1 1 2 2 1 1 
0 10 13479991 1 0 0 1 0 0 0 0 0 0 0 1 1 2 12 0.3871 17 12 29 5 1.4167 0 0 1 1 0.0506 0.0357 1 0 5 0 0.2941 0 1 0 0 0 0 0 1 0 0 0 0 0 2 2 3 2 3 2 2 4 7 6 9 3 0 2 0 2 0 2 0 2 0 0 
0 10 13479990 0 1 0 1 0 3 0 3 0 0 0 2 2 4 4 0.1290 13 25 38 12 1.9231 3 0 1.3000 1 0.0387 0.0744 1 1 9 21 0.6923 0.8400 1 0 0 0 0 0 1 0 0 0 0 0 1 0 1 0 1 5 1 2 3 3 2 1 7 1 7 1 5 1 5 2 6 1 
0 10 13479990 1 0 0 0 1 1 0 1 0 0 0 3 1 4 11 0.3548 15 14 29 1 1.0714 0 0 1 1 0.0446 0.0417 1 1 4 3 0.2667 0.2143 1 0 0 0 0 0 1 0 0 2 0 0 2 0 4 0 4 8 4 5 8 10 11 2 3 3 3 3 2 3 3 2 1 0 
0 10 13479991 0 1 0 0 1 3 0 3 0 0 0 2 2 4 6 0.1935 13 15 28 2 1.1538 3 0 1.3000 1 0.0387 0.0446 1 1 7 9 0.5385 0.6000 1 0 1 0 0 0 2 0 0 0 0 0 1 2 1 6 1 4 2 2 4 7 8 2 5 2 5 1 6 1 6 1 7 0 

1 11 13479994 1 0 1 0 0 0 0 0 0 0 0 2 1 3 13 0.4194 15 14 29 1 1.0714 0 0 1 1 0.0446 0.0417 1 1 2 1 0.1333 0.0714 1 0 0 0 0 0 1 0 0 0 0 0 2 1 6 2 6 4 3 4 5 7 9 1 1 1 1 1 1 1 0 0 0 1 
0 11 13479993 1 0 1 0 0 2 0 2 0 0 0 1 1 2 10 0.3226 21 18 39 3 1.1667 0 0 1 1 0.0625 0.0536 1 1 11 8 0.5238 0.4444 1 0 0 0 0 1 1 0 0 0 2 0 2 0 4 2 4 6 3 3 6 8 9 1 1 1 1 1 1 1 1 1 1 2 
1 11 13479994 0 1 1 0 0 1 0 1 0 0 0 2 1 3 7 0.2258 29 16 45 13 1.8125 0 0 1 1 0.0863 0.0476 1 1 22 9 0.7586 0.5625 1 0 0 0 0 0 1 0 0 0 0 1 1 0 1 0 1 1 3 4 5 7 12 1 1 1 1 1 1 1 1 1 1 2 
1 11 13479994 1 0 1 0 0 1 0 1 0 0 0 2 1 3 11 0.3548 29 23 52 6 1.2609 0 0 1 1 0.0863 0.0685 1 1 18 12 0.6207 0.5217 1 0 0 0 0 1 1 0 0 0 2 0 2 0 4 4 4 12 3 4 6 9 12 1 2 2 1 1 1 1 2 2 1 1 
1 11 13479994 1 0 0 1 0 0 0 0 0 0 0 1 1 2 12 0.3871 17 12 29 5 1.4167 0 0 1 1 0.0506 0.0357 1 0 5 0 0.2941 0 1 0 0 0 0 0 1 0 0 0 0 0 2 2 3 2 3 2 2 4 7 6 9 3 0 2 0 2 0 2 0 2 0 0 
0 11 13479993 0 1 0 1 0 3 0 3 0 0 0 2 1 3 4 0.1290 13 25 38 12 1.9231 3 0 1.3000 1 0.0387 0.0744 1 1 9 21 0.6923 0.8400 1 0 0 0 0 0 1 0 0 0 0 0 1 0 1 0 1 5 1 2 3 3 2 1 7 1 7 1 5 1 5 2 6 1 
1 11 13479994 0 1 0 0 1 3 0 3 0 0 0 2 2 4 6 0.1935 13 15 28 2 1.1538 3 0 1.3000 1 0.0387 0.0446 1 1 7 9 0.5385 0.6000 1 0 1 0 0 0 2 0 0 0 0 0 1 2 1 6 1 4 2 2 4 7 8 2 5 2 5 1 6 1 6 1 7 0 

0 12 13479994 1 0 1 0 0 2 0 2 0 0 0 1 1 2 10 0.3226 21 18 39 3 1.1667 0 0 1 1 0.0625 0.0536 1 1 11 8 0.5238 0.4444 1 0 0 0 0 1 1 0 0 0 2 0 2 0 4 2 4 6 3 3 6 8 9 1 1 1 1 1 1 1 1 1 1 2 
1 12 13479995 0 1 1 0 0 1 0 1 0 0 0 2 1 3 7 0.2258 29 16 45 13 1.8125 0 0 1 1 0.0863 0.0476 1 1 22 9 0.7586 0.5625 1 0 0 0 0 0 1 0 0 0 0 1 1 0 1 0 1 1 3 4 5 7 12 1 1 1 1 1 1 1 1 1 1 2 
1 12 13479995 1 0 1 0 0 1 0 1 0 0 0 2 1 3 11 0.3548 29 23 52 6 1.2609 0 0 1 1 0.0863 0.0685 1 1 18 12 0.6207 0.5217 1 0 0 0 0 1 1 0 0 0 2 0 2 0 4 4 4 12 3 4 6 9 12 1 2 2 1 1 1 1 2 2 1 1 
1 12 13479995 1 0 0 1 0 0 0 0 0 0 0 1 1 2 12 0.3871 17 12 29 5 1.4167 0 0 1 1 0.0506 0.0357 1 0 5 0 0.2941 0 1 0 0 0 0 0 1 0 0 0 0 0 2 2 3 2 3 2 2 4 7 6 9 3 0 2 0 2 0 2 0 2 0 0 
0 12 13479994 0 1 0 1 0 3 0 3 0 0 0 2 1 3 4 0.1290 13 25 38 12 1.9231 3 0 1.3000 1 0.0387 0.0744 1 1 9 21 0.6923 0.8400 1 0 0 0 0 0 1 0 0 0 0 0 1 0 1 0 1 5 1 2 3 3 2 1 7 1 7 1 5 1 5 2 6 1 
1 12 13479995 0 1 0 0 1 3 1 4 0 0 0 2 1 3 6 0.1935 13 15 28 2 1.1538 3 0 1.3000 1 0.0387 0.0446 1 1 7 9 0.5385 0.6000 1 0 1 0 0 0 2 0 0 0 0 0 1 2 1 6 1 4 2 2 4 7 8 2 5 2 5 1 6 1 6 1 7 0 

0 13 13479995 1 0 1 0 0 2 0 2 0 0 0 1 1 2 10 0.3226 21 18 39 3 1.1667 0 0 1 1 0.0625 0.0536 1 1 11 8 0.5238 0.4444 1 0 0 0 0 0 1 0 0 0 0 1 2 0 5 0 6 4 3 3 6 8 9 1 1 1 1 1 1 1 1 1 1 2 
1 13 13479996 1 0 1 0 0 2 1 3 0.5000 0.5000 1 1 1 2 7 0.2258 30 16 46 14 1.8750 1 0 1.0345 1 0.0893 0.0476 1 1 23 9 0.7667 0.5625 1 0 0 0 0 0 1 0 0 0 0 1 2 1 3 1 5 1 4 5 6 8 13 2 1 2 1 1 1 1 1 1 1 1 
1 13 13479996 1 0 0 1 0 0 0 0 0 0 0 1 1 2 12 0.3871 17 12 29 5 1.4167 0 0 1 1 0.0506 0.0357 1 0 5 0 0.2941 0 1 0 0 0 0 0 1 0 0 0 0 0 2 2 3 2 3 2 2 4 7 6 9 3 0 2 0 2 0 2 0 2 0 0 
0 13 13479995 0 1 0 1 0 3 0 3 0 0 0 2 1 3 4 0.1290 13 25 38 12 1.9231 3 0 1.3000 1 0.0387 0.0744 1 1 9 21 0.6923 0.8400 1 0 0 0 0 0 1 0 0 0 0 0 1 0 1 0 1 5 1 2 3 3 2 1 7 1 7 1 5 1 5 2 6 1 
1 13 13479996 0 1 0 0 1 3 1 4 0 0 0 2 1 3 6 0.1935 13 15 28 2 1.1538 3 0 1.3000 1 0.0387 0.0446 1 1 7 9 0.5385 0.6000 1 0 1 0 0 0 2 0 0 0 0 0 1 2 1 6 1 4 2 2 4 7 8 2 5 2 5 1 6 1 6 1 7 0 

0 14 13479995 1 0 1 0 0 2 0 2 0 0 0 1 1 2 10 0.3226 21 18 39 3 1.1667 0 0 1 1 0.0625 0.0536 1 1 11 8 0.5238 0.4444 1 0 0 0 0 0 1 0 0 0 0 0 2 1 4 2 4 6 3 3 6 8 9 1 1 1 1 1 1 1 1 1 1 2 
1 14 13479997 1 0 0 1 0 0 0 0 0 0 0 1 1 2 12 0.3871 17 12 29 5 1.4167 0 0 1 1 0.0506 0.0357 1 0 5 0 0.2941 0 1 0 0 0 0 0 1 0 0 0 0 0 2 2 3 2 3 2 2 4 7 6 9 3 0 2 0 2 0 2 0 2 0 0 
0 14 13479996 0 1 0 1 0 3 0 3 0 0 0 2 1 3 4 0.1290 13 25 38 12 1.9231 3 0 1.3000 1 0.0387 0.0744 1 1 9 21 0.6923 0.8400 1 0 0 0 0 0 1 0 0 0 0 0 1 0 1 0 1 5 1 2 3 3 2 1 7 1 7 1 5 1 5 2 6 1 
1 14 13479997 0 1 0 0 1 3 1 4 0 0 0 2 1 3 6 0.1935 13 15 28 2 1.1538 3 0 1.3000 1 0.0387 0.0446 1 1 7 9 0.5385 0.6000 1 0 1 0 0 0 2 0 0 0 0 0 1 2 1 6 1 4 2 2 4 7 8 2 5 2 5 1 6 1 6 1 7 0 

0 15 13479995 1 0 1 0 0 2 0 2 0 0 0 1 1 2 10 0.3226 21 18 39 3 1.1667 0 0 1 1 0.0625 0.0536 1 1 11 8 0.5238 0.4444 1 0 0 0 0 0 1 0 0 0 0 0 2 1 4 2 4 6 3 3 6 8 9 1 1 1 1 1 1 1 1 1 1 2 
0 15 13479996 0 1 0 1 0 3 0 3 0 0 0 2 1 3 4 0.1290 13 25 38 12 1.9231 3 0 1.3000 1 0.0387 0.0744 1 1 9 21 0.6923 0.8400 1 0 0 0 0 0 1 0 0 0 0 0 1 0 1 0 1 5 1 2 3 3 2 1 7 1 7 1 5 1 5 2 6 1 
1 15 13479997 1 0 0 1 0 1 1 2 0 0 0 1 1 2 5 0.1613 17 15 32 2 1.1333 0 1 1 1.0714 0.0506 0.0446 1 1 12 10 0.7059 0.6667 1 0 0 0 0 0 1 0 0 0 0 0 2 0 4 3 9 8 4 6 8 12 12 1 2 1 2 1 3 1 4 1 5 0 
1 15 13479997 0 1 0 0 1 3 1 4 0 0 0 2 1 3 6 0.1935 13 15 28 2 1.1538 3 0 1.3000 1 0.0387 0.0446 1 1 7 9 0.5385 0.6000 1 0 1 0 0 0 2 0 0 0 0 0 1 2 1 6 1 4 2 2 4 7 8 2 5 2 5 1 6 1 6 1 7 0 

0 16 13479996 1 0 1 0 0 2 0 2 0 0 0 1 1 2 10 0.3226 21 18 39 3 1.1667 0 0 1 1 0.0625 0.0536 1 1 11 8 0.5238 0.4444 1 0 0 0 0 0 1 0 0 0 0 0 2 1 4 2 4 6 3 3 6 8 9 1 1 1 1 1 1 1 1 1 1 2 
0 16 13479997 0 1 0 1 0 3 0 3 0 0 0 2 1 3 4 0.1290 13 25 38 12 1.9231 3 0 1.3000 1 0.0387 0.0744 1 1 9 21 0.6923 0.8400 1 0 0 0 0 0 1 0 0 0 0 0 1 0 1 0 1 5 1 2 3 3 2 1 7 1 7 1 5 1 5 2 6 1 
1 16 13479998 0 1 0 0 1 3 1 4 0 0 0 2 1 3 6 0.1935 13 15 28 2 1.1538 3 0 1.3000 1 0.0387 0.0446 1 1 7 9 0.5385 0.6000 1 0 1 0 0 0 2 0 0 0 0 0 1 2 1 6 1 4 2 2 4 7 8 2 5 2 5 1 6 1 6 1 7 0 

0 17 13479997 1 0 1 0 0 2 0 2 0 0 0 1 1 2 10 0.3226 21 18 39 3 1.1667 0 0 1 1 0.0625 0.0536 1 1 11 8 0.5238 0.4444 1 0 0 0 0 0 1 0 0 0 0 0 2 1 4 2 4 6 3 3 6 8 9 1 1 1 1 1 1 1 1 1 1 2 
1 17 13479998 0 1 0 1 0 4 0 4 0 0.5000 0.5000 1 1 2 4 0.1290 13 25 38 12 1.9231 3 0 1.3000 1 0.0387 0.0744 1 1 9 21 0.6923 0.8400 1 0 0 0 0 0 1 0 0 0 0 0 1 0 1 0 1 5 1 2 3 3 2 1 7 1 7 1 5 1 5 2 6 1 

0 18 13519997 1 0 1 0 0 2 0 2 0 0 0 1 1 2 10 0.3226 21 18 39 3 1.1667 0 0 1 1 0.0623 0.0534 1 1 11 8 0.5238 0.4444 1 0 0 0 0 0 1 0 0 0 0 0 2 1 4 2 4 6 3 3 6 8 9 1 1 1 1 1 1 1 1 1 1 2 
1 18 13519998 1 0 0 1 0 1 5 6 1 1 2 1 1 2 4 0.1290 26 13 39 13 2 1 3 1.0400 1.3000 0.0772 0.0386 1 1 22 9 0.8462 0.6923 1 0 0 0 0 0 1 0 0 0 0 0 2 2 5 6 4 4 3 3 5 8 9 2 7 2 7 1 5 1 5 1 6 1 

0 19 13479997 1 0 1 0 0 2 0 2 0 0 0 1 1 2 10 0.3226 21 18 39 3 1.1667 0 0 1 1 0.0625 0.0536 1 1 11 8 0.5238 0.4444 1 0 0 0 0 0 1 0 0 0 0 0 2 1 4 2 4 6 3 3 6 8 9 1 1 1 1 1 1 1 1 1 1 2 
1 19 13479998 1 0 0 1 0 5 1 6 0.5000 0.5000 1 1 1 2 4 0.1290 13 25 38 12 1.9231 3 0 1.3000 1 0.0387 0.0744 1 1 9 21 0.6923 0.8400 1 0 0 0 0 0 1 0 0 0 0 0 2 0 4 4 9 7 2 4 5 6 7 1 7 1 7 1 4 1 3 2 4 1 

0 20 13559997 1 0 1 0 0 2 0 2 0 0 0 1 1 2 10 0.3226 21 18 39 3 1.1667 0 0 1 1 0.0621 0.0533 1 1 11 8 0.5238 0.4444 1 0 0 0 0 0 1 0 0 0 0 0 2 1 4 2 4 6 3 3 6 8 9 1 1 1 1 1 1 1 1 1 1 2 
1 20 13559998 0 1 0 1 0 2 6 8 1 1.5000 2.5000 1 1 2 5 0.1613 26 13 39 13 2 1 3 1.0400 1.3000 0.0769 0.0385 1 1 21 8 0.8077 0.6154 1 0 0 0 0 0 1 0 0 0 0 0 1 2 4 1 2 1 2 2 3 5 6 2 7 1 4 1 3 1 4 2 4 2 

0 21 13479996 1 0 1 0 0 2 0 2 0 0 0 1 1 2 10 0.3226 21 18 39 3 1.1667 0 0 1 1 0.0625 0.0536 1 1 11 8 0.5238 0.4444 1 0 0 0 0 0 1 0 0 0 0 0 2 1 4 2 4 6 3 3 6 8 9 1 1 1 1 1 1 1 1 1 1 2 
0 21 13479997 0 1 0 1 0 6 2 8 1.5000 1 2.5000 2 1 3 4 0.1290 13 25 38 12 1.9231 3 0 1.3000 1 0.0387 0.0744 1 1 9 21 0.6923 0.8400 1 0 0 0 0 0 1 0 0 0 0 0 1 0 1 0 1 5 1 2 3 3 2 1 7 1 7 1 5 1 5 2 6 1 
1 21 13479998 1 0 0 0 1 6 1 7 0 0 0 2 1 3 6 0.1935 13 25 38 12 1.9231 3 0 1.3000 1 0.0387 0.0744 1 1 7 19 0.5385 0.7600 1 0 0 1 0 0 1 1 0 0 0 0 2 1 4 3 7 3 2 4 5 7 9 5 2 5 2 6 2 6 1 7 1 0 

0 22 13479997 1 0 1 0 0 2 0 2 0 0 0 1 1 2 10 0.3226 21 18 39 3 1.1667 0 0 1 1 0.0625 0.0536 1 1 11 8 0.5238 0.4444 1 0 0 0 0 0 1 0 0 0 0 0 2 1 4 2 4 6 3 3 6 8 9 1 1 1 1 1 1 1 1 1 1 2 
1 22 13479998 0 1 0 1 0 7 2 9 1.5000 1 2.5000 1 1 2 4 0.1290 13 25 38 12 1.9231 3 0 1.3000 1 0.0387 0.0744 1 1 9 21 0.6923 0.8400 1 0 0 0 0 0 1 0 0 0 0 0 1 0 1 0 1 5 1 2 3 3 2 1 7 1 7 1 5 1 5 2 6 1 

0 23 13519997 1 0 1 0 0 2 0 2 0 0 0 1 1 2 10 0.3226 21 18 39 3 1.1667 0 0 1 1 0.0623 0.0534 1 1 11 8 0.5238 0.4444 1 0 0 0 0 0 1 0 0 0 0 0 2 1 4 2 4 6 3 3 6 8 9 1 1 1 1 1 1 1 1 1 1 2 
1 23 13519998 1 0 0 1 0 3 8 11 1.5000 1.5000 3 1 1 2 4 0.1290 26 13 39 13 2 1 3 1.0400 1.3000 0.0772 0.0386 1 1 22 9 0.8462 0.6923 1 0 0 0 0 0 1 0 0 0 0 0 2 2 5 6 4 4 3 3 5 8 9 2 7 2 7 1 5 1 5 1 6 1 

0 24 13479997 1 0 1 0 0 2 0 2 0 0 0 1 1 2 10 0.3226 21 18 39 3 1.1667 0 0 1 1 0.0625 0.0536 1 1 11 8 0.5238 0.4444 1 0 0 0 0 0 1 0 0 0 0 0 2 1 4 2 4 6 3 3 6 8 9 1 1 1 1 1 1 1 1 1 1 2 
1 24 13479998 1 0 0 1 0 8 3 11 2 2 4 1 1 2 4 0.1290 13 25 38 12 1.9231 3 0 1.3000 1 0.0387 0.0744 1 1 9 21 0.6923 0.8400 1 0 0 0 0 0 1 0 0 0 0 0 2 0 4 4 9 7 2 4 5 6 7 1 7 1 7 1 4 1 3 2 3 1 

0 25 13559997 1 0 1 0 0 2 0 2 0 0 0 1 1 2 10 0.3226 21 18 39 3 1.1667 0 0 1 1 0.0621 0.0533 1 1 11 8 0.5238 0.4444 1 0 0 0 0 0 1 0 0 0 0 0 2 1 4 2 4 6 3 3 6 8 9 1 1 1 1 1 1 1 1 1 1 2 
1 25 13559998 0 1 0 1 0 4 9 13 1.5000 3 4.5000 1 1 2 5 0.1613 26 13 39 13 2 1 3 1.0400 1.3000 0.0769 0.0385 1 1 21 8 0.8077 0.6154 1 0 0 0 0 0 1 0 0 0 0 0 1 2 4 1 2 1 2 2 3 5 6 2 7 1 4 1 3 1 3 2 3 2 

0 26 13479996 1 0 1 0 0 2 0 2 0 0 0 1 1 2 10 0.3226 21 18 39 3 1.1667 0 0 1 1 0.0625 0.0536 1 1 11 8 0.5238 0.4444 1 0 0 0 0 0 1 0 0 0 0 0 2 1 4 2 4 6 3 3 6 8 9 1 1 1 1 1 1 1 1 1 1 2 
0 26 13479997 0 1 0 1 0 9 4 13 3 1.5000 4.5000 2 1 3 4 0.1290 13 25 38 12 1.9231 3 0 1.3000 1 0.0387 0.0744 1 1 9 21 0.6923 0.8400 1 0 0 0 0 0 1 0 0 0 0 0 1 0 1 0 1 5 1 2 3 3 2 1 7 1 7 1 5 1 5 2 5 1 
1 26 13479998 0 1 0 0 1 9 2 11 1 0 1 2 1 3 6 0.1935 13 25 38 12 1.9231 3 0 1.3000 1 0.0387 0.0744 1 1 7 19 0.5385 0.7600 1 0 0 1 0 0 1 1 0 0 0 0 1 1 1 2 5 2 1 2 2 4 7 5 2 5 2 5 2 6 1 7 1 0 

0 27 13479997 1 0 1 0 0 2 0 2 0 0 0 1 1 2 10 0.3226 21 18 39 3 1.1667 0 0 1 1 0.0625 0.0536 1 1 11 8 0.5238 0.4444 1 0 0 0 0 0 1 0 0 0 0 0 2 1 4 2 4 6 3 3 6 8 9 1 1 1 1 1 1 1 1 1 1 2 
1 27 13479998 0 1 0 1 0 10 4 14 3 1.5000 4.5000 1 1 2 4 0.1290 13 25 38 12 1.9231 3 0 1.3000 1 0.0387 0.0744 1 1 9 21 0.6923 0.8400 1 0 0 0 0 0 1 0 0 0 0 0 1 0 1 0 1 5 1 2 3 3 2 1 7 1 7 1 5 1 5 2 5 1 

0 28 13519997 1 0 1 0 0 2 0 2 0 0 0 1 1 2 10 0.3226 21 18 39 3 1.1667 0 0 1 1 0.0623 0.0534 1 1 11 8 0.5238 0.4444 1 0 0 0 0 0 1 0 0 0 0 0 2 1 4 2 4 6 3 3 6 8 9 1 1 1 1 1 1 1 1 1 1 2 
1 28 13519999 1 0 0 1 0 5 11 16 2 2 4 1 1 2 4 0.1290 26 13 39 13 2 1 3 1.0400 1.3000 0.0772 0.0386 1 1 22 9 0.8462 0.6923 1 0 0 0 0 0 1 0 0 0 0 0 2 1 6 5 5 4 3 3 5 8 9 2 7 2 7 1 5 1 5 1 5 1 

0 29 13479996 1 0 1 0 0 2 0 2 0 0 0 1 1 2 10 0.3226 21 18 39 3 1.1667 0 0 1 1 0.0625 0.0536 1 1 11 8 0.5238 0.4444 1 0 0 0 0 0 1 0 0 0 0 0 2 1 4 2 4 6 3 3 6 8 9 1 1 1 1 1 1 1 1 1 1 2 
0 29 13479997 0 1 0 1 0 11 5 16 3.5000 2 5.5000 2 1 3 4 0.1290 13 25 38 12 1.9231 3 0 1.3000 1 0.0387 0.0744 1 1 9 21 0.6923 0.8400 1 0 0 0 0 0 1 0 0 0 0 0 1 0 1 0 1 5 1 2 3 3 2 1 7 1 7 1 5 1 5 2 5 1 
1 29 13479998 1 0 0 0 1 11 2 13 0.5000 0.5000 1 2 1 3 5 0.1613 13 15 28 2 1.1538 3 0 1.3000 1 0.0387 0.0446 1 1 8 10 0.6154 0.6667 1 0 1 0 0 0 1 1 0 0 0 0 2 2 3 8 3 5 3 5 6 8 9 2 7 2 5 2 5 1 5 1 6 0 

0 30 13479997 1 0 1 0 0 2 0 2 0 0 0 1 1 2 10 0.3226 21 18 39 3 1.1667 0 0 1 1 0.0625 0.0536 1 1 11 8 0.5238 0.4444 1 0 0 0 0 0 1 0 0 0 0 0 2 1 4 2 4 6 3 3 6 8 9 1 1 1 1 1 1 1 1 1 1 2 
1 30 13479998 0 1 0 1 0 12 5 17 3.5000 2 5.5000 1 1 2 4 0.1290 13 25 38 12 1.9231 3 0 1.3000 1 0.0387 0.0744 1 1 9 21 0.6923 0.8400 1 0 0 0 0 0 1 0 0 0 0 0 1 0 1 0 1 5 1 2 3 3 2 1 7 1 7 1 5 1 5 2 5 1 

0 31 13519997 1 0 1 0 0 2 0 2 0 0 0 1 1 2 10 0.3226 21 18 39 3 1.1667 0 0 1 1 0.0623 0.0534 1 1 11 8 0.5238 0.4444 1 0 0 0 0 0 1 0 0 0 0 0 2 1 4 2 4 6 3 3 6 8 9 1 1 1 1 1 1 1 1 1 1 2 
1 31 13519999 1 0 0 1 0 6 13 19 2.5000 2.5000 5 1 1 2 4 0.1290 26 13 39 13 2 1 3 1.0400 1.3000 0.0772 0.0386 1 1 22 9 0.8462 0.6923 1 0 0 0 0 0 1 0 0 0 0 0 2 1 6 6 4 4 3 3 5 8 9 2 7 2 7 1 5 1 5 1 5 1 

0 32 13479995 1 0 1 0 0 2 0 2 0 0 0 1 1 2 10 0.3226 21 18 39 3 1.1667 0 0 1 1 0.0625 0.0536 1 1 11 8 0.5238 0.4444 1 0 0 0 0 0 1 0 0 0 0 0 2 1 4 2 4 6 3 3 6 8 9 1 1 1 1 1 1 1 1 1 1 2 
1 32 13519997 0 1 1 0 0 13 3 16 0 3 3 3 1 4 12 0.3871 13 22 35 9 1.6923 3 0 1.3000 1 0.0387 0.0655 1 1 1 10 0.0769 0.4545 1 0 0 0 0 0 1 0 0 0 1 1 1 0 1 0 1 0 2 3 3 4 6 1 2 1 1 1 1 1 0 1 0 1 
0 32 13519995 1 0 0 1 0 13 3 16 2.5000 2.5000 5 3 1 4 6 0.1935 13 15 28 2 1.1538 3 0 1.3000 1 0.0387 0.0446 1 1 7 9 0.5385 0.6000 1 0 1 0 0 0 1 1 0 0 1 0 2 2 4 7 3 5 3 3 5 8 9 1 4 1 3 1 2 1 2 1 2 1 
0 32 13479996 0 1 0 1 0 13 6 19 0 4 4 3 1 4 5 0.1613 13 25 38 12 1.9231 3 0 1.3000 1 0.0387 0.0744 1 1 8 20 0.6154 0.8000 1 0 0 0 0 0 1 0 0 0 0 0 1 0 1 0 1 6 2 3 3 2 2 1 7 1 4 1 3 2 2 2 2 1 

0 33 13519996 1 0 1 0 0 2 0 2 0 0 0 1 1 2 10 0.3226 21 18 39 3 1.1667 0 0 1 1 0.0623 0.0534 1 1 11 8 0.5238 0.4444 1 0 0 0 0 0 1 0 0 0 0 0 2 1 4 2 4 6 3 3 6 8 9 1 1 1 1 1 1 1 1 1 1 2 
0 33 13519996 1 0 0 1 0 14 3 17 2.5000 2.5000 5 2 1 3 6 0.1935 14 15 29 1 1.0714 4 0 1.4000 1 0.0415 0.0445 1 1 8 9 0.5714 0.6000 1 0 1 0 0 0 1 1 0 0 0 0 2 2 4 6 4 4 3 3 5 8 9 1 7 1 5 1 3 1 4 1 4 1 
1 33 13519997 0 1 0 1 0 14 6 20 0 4 4 2 1 3 5 0.1613 14 25 39 11 1.7857 4 0 1.4000 1 0.0415 0.0742 1 1 9 20 0.6429 0.8000 1 0 0 0 0 0 1 0 0 0 0 0 1 0 1 0 1 6 2 3 3 2 2 1 10 1 7 1 5 2 3 2 4 0 

0 34 13519995 1 0 1 0 0 2 0 2 0 0 0 1 1 2 10 0.3226 21 18 39 3 1.1667 0 0 1 1 0.0623 0.0534 1 1 11 8 0.5238 0.4444 1 0 0 0 0 0 1 0 0 0 0 0 2 1 4 2 4 6 3 3 6 8 9 1 1 1 1 1 1 1 1 1 1 2 
0 34 13519997 1 0 1 0 0 4 14 18 3.5000 3.5000 7 1 3 4 12 0.3871 23 13 36 10 1.7692 1 3 1.0455 1.3000 0.0682 0.0386 1 1 11 1 0.4783 0.0769 1 0 0 0 0 0 1 0 0 0 0 1 2 2 3 2 3 2 3 5 6 8 10 2 2 2 1 1 1 1 0 1 0 1 
1 34 13559995 1 0 0 1 0 14 3 17 2.5000 2.5000 5 3 1 4 6 0.1935 13 15 28 2 1.1538 3 0 1.3000 1 0.0386 0.0445 1 1 7 9 0.5385 0.6000 1 0 1 0 0 0 1 1 0 0 0 1 2 2 4 7 3 5 3 3 5 8 9 1 4 1 3 1 2 1 2 1 2 1 
0 34 13519996 0 1 0 1 0 14 6 20 0 4 4 3 1 4 5 0.1613 13 25 38 12 1.9231 3 0 1.3000 1 0.0386 0.0742 1 1 8 20 0.6154 0.8000 1 0 0 0 0 0 1 0 0 0 0 0 1 0 1 0 1 6 2 3 3 2 2 1 7 1 4 1 3 2 2 2 2 1 

0 35 13479995 1 0 1 0 0 2 0 2 0 0 0 1 1 2 10 0.3226 21 18 39 3 1.1667 0 0 1 1 0.0625 0.0536 1 1 11 8 0.5238 0.4444 1 0 0 0 0 0 1 0 0 0 0 0 2 1 4 2 4 6 3 3 6 8 9 1 1 1 1 1 1 1 1 1 1 2 
1 35 13519997 0 1 1 0 0 14 4 18 0.5000 3.5000 4 3 1 4 12 0.3871 13 22 35 9 1.6923 3 0 1.3000 1 0.0387 0.0655 1 1 1 10 0.0769 0.4545 1 0 0 0 0 0 1 0 0 0 1 1 1 0 1 0 1 0 2 3 3 4 6 1 2 1 1 1 1 1 0 1 0 1 
0 35 13519995 1 0 0 1 0 14 3 17 2.5000 2.5000 5 3 1 4 6 0.1935 13 15 28 2 1.1538 3 0 1.3000 1 0.0387 0.0446 1 1 7 9 0.5385 0.6000 1 0 1 0 0 0 1 1 0 0 1 0 2 2 4 7 3 5 3 3 5 8 9 1 3 1 2 1 2 1 2 1 2 1 
0 35 13519996 0 1 0 1 0 14 6 20 0 4 4 3 1 4 5 0.1613 13 25 38 12 1.9231 3 0 1.3000 1 0.0387 0.0744 1 1 8 20 0.6154 0.8000 1 0 0 0 0 0 1 0 0 0 0 0 1 0 1 0 1 6 2 3 3 2 2 1 7 1 3 1 2 2 2 2 2 1 

0 36 13519996 1 0 1 0 0 2 0 2 0 0 0 1 1 2 10 0.3226 21 18 39 3 1.1667 0 0 1 1 0.0623 0.0534 1 1 11 8 0.5238 0.4444 1 0 0 0 0 0 1 0 0 0 0 0 2 1 4 2 4 6 3 3 6 8 9 1 1 1 1 1 1 1 1 1 1 2 
0 36 13519996 1 0 0 1 0 15 3 18 2.5000 2.5000 5 2 1 3 6 0.1935 14 15 29 1 1.0714 4 0 1.4000 1 0.0415 0.0445 1 1 8 9 0.5714 0.6000 1 0 1 0 0 0 1 1 0 0 0 0 2 2 4 6 4 4 3 3 5 8 9 1 6 1 4 1 3 1 4 1 4 1 
1 36 13559997 0 1 0 1 0 15 6 21 0 4 4 2 1 3 5 0.1613 14 25 39 11 1.7857 4 0 1.4000 1 0.0415 0.0742 1 1 9 20 0.6429 0.8000 1 0 0 0 0 0 1 0 0 0 0 0 1 0 1 0 1 6 2 3 3 2 2 1 10 1 6 1 4 2 3 2 4 0 

0 37 13519995 1 0 1 0 0 2 0 2 0 0 0 1 1 2 10 0.3226 21 18 39 3 1.1667 0 0 1 1 0.0623 0.0534 1 1 11 8 0.5238 0.4444 1 0 0 0 0 0 1 0 0 0 0 0 2 1 4 2 4 6 3 3 6 8 9 1 1 1 1 1 1 1 1 1 1 2 
0 37 13519997 1 0 1 0 0 5 15 20 4 4 8 1 3 4 12 0.3871 23 13 36 10 1.7692 1 3 1.0455 1.3000 0.0682 0.0386 1 1 11 1 0.4783 0.0769 1 0 0 0 0 0 1 0 0 0 0 1 2 2 3 2 3 2 3 5 6 8 10 2 2 2 1 1 1 1 0 1 0 1 
0 37 13559995 1 0 0 1 0 15 3 18 2.5000 2.5000 5 3 1 4 6 0.1935 13 15 28 2 1.1538 3 0 1.3000 1 0.0386 0.0445 1 1 7 9 0.5385 0.6000 1 0 1 0 0 0 1 1 0 0 0 1 2 2 4 7 3 5 3 3 5 8 9 1 3 1 2 1 2 1 2 1 2 1 
1 37 13559996 0 1 0 1 0 15 6 21 0 4 4 3 1 4 5 0.1613 13 25 38 12 1.9231 3 0 1.3000 1 0.0386 0.0742 1 1 8 20 0.6154 0.8000 1 0 0 0 0 0 1 0 0 0 0 0 1 0 1 0 1 6 2 3 3 2 2 1 7 1 3 1 2 2 2 2 2 1 

0 38 13479995 1 0 1 0 0 2 0 2 0 0 0 1 1 2 10 0.3226 21 18 39 3 1.1667 0 0 1 1 0.0625 0.0536 1 1 11 8 0.5238 0.4444 1 0 0 0 0 0 1 0 0 0 0 0 2 1 4 2 4 6 3 3 6 8 9 1 1 1 1 1 1 1 1 1 1 2 
1 38 13519997 0 1 1 0 0 15 5 20 1 4 5 3 1 4 12 0.3871 13 22 35 9 1.6923 3 0 1.3000 1 0.0387 0.0655 1 1 1 10 0.0769 0.4545 1 0 0 0 0 0 1 0 0 0 1 1 1 0 1 0 1 0 2 3 3 4 6 1 2 1 1 1 1 1 0 1 0 1 
0 38 13519995 1 0 0 1 0 15 3 18 2.5000 2.5000 5 3 1 4 6 0.1935 13 15 28 2 1.1538 3 0 1.3000 1 0.0387 0.0446 1 1 7 9 0.5385 0.6000 1 0 1 0 0 0 1 1 0 0 1 0 2 2 4 7 3 5 3 3 5 8 9 2 5 2 4 1 2 1 2 1 2 1 
0 38 13479996 0 1 0 1 0 15 6 21 0 4 4 3 1 4 5 0.1613 13 25 38 12 1.9231 3 0 1.3000 1 0.0387 0.0744 1 1 8 20 0.6154 0.8000 1 0 0 0 0 0 1 0 0 0 0 0 1 0 1 0 1 6 2 3 3 2 2 1 7 1 5 1 4 2 2 2 2 1 

0 39 13519996 1 0 1 0 0 2 0 2 0 0 0 1 1 2 10 0.3226 21 18 39 3 1.1667 0 0 1 1 0.0623 0.0534 1 1 11 8 0.5238 0.4444 1 0 0 0 0 0 1 0 0 0 0 0 2 1 4 2 4 6 3 3 6 8 9 1 1 1 1 1 1 1 1 1 1 2 
0 39 13519996 1 0 0 1 0 16 3 19 2.5000 2.5000 5 2 1 3 6 0.1935 14 15 29 1 1.0714 4 0 1.4000 1 0.0415 0.0445 1 1 8 9 0.5714 0.6000 1 0 1 0 0 0 1 1 0 0 0 0 2 2 4 6 4 4 3 3 5 8 9 2 8 2 6 1 3 1 4 1 4 1 
1 39 13519997 0 1 0 1 0 16 6 22 0 4 4 2 1 3 5 0.1613 14 25 39 11 1.7857 4 0 1.4000 1 0.0415 0.0742 1 1 9 20 0.6429 0.8000 1 0 0 0 0 0 1 0 0 0 0 0 1 0 1 0 1 6 2 3 3 2 2 1 10 1 8 1 6 2 3 2 4 0 

0 40 13519995 1 0 1 0 0 2 0 2 0 0 0 1 1 2 10 0.3226 21 18 39 3 1.1667 0 0 1 1 0.0623 0.0534 1 1 11 8 0.5238 0.4444 1 0 0 0 0 0 1 0 0 0 0 0 2 1 4 2 4 6 3 3 6 8 9 1 1 1 1 1 1 1 1 1 1 2 
0 40 13519997 1 0 1 0 0 6 16 22 4.5000 4.5000 9 1 3 4 12 0.3871 23 13 36 10 1.7692 1 3 1.0455 1.3000 0.0682 0.0386 1 1 11 1 0.4783 0.0769 1 0 0 0 0 0 1 0 0 0 0 1 2 2 3 2 3 2 3 5 6 8 10 2 2 2 1 1 1 1 0 1 0 1 
1 40 13559995 1 0 0 1 0 16 3 19 2.5000 2.5000 5 3 1 4 6 0.1935 13 15 28 2 1.1538 3 0 1.3000 1 0.0386 0.0445 1 1 7 9 0.5385 0.6000 1 0 1 0 0 0 1 1 0 0 0 1 2 2 4 7 3 5 3 3 5 8 9 2 5 2 4 1 2 1 2 1 2 1 
0 40 13519996 0 1 0 1 0 16 6 22 0 4 4 3 1 4 5 0.1613 13 25 38 12 1.9231 3 0 1.3000 1 0.0386 0.0742 1 1 8 20 0.6154 0.8000 1 0 0 0 0 0 1 0 0 0 0 0 1 0 1 0 1 6 2 3 3 2 2 1 7 1 5 1 4 2 2 2 2 1 

0 41 13479994 1 0 1 0 0 2 0 2 0 0 0 1 1 2 10 0.3226 21 18 39 3 1.1667 0 0 1 1 0.0625 0.0536 1 1 11 8 0.5238 0.4444 1 0 0 0 0 0 1 0 0 0 0 0 2 1 4 2 4 6 3 3 6 8 9 1 1 1 1 1 1 1 1 1 1 2 
1 41 13519997 0 1 1 0 0 16 6 22 1.5000 4.5000 6 4 1 5 12 0.3871 13 22 35 9 1.6923 3 0 1.3000 1 0.0387 0.0655 1 1 1 10 0.0769 0.4545 1 0 0 0 0 0 1 0 0 1 1 1 1 0 1 0 1 0 2 3 3 4 6 1 2 1 1 1 1 1 0 1 0 1 
0 41 13519995 1 0 0 1 0 16 3 19 2.5000 2.5000 5 4 1 5 6 0.1935 13 15 28 2 1.1538 3 0 1.3000 1 0.0387 0.0446 1 1 7 9 0.5385 0.6000 1 1 1 0 0 0 2 1 0 0 1 0 2 2 4 7 3 5 3 3 5 8 9 2 4 2 3 1 2 1 2 1 2 1 
0 41 13479995 0 1 0 1 0 16 6 22 0 4 4 4 1 5 5 0.1613 13 25 38 12 1.9231 3 0 1.3000 1 0.0387 0.0744 1 1 8 20 0.6154 0.8000 1 0 0 0 0 0 1 0 0 0 0 0 1 0 1 0 1 6 2 3 3 2 2 1 7 1 4 1 3 2 2 2 2 1 
0 41 13519995 0 1 0 1 0 16 3 19 2.5000 1.5000 4 4 1 5 7 0.2258 13 25 38 12 1.9231 3 0 1.3000 1 0.0387 0.0744 1 1 6 18 0.4615 0.7200 1 1 0 1 0 0 2 1 0 0 0 0 1 2 1 1 6 1 2 2 4 7 8 3 2 2 1 2 1 2 1 2 1 1 

0 42 13519996 1 0 1 0 0 2 0 2 0 0 0 1 1 2 10 0.3226 21 18 39 3 1.1667 0 0 1 1 0.0623 0.0534 1 1 11 8 0.5238 0.4444 1 0 0 0 0 0 1 0 0 0 0 0 2 1 4 2 4 6 3 3 6 8 9 1 1 1 1 1 1 1 1 1 1 2 
0 42 13519996 1 0 0 1 0 17 3 20 2.5000 2.5000 5 2 1 3 6 0.1935 14 15 29 1 1.0714 4 0 1.4000 1 0.0415 0.0445 1 1 8 9 0.5714 0.6000 1 0 1 0 0 0 1 1 0 0 0 0 2 2 4 6 4 4 3 3 5 8 9 2 7 2 5 1 3 1 4 1 4 1 
1 42 13519997 0 1 0 1 0 17 6 23 0 4 4 2 1 3 5 0.1613 14 25 39 11 1.7857 4 0 1.4000 1 0.0415 0.0742 1 1 9 20 0.6429 0.8000 1 0 0 0 0 0 1 0 0 0 0 0 1 0 1 0 1 6 2 3 3 2 2 1 10 1 7 1 5 2 3 2 4 0 

0 43 13519994 1 0 1 0 0 2 0 2 0 0 0 1 1 2 10 0.3226 21 18 39 3 1.1667 0 0 1 1 0.0623 0.0534 1 1 11 8 0.5238 0.4444 1 0 0 0 0 0 1 0 0 0 0 0 2 1 4 2 4 6 3 3 6 8 9 1 1 1 1 1 1 1 1 1 1 2 
0 43 13519997 1 0 1 0 0 7 17 24 5 5 10 1 4 5 12 0.3871 23 13 36 10 1.7692 1 3 1.0455 1.3000 0.0682 0.0386 1 1 11 1 0.4783 0.0769 1 0 0 0 0 0 1 0 0 0 1 1 2 2 3 2 3 2 3 5 6 8 10 2 2 2 1 1 1 1 0 1 0 1 
1 43 13559995 1 0 0 1 0 17 3 20 2.5000 2.5000 5 4 1 5 6 0.1935 13 15 28 2 1.1538 3 0 1.3000 1 0.0386 0.0445 1 1 7 9 0.5385 0.6000 1 1 1 0 0 0 2 1 0 0 0 1 2 2 4 7 3 5 3 3 5 8 9 2 4 2 3 1 2 1 2 1 2 1 
0 43 13519995 0 1 0 1 0 17 6 23 0 4 4 4 1 5 5 0.1613 13 25 38 12 1.9231 3 0 1.3000 1 0.0386 0.0742 1 1 8 20 0.6154 0.8000 1 0 0 0 0 0 1 0 0 0 0 0 1 0 1 0 1 6 2 3 3 2 2 1 7 1 4 1 3 2 2 2 2 1 
1 43 13559995 0 1 0 1 0 17 3 20 2.5000 1.5000 4 4 1 5 7 0.2258 13 25 38 12 1.9231 3 0 1.3000 1 0.0386 0.0742 1 1 6 18 0.4615 0.7200 1 1 0 1 0 0 2 1 0 0 0 0 1 2 1 1 6 1 2 2 4 7 8 3 2 2 1 2 1 2 1 2 1 1 

0 44 13519995 1 0 1 0 0 2 0 2 0 0 0 1 1 2 10 0.3226 21 18 39 3 1.1667 0 0 1 1 0.0623 0.0534 1 1 11 8 0.5238 0.4444 1 0 0 0 0 0 1 0 0 0 1 0 2 0 5 0 6 4 3 3 6 8 9 1 1 1 1 1 1 1 1 1 1 2 
1 44 13519996 0 1 1 0 0 2 3 5 0.5000 1.5000 2 1 1 2 8 0.2581 17 30 47 13 1.7647 1 1 1.0625 1.0345 0.0504 0.0890 1 1 9 22 0.5294 0.7333 1 0 0 0 0 0 1 0 0 0 1 0 1 0 2 0 4 1 3 5 5 8 10 2 2 1 1 1 1 1 1 1 1 1 
1 44 13519996 1 0 0 1 0 2 1 3 1 1 2 1 1 2 12 0.3871 17 12 29 5 1.4167 0 0 1 1 0.0504 0.0356 1 0 5 0 0.2941 0 1 0 0 0 0 0 1 0 0 0 0 0 2 2 3 2 3 2 2 4 7 6 9 3 0 2 0 2 0 2 0 2 0 0 
0 44 13519995 0 1 0 1 0 17 6 23 4 2.5000 6.5000 2 1 3 4 0.1290 13 25 38 12 1.9231 3 0 1.3000 1 0.0386 0.0742 1 1 9 21 0.6923 0.8400 1 0 0 0 0 0 1 0 0 0 0 0 1 0 1 0 1 5 1 2 3 3 2 1 7 1 7 1 5 1 5 2 6 1 
1 44 13519996 0 1 0 0 1 17 3 20 2.5000 1.5000 4 2 1 3 6 0.1935 13 15 28 2 1.1538 3 0 1.3000 1 0.0386 0.0445 1 1 7 9 0.5385 0.6000 1 0 1 0 0 0 2 0 0 0 0 0 1 2 1 6 1 4 2 2 4 7 8 2 5 2 5 1 6 1 6 1 7 0 

0 45 13479994 1 0 1 0 0 2 0 2 0 0 0 1 1 2 10 0.3226 21 18 39 3 1.1667 0 0 1 1 0.0625 0.0536 1 1 11 8 0.5238 0.4444 1 0 0 0 0 0 1 0 0 0 0 0 2 1 4 2 4 6 3 3 6 8 9 1 1 1 1 1 1 1 1 1 1 2 
1 45 13519997 0 1 1 0 0 17 7 24 2 5 7 4 1 5 12 0.3871 13 22 35 9 1.6923 3 0 1.3000 1 0.0387 0.0655 1 1 1 10 0.0769 0.4545 1 0 0 0 0 0 1 0 0 1 1 1 1 0 1 0 1 0 2 3 3 4 6 1 2 1 1 1 1 1 0 1 0 1 
0 45 13519995 1 0 0 1 0 17 3 20 2.5000 2.5000 5 4 1 5 6 0.1935 13 15 28 2 1.1538 3 0 1.3000 1 0.0387 0.0446 1 1 7 9 0.5385 0.6000 1 1 1 0 0 0 2 1 0 0 1 0 2 2 4 7 3 5 3 3 5 8 9 2 3 2 2 1 2 1 2 1 2 1 
0 45 13519995 0 1 0 1 0 17 6 23 0 4 4 4 1 5 5 0.1613 13 25 38 12 1.9231 3 0 1.3000 1 0.0387 0.0744 1 1 8 20 0.6154 0.8000 1 0 0 0 0 0 1 0 0 0 0 0 1 0 1 0 1 6 2 3 3 2 2 1 7 1 3 1 2 2 2 2 2 1 
0 45 13519995 0 1 0 1 0 17 3 20 2.5000 1.5000 4 4 1 5 7 0.2258 13 25 38 12 1.9231 3 0 1.3000 1 0.0387 0.0744 1 1 6 18 0.4615 0.7200 1 1 0 1 0 0 2 1 0 0 0 0 1 2 1 1 6 1 2 2 4 7 8 2 2 2 1 2 1 2 1 2 1 1 

0 46 13519996 1 0 1 0 0 2 0 2 0 0 0 1 1 2 10 0.3226 21 18 39 3 1.1667 0 0 1 1 0.0623 0.0534 1 1 11 8 0.5238 0.4444 1 0 0 0 0 0 1 0 0 0 0 0 2 1 4 2 4 6 3 3 6 8 9 1 1 1 1 1 1 1 1 1 1 2 
0 46 13519996 1 0 0 1 0 18 3 21 2.5000 2.5000 5 2 1 3 6 0.1935 14 15 29 1 1.0714 4 0 1.4000 1 0.0415 0.0445 1 1 8 9 0.5714 0.6000 1 0 1 0 0 0 1 1 0 0 0 0 2 2 4 6 4 4 3 3 5 8 9 2 6 2 4 1 3 1 4 1 4 1 
1 46 13559997 0 1 0 1 0 18 6 24 0 4 4 2 1 3 5 0.1613 14 25 39 11 1.7857 4 0 1.4000 1 0.0415 0.0742 1 1 9 20 0.6429 0.8000 1 0 0 0 0 0 1 0 0 0 0 0 1 0 1 0 1 6 2 3 3 2 2 1 10 1 6 1 4 2 3 2 4 0 

0 47 13519994 1 0 1 0 0 2 0 2 0 0 0 1 1 2 10 0.3226 21 18 39 3 1.1667 0 0 1 1 0.0623 0.0534 1 1 11 8 0.5238 0.4444 1 0 0 0 0 0 1 0 0 0 0 0 2 1 4 2 4 6 3 3 6 8 9 1 1 1 1 1 1 1 1 1 1 2 
0 47 13519997 1 0 1 0 0 8 18 26 5.5000 5.5000 11 1 4 5 12 0.3871 23 13 36 10 1.7692 1 3 1.0455 1.3000 0.0682 0.0386 1 1 11 1 0.4783 0.0769 1 0 0 0 0 0 1 0 0 0 1 1 2 2 3 2 3 2 3 5 6 8 10 2 2 2 1 1 1 1 0 1 0 1 
1 47 13559995 1 0 0 1 0 18 3 21 2.5000 2.5000 5 4 1 5 6 0.1935 13 15 28 2 1.1538 3 0 1.3000 1 0.0386 0.0445 1 1 7 9 0.5385 0.6000 1 1 1 0 0 0 2 1 0 0 0 1 2 2 4 7 3 5 3 3 5 8 9 2 3 2 2 1 2 1 2 1 2 1 
1 47 13559995 0 1 0 1 0 18 6 24 0 4 4 4 1 5 5 0.1613 13 25 38 12 1.9231 3 0 1.3000 1 0.0386 0.0742 1 1 8 20 0.6154 0.8000 1 0 0 0 0 0 1 0 0 0 0 0 1 0 1 0 1 6 2 3 3 2 2 1 7 1 3 1 2 2 2 2 2 1 
1 47 13559995 0 1 0 1 0 18 3 21 2.5000 1.5000 4 4 1 5 7 0.2258 13 25 38 12 1.9231 3 0 1.3000 1 0.0386 0.0742 1 1 6 18 0.4615 0.7200 1 1 0 1 0 0 2 1 0 0 0 0 1 2 1 1 6 1 2 2 4 7 8 2 2 2 1 2 1 2 1 2 1 1 

0 48 13479994 1 0 1 0 0 2 0 2 0 0 0 1 1 2 10 0.3226 21 18 39 3 1.1667 0 0 1 1 0.0625 0.0536 1 1 11 8 0.5238 0.4444 1 0 0 0 0 1 1 0 0 0 2 0 2 0 4 2 4 6 3 3 6 8 9 1 1 1 1 1 1 1 1 1 1 2 
1 48 13519995 1 0 1 0 0 3 0 3 0 0 0 2 1 3 11 0.3548 29 23 52 6 1.2609 0 0 1 1 0.0863 0.0685 1 1 18 12 0.6207 0.5217 1 0 0 0 0 1 1 0 0 0 2 0 2 0 4 4 4 12 3 4 6 9 12 1 2 2 1 1 1 1 2 2 1 1 
0 48 13479995 1 0 1 0 0 2 3 5 0.5000 0.5000 1 1 2 3 7 0.2258 17 29 46 12 1.7059 1 0 1.0625 1 0.0506 0.0863 1 1 10 22 0.5882 0.7586 1 0 0 0 0 0 1 0 0 0 2 0 2 1 3 3 3 5 4 6 6 9 12 1 2 1 2 1 1 1 1 1 1 1 
0 48 13479995 1 0 0 1 0 2 1 3 1 1 2 1 1 2 12 0.3871 17 12 29 5 1.4167 0 0 1 1 0.0506 0.0357 1 0 5 0 0.2941 0 1 0 0 0 0 0 1 0 0 0 0 0 2 2 3 2 3 2 2 4 7 6 9 3 0 2 0 2 0 2 0 2 0 0 
0 48 13479994 0 1 0 1 0 18 6 24 4 2.5000 6.5000 2 1 3 4 0.1290 13 25 38 12 1.9231 3 0 1.3000 1 0.0387 0.0744 1 1 9 21 0.6923 0.8400 1 0 0 0 0 0 1 0 0 0 0 0 1 0 1 0 1 5 1 2 3 3 2 1 7 1 7 1 5 1 5 2 6 1 
0 48 13479995 0 1 0 0 1 18 3 21 2.5000 1.5000 4 2 1 3 6 0.1935 13 15 28 2 1.1538 3 0 1.3000 1 0.0387 0.0446 1 1 7 9 0.5385 0.6000 1 0 1 0 0 0 2 0 0 0 0 0 1 2 1 6 1 4 2 2 4 7 8 2 5 2 5 1 6 1 6 1 7 0 

0 49 13519995 1 0 1 0 0 2 0 2 0 0 0 1 1 2 10 0.3226 21 18 39 3 1.1667 0 0 1 1 0.0623 0.0534 1 1 11 8 0.5238 0.4444 1 0 0 0 0 0 1 0 0 0 1 0 2 0 4 2 5 5 3 3 6 8 9 1 1 1 1 1 1 1 1 1 1 2 
1 49 13519996 1 0 0 1 0 2 1 3 1 1 2 1 1 2 12 0.3871 17 12 29 5 1.4167 0 0 1 1 0.0504 0.0356 1 0 5 0 0.2941 0 1 0 0 0 0 0 1 0 0 0 0 0 2 2 3 2 3 2 2 4 7 6 9 3 0 2 0 2 0 2 0 2 0 0 
0 49 13519995 0 1 0 1 0 18 6 24 4 2.5000 6.5000 2 1 3 4 0.1290 13 25 38 12 1.9231 3 0 1.3000 1 0.0386 0.0742 1 1 9 21 0.6923 0.8400 1 0 0 0 0 0 1 0 0 0 0 0 1 0 1 0 1 5 1 2 3 3 2 1 7 1 7 1 5 1 5 2 6 1 
1 49 13519996 1 0 0 1 0 4 2 6 0.5000 0.5000 1 1 1 2 7 0.2258 30 17 47 13 1.7647 1 1 1.0345 1.0625 0.0890 0.0504 1 1 23 10 0.7667 0.5882 1 0 0 0 0 0 1 0 0 0 1 0 2 1 3 3 3 5 4 6 6 9 12 2 2 2 2 2 1 2 1 2 1 1 
1 49 13519996 0 1 0 0 1 18 3 21 2.5000 1.5000 4 2 1 3 6 0.1935 13 15 28 2 1.1538 3 0 1.3000 1 0.0386 0.0445 1 1 7 9 0.5385 0.6000 1 0 1 0 0 0 2 0 0 0 0 0 1 2 1 6 1 4 2 2 4 7 8 2 5 2 5 1 6 1 6 1 7 0 

0 50 13519994 1 0 1 0 0 2 0 2 0 0 0 1 1 2 10 0.3226 21 18 39 3 1.1667 0 0 1 1 0.0623 0.0534 1 1 11 8 0.5238 0.4444 1 0 0 0 0 0 1 0 0 0 2 0 2 0 4 2 4 3 3 3 6 8 9 1 1 1 1 1 1 1 1 1 1 2 
1 50 13519995 1 0 1 0 0 2 4 6 0.5000 0.5000 1 1 2 3 7 0.2258 17 29 46 12 1.7059 1 0 1.0625 1 0.0504 0.0861 1 1 10 22 0.5882 0.7586 1 0 0 0 0 0 1 0 0 0 2 0 2 1 3 3 3 5 4 6 6 9 12 1 2 1 2 1 1 1 1 1 1 1 
1 50 13519995 0 1 1 0 0 1 4 5 2 1 3 1 2 3 12 0.3871 24 29 53 5 1.2083 1 0 1.0435 1 0.0712 0.0861 1 1 12 17 0.5000 0.5862 1 0 0 0 0 0 1 0 0 0 0 0 1 0 1 3 3 1 2 3 5 5 4 2 3 1 1 1 1 2 2 2 1 1 
1 50 13519995 1 0 0 1 0 2 1 3 1 1 2 1 1 2 12 0.3871 17 12 29 5 1.4167 0 0 1 1 0.0504 0.0356 1 0 5 0 0.2941 0 1 0 0 0 0 0 1 0 0 0 0 0 2 2 3 2 3 2 2 4 7 6 9 3 0 2 0 2 0 2 0 2 0 0 
0 50 13519994 0 1 0 1 0 18 6 24 4 2.5000 6.5000 2 1 3 4 0.1290 13 25 38 12 1.9231 3 0 1.3000 1 0.0386 0.0742 1 1 9 21 0.6923 0.8400 1 0 0 0 0 0 1 0 0 0 0 0 1 0 1 0 1 5 1 2 3 3 2 1 7 1 7 1 5 1 5 2 6 1 
1 50 13519995 0 1 0 0 1 18 3 21 2.5000 1.5000 4 2 1 3 6 0.1935 13 15 28 2 1.1538 3 0 1.3000 1 0.0386 0.0445 1 1 7 9 0.5385 0.6000 1 0 1 0 0 0 2 0 0 0 0 0 1 2 1 6 1 4 2 2 4 7 8 2 5 2 5 1 6 1 6 1 7 0 

0 51 13559994 1 0 1 0 0 2 0 2 0 0 0 1 1 2 10 0.3226 21 18 39 3 1.1667 0 0 1 1 0.0621 0.0533 1 1 11 8 0.5238 0.4444 1 0 0 0 0 1 1 0 0 0 2 0 2 0 4 2 4 6 3 3 6 8 9 1 1 1 1 1 1 1 1 1 1 2 
1 51 13559995 0 1 1 0 0 4 2 6 1.5000 0.5000 2 2 1 3 7 0.2258 29 16 45 13 1.8125 0 0 1 1 0.0858 0.0473 1 1 22 9 0.7586 0.5625 1 0 0 0 0 0 1 0 0 0 0 1 1 0 1 0 1 1 3 4 5 7 12 1 1 1 1 1 1 1 1 1 1 2 
1 51 13559995 1 0 1 0 0 4 1 5 1 1 2 2 1 3 11 0.3548 29 23 52 6 1.2609 0 0 1 1 0.0858 0.0680 1 1 18 12 0.6207 0.5217 1 0 0 0 0 1 1 0 0 0 2 0 2 0 4 4 4 12 3 4 6 9 12 1 2 2 1 1 1 1 2 2 1 1 
0 51 13559994 1 0 1 0 0 3 2 5 1 1 2 1 1 2 14 0.4516 16 14 30 2 1.1429 1 0 1.0667 1 0.0473 0.0414 1 0 2 0 0.1250 0 1 0 0 0 0 0 1 0 0 0 0 0 2 3 3 6 2 6 3 4 5 7 9 2 1 1 1 1 0 1 0 0 0 2 
1 51 13559995 1 0 0 1 0 2 1 3 1 1 2 1 1 2 12 0.3871 17 12 29 5 1.4167 0 0 1 1 0.0503 0.0355 1 0 5 0 0.2941 0 1 0 0 0 0 0 1 0 0 0 0 0 2 2 3 2 3 2 2 4 7 6 9 3 0 2 0 2 0 2 0 2 0 0 
0 51 13559994 0 1 0 1 0 18 6 24 4 2.5000 6.5000 1 1 2 4 0.1290 13 25 38 12 1.9231 3 0 1.3000 1 0.0385 0.0740 1 1 9 21 0.6923 0.8400 1 0 0 0 0 0 1 0 0 0 0 0 1 0 1 0 1 5 1 2 3 3 2 1 7 1 7 1 5 1 5 2 6 1 

0 52 13479992 1 0 1 0 0 6 2 8 2 2 4 2 3 5 19 0.6129 25 15 40 10 1.6667 0 0 1 1 0.0744 0.0446 1 0 6 -4.0000 0.2400 -0.2667 1 0 0 0 0 1 2 0 0 1 0 0 2 2 5 5 12 8 4 5 5 8 5 1 0 1 0 1 0 1 0 1 0 4 
0 52 13479991 1 0 1 0 0 3 2 5 1 1 2 2 1 3 13 0.4194 15 14 29 1 1.0714 0 0 1 1 0.0446 0.0417 1 1 2 1 0.1333 0.0714 1 0 0 0 0 0 1 0 0 0 0 0 2 1 4 2 4 4 3 4 5 7 9 1 1 1 1 1 1 1 0 0 0 1 
0 52 13479990 1 0 1 0 0 2 0 2 0 0 0 1 1 2 10 0.3226 21 18 39 3 1.1667 0 0 1 1 0.0625 0.0536 1 1 11 8 0.5238 0.4444 1 0 0 0 0 1 1 0 0 0 2 0 2 0 4 2 4 6 3 3 6 8 9 1 1 1 1 1 1 1 1 1 1 2 
0 52 13479991 0 1 1 0 0 4 2 6 1.5000 0.5000 2 2 1 3 7 0.2258 29 16 45 13 1.8125 0 0 1 1 0.0863 0.0476 1 1 22 9 0.7586 0.5625 1 0 0 0 0 0 1 0 0 0 0 1 1 0 1 0 1 1 3 4 5 7 12 1 1 1 1 1 1 1 1 1 1 2 
0 52 13479991 1 0 1 0 0 4 1 5 1 1 2 2 1 3 11 0.3548 29 23 52 6 1.2609 0 0 1 1 0.0863 0.0685 1 1 18 12 0.6207 0.5217 1 0 0 0 0 1 1 0 0 0 2 0 2 0 4 4 4 12 3 4 6 9 12 1 2 2 1 1 1 1 2 2 1 1 
1 52 13479993 1 0 1 0 0 3 2 5 2 2 4 1 3 4 24 0.7742 26 15 41 11 1.7333 1 0 1.0400 1 0.0774 0.0446 1 0 2 -9.0000 0.0769 -0.6000 1 0 0 0 0 1 2 0 0 1 0 0 2 2 5 7 7 14 4 5 5 8 5 0 2 0 1 0 1 0 1 0 0 9 
0 52 13479991 1 0 0 1 0 2 1 3 1 1 2 1 1 2 12 0.3871 17 12 29 5 1.4167 0 0 1 1 0.0506 0.0357 1 0 5 0 0.2941 0 1 0 0 0 0 0 1 0 0 0 0 0 2 2 3 2 3 2 2 4 7 6 9 3 0 2 0 2 0 2 0 2 0 0 
0 52 13479990 0 1 0 1 0 18 6 24 4 2.5000 6.5000 2 2 4 4 0.1290 13 25 38 12 1.9231 3 0 1.3000 1 0.0387 0.0744 1 1 9 21 0.6923 0.8400 1 0 0 0 0 0 1 0 0 0 0 0 1 0 1 0 1 5 1 2 3 3 2 1 7 1 7 1 5 1 5 2 6 1 
0 52 13479990 1 0 0 0 1 2 0 2 0 0 0 3 1 4 11 0.3548 15 14 29 1 1.0714 0 0 1 1 0.0446 0.0417 1 1 4 3 0.2667 0.2143 1 0 0 0 0 0 1 0 0 2 0 0 2 0 4 0 4 8 4 5 8 10 11 2 3 3 3 3 2 3 3 2 1 0 
0 52 13479991 0 1 0 0 1 18 3 21 2.5000 1.5000 4 2 2 4 6 0.1935 13 15 28 2 1.1538 3 0 1.3000 1 0.0387 0.0446 1 1 7 9 0.5385 0.6000 1 0 1 0 0 0 2 0 0 0 0 0 1 2 1 6 1 4 2 2 4 7 8 2 5 2 5 1 6 1 6 1 7 0 

0 53 13479992 1 0 1 0 0 6 3 9 3 3 6 2 3 5 19 0.6129 25 15 40 10 1.6667 0 0 1 1 0.0744 0.0446 1 0 6 -4.0000 0.2400 -0.2667 1 0 0 0 0 0 2 0 0 1 0 0 2 2 5 5 8 11 4 5 5 8 5 1 0 1 0 1 0 1 0 1 0 4 
0 53 13479991 1 0 1 0 0 3 2 5 1 1 2 2 1 3 13 0.4194 15 14 29 1 1.0714 0 0 1 1 0.0446 0.0417 1 1 2 1 0.1333 0.0714 1 0 0 0 0 0 1 0 0 0 0 0 2 1 4 2 5 2 3 4 5 7 9 1 1 1 1 1 1 1 0 0 0 1 
0 53 13479990 1 0 1 0 0 2 0 2 0 0 0 1 1 2 10 0.3226 21 18 39 3 1.1667 0 0 1 1 0.0625 0.0536 1 1 11 8 0.5238 0.4444 1 0 0 0 0 1 1 0 0 0 2 0 2 0 4 2 4 6 3 3 6 8 9 1 1 1 1 1 1 1 1 1 1 2 
0 53 13479991 0 1 1 0 0 4 2 6 1.5000 0.5000 2 2 1 3 7 0.2258 29 16 45 13 1.8125 0 0 1 1 0.0863 0.0476 1 1 22 9 0.7586 0.5625 1 0 0 0 0 0 1 0 0 0 0 1 1 0 1 0 1 1 3 4 5 7 12 1 1 1 1 1 1 1 1 1 1 2 
0 53 13479991 1 0 1 0 0 4 1 5 1 1 2 2 1 3 11 0.3548 29 23 52 6 1.2609 0 0 1 1 0.0863 0.0685 1 1 18 12 0.6207 0.5217 1 0 0 0 0 1 1 0 0 0 2 0 2 0 4 4 4 12 3 4 6 9 12 1 2 2 1 1 1 1 2 2 1 1 
1 53 13479993 1 0 1 0 0 4 3 7 3 3 6 1 3 4 25 0.8065 27 15 42 12 1.8000 2 0 1.0800 1 0.0804 0.0446 1 0 2 -10.0000 0.0741 -0.6667 1 0 0 0 0 0 2 0 0 1 0 0 2 2 5 7 7 13 4 5 5 8 5 0 4 0 2 0 1 0 1 0 0 8 
0 53 13479991 1 0 0 1 0 2 1 3 1 1 2 1 1 2 12 0.3871 17 12 29 5 1.4167 0 0 1 1 0.0506 0.0357 1 0 5 0 0.2941 0 1 0 0 0 0 0 1 0 0 0 0 0 2 2 3 2 3 2 2 4 7 6 9 3 0 2 0 2 0 2 0 2 0 0 
0 53 13479990 0 1 0 1 0 18 6 24 4 2.5000 6.5000 2 2 4 4 0.1290 13 25 38 12 1.9231 3 0 1.3000 1 0.0387 0.0744 1 1 9 21 0.6923 0.8400 1 0 0 0 0 0 1 0 0 0 0 0 1 0 1 0 1 5 1 2 3 3 2 1 7 1 7 1 5 1 5 2 6 1 
0 53 13479990 1 0 0 0 1 3 0 3 0 0 0 3 1 4 11 0.3548 15 14 29 1 1.0714 0 0 1 1 0.0446 0.0417 1 1 4 3 0.2667 0.2143 1 0 0 0 0 0 1 0 0 2 0 0 2 0 4 0 4 8 4 5 8 10 11 2 3 3 3 3 2 3 3 2 1 0 
0 53 13479991 0 1 0 0 1 18 3 21 2.5000 1.5000 4 2 2 4 6 0.1935 13 15 28 2 1.1538 3 0 1.3000 1 0.0387 0.0446 1 1 7 9 0.5385 0.6000 1 0 1 0 0 0 2 0 0 0 0 0 1 0 4 4 3 2 2 2 4 7 8 2 5 2 5 1 6 1 6 1 7 0 

0 54 13479992 1 0 1 0 0 6 4 10 4 4 8 2 3 5 19 0.6129 25 15 40 10 1.6667 0 0 1 1 0.0744 0.0446 1 0 6 -4.0000 0.2400 -0.2667 1 0 0 0 0 0 2 0 0 1 0 0 2 2 5 5 8 6 4 5 5 8 5 1 0 1 0 1 0 1 0 1 0 4 
0 54 13479991 1 0 1 0 0 3 2 5 1 1 2 2 1 3 13 0.4194 15 14 29 1 1.0714 0 0 1 1 0.0446 0.0417 1 1 2 1 0.1333 0.0714 1 0 0 0 0 0 1 0 0 0 0 0 2 1 4 2 4 4 3 4 5 7 9 1 1 1 1 1 1 1 0 0 0 1 
0 54 13479990 1 0 1 0 0 2 0 2 0 0 0 1 1 2 10 0.3226 21 18 39 3 1.1667 0 0 1 1 0.0625 0.0536 1 1 11 8 0.5238 0.4444 1 0 0 0 0 1 1 0 0 0 2 0 2 0 4 2 4 6 3 3 6 8 9 1 1 1 1 1 1 1 1 1 1 2 
0 54 13479991 0 1 1 0 0 4 2 6 1.5000 0.5000 2 2 1 3 7 0.2258 29 16 45 13 1.8125 0 0 1 1 0.0863 0.0476 1 1 22 9 0.7586 0.5625 1 0 0 0 0 0 1 0 0 0 0 1 1 0 1 0 1 1 3 4 5 7 12 1 1 1 1 1 1 1 1 1 1 2 
0 54 13479991 1 0 1 0 0 4 1 5 1 1 2 2 1 3 11 0.3548 29 23 52 6 1.2609 0 0 1 1 0.0863 0.0685 1 1 18 12 0.6207 0.5217 1 0 0 0 0 1 1 0 0 0 2 0 2 0 4 4 4 12 3 4 6 9 12 1 2 2 1 1 1 1 2 2 1 1 
1 54 13479993 1 0 1 0 0 5 4 9 4 4 8 1 3 4 26 0.8387 28 15 43 13 1.8667 3 0 1.1200 1 0.0833 0.0446 1 0 2 -11.0000 0.0714 -0.7333 1 0 0 0 0 0 2 0 0 1 0 0 2 2 5 7 10 10 4 5 5 8 5 0 5 0 2 0 1 0 1 0 0 7 
0 54 13479991 1 0 0 1 0 2 1 3 1 1 2 1 1 2 12 0.3871 17 12 29 5 1.4167 0 0 1 1 0.0506 0.0357 1 0 5 0 0.2941 0 1 0 0 0 0 0 1 0 0 0 0 0 2 2 3 2 3 2 2 4 7 6 9 3 0 2 0 2 0 2 0 2 0 0 
0 54 13479990 0 1 0 1 0 18 6 24 4 2.5000 6.5000 2 2 4 4 0.1290 13 25 38 12 1.9231 3 0 1.3000 1 0.0387 0.0744 1 1 9 21 0.6923 0.8400 1 0 0 0 0 0 1 0 0 0 0 0 1 0 1 0 1 5 1 2 3 3 2 1 7 1 7 1 5 1 5 2 6 1 
0 54 13479990 1 0 0 0 1 4 0 4 0 0 0 3 1 4 11 0.3548 15 14 29 1 1.0714 0 0 1 1 0.0446 0.0417 1 1 4 3 0.2667 0.2143 1 0 0 0 0 0 1 0 0 2 0 0 2 0 4 0 4 8 4 5 8 10 11 2 3 3 3 3 2 3 3 2 1 0 
0 54 13479991 0 1 0 0 1 18 3 21 2.5000 1.5000 4 2 2 4 6 0.1935 13 15 28 2 1.1538 3 0 1.3000 1 0.0387 0.0446 1 1 7 9 0.5385 0.6000 1 0 1 0 0 0 2 0 0 0 0 0 1 0 1 8 1 4 2 2 4 7 8 2 5 2 5 1 6 1 6 1 7 0 

0 55 13479992 1 0 1 0 0 6 5 11 5 5 10 2 3 5 19 0.6129 25 15 40 10 1.6667 0 0 1 1 0.0744 0.0446 1 0 6 -4.0000 0.2400 -0.2667 1 0 0 0 0 0 2 0 0 1 0 0 2 2 5 5 8 11 4 5 5 8 5 1 0 1 0 1 0 1 0 1 0 4 
0 55 13479991 1 0 1 0 0 3 2 5 1 1 2 2 1 3 13 0.4194 15 14 29 1 1.0714 0 0 1 1 0.0446 0.0417 1 1 2 1 0.1333 0.0714 1 0 0 0 0 0 1 0 0 0 0 0 2 1 4 2 5 2 3 4 5 7 9 1 1 1 1 1 1 1 0 0 0 1 
0 55 13479990 1 0 1 0 0 2 0 2 0 0 0 1 1 2 10 0.3226 21 18 39 3 1.1667 0 0 1 1 0.0625 0.0536 1 1 11 8 0.5238 0.4444 1 0 0 0 0 1 1 0 0 0 2 0 2 0 4 2 4 6 3 3 6 8 9 1 1 1 1 1 1 1 1 1 1 2 
0 55 13479991 0 1 1 0 0 4 2 6 1.5000 0.5000 2 2 1 3 7 0.2258 29 16 45 13 1.8125 0 0 1 1 0.0863 0.0476 1 1 22 9 0.7586 0.5625 1 0 0 0 0 0 1 0 0 0 0 1 1 0 1 0 1 1 3 4 5 7 12 1 1 1 1 1 1 1 1 1 1 2 
0 55 13479991 1 0 1 0 0 4 1 5 1 1 2 2 1 3 11 0.3548 29 23 52 6 1.2609 0 0 1 1 0.0863 0.0685 1 1 18 12 0.6207 0.5217 1 0 0 0 0 1 1 0 0 0 2 0 2 0 4 4 4 12 3 4 6 9 12 1 2 2 1 1 1 1 2 2 1 1 
1 55 13479993 1 0 1 0 0 6 5 11 5 5 10 1 3 4 27 0.8710 29 15 44 14 1.9333 4 0 1.1600 1 0.0863 0.0446 1 0 2 -12.0000 0.0690 -0.8000 1 0 0 0 0 0 2 0 0 1 0 0 2 2 5 9 8 12 4 5 5 8 5 0 5 0 2 0 1 0 1 0 0 6 
0 55 13479991 1 0 0 1 0 2 1 3 1 1 2 1 1 2 12 0.3871 17 12 29 5 1.4167 0 0 1 1 0.0506 0.0357 1 0 5 0 0.2941 0 1 0 0 0 0 0 1 0 0 0 0 0 2 2 3 2 3 2 2 4 7 6 9 3 0 2 0 2 0 2 0 2 0 0 
0 55 13479990 0 1 0 1 0 18 6 24 4 2.5000 6.5000 2 2 4 4 0.1290 13 25 38 12 1.9231 3 0 1.3000 1 0.0387 0.0744 1 1 9 21 0.6923 0.8400 1 0 0 0 0 0 1 0 0 0 0 0 1 0 1 0 1 5 1 2 3 3 2 1 7 1 7 1 5 1 5 2 6 1 
0 55 13479990 1 0 0 0 1 5 0 5 0 0 0 3 1 4 11 0.3548 15 14 29 1 1.0714 0 0 1 1 0.0446 0.0417 1 1 4 3 0.2667 0.2143 1 0 0 0 0 0 1 0 0 2 0 0 2 0 4 0 4 8 4 5 8 10 11 2 3 3 3 3 2 3 3 2 1 0 
0 55 13479991 0 1 0 0 1 18 3 21 2.5000 1.5000 4 2 2 4 6 0.1935 13 15 28 2 1.1538 3 0 1.3000 1 0.0387 0.0446 1 1 7 9 0.5385 0.6000 1 0 1 0 0 0 2 0 0 0 0 0 1 0 4 4 3 2 2 2 4 7 8 2 5 2 5 1 6 1 6 1 7 0 

1 56 13519992 1 0 1 0 0 6 6 12 6 6 12 2 3 5 19 0.6129 25 15 40 10 1.6667 0 0 1 1 0.0744 0.0446 1 0 6 -4.0000 0.2400 -0.2667 1 0 0 0 0 0 2 0 0 1 0 0 2 2 5 5 8 6 4 5 5 8 5 1 0 1 0 1 0 1 0 1 0 4 
0 56 13479991 1 0 1 0 0 3 2 5 1 1 2 2 1 3 13 0.4194 15 14 29 1 1.0714 0 0 1 1 0.0446 0.0417 1 1 2 1 0.1333 0.0714 1 0 0 0 0 0 1 0 0 0 0 0 2 1 4 2 4 3 3 4 5 7 9 1 1 1 1 1 1 1 0 0 0 1 
0 56 13479990 1 0 1 0 0 2 0 2 0 0 0 1 1 2 10 0.3226 21 18 39 3 1.1667 0 0 1 1 0.0625 0.0536 1 1 11 8 0.5238 0.4444 1 0 0 0 0 1 1 0 0 0 2 0 2 0 4 2 4 6 3 3 6 8 9 1 1 1 1 1 1 1 1 1 1 2 
0 56 13479991 0 1 1 0 0 4 2 6 1.5000 0.5000 2 2 1 3 7 0.2258 29 16 45 13 1.8125 0 0 1 1 0.0863 0.0476 1 1 22 9 0.7586 0.5625 1 0 0 0 0 0 1 0 0 0 0 1 1 0 1 0 1 1 3 4 5 7 12 1 1 1 1 1 1 1 1 1 1 2 
0 56 13479991 1 0 1 0 0 4 1 5 1 1 2 2 1 3 11 0.3548 29 23 52 6 1.2609 0 0 1 1 0.0863 0.0685 1 1 18 12 0.6207 0.5217 1 0 0 0 0 1 1 0 0 0 2 0 2 0 4 4 4 12 3 4 6 9 12 1 2 2 1 1 1 1 2 2 1 1 
0 56 13479993 1 0 1 0 0 7 6 13 6 6 12 1 3 4 28 0.9032 30 15 45 15 2 5 0 1.2000 1 0.0893 0.0446 1 0 2 -13.0000 0.0667 -0.8667 1 0 0 0 0 0 2 0 0 1 0 0 2 2 6 8 9 10 4 5 5 8 5 0 5 0 2 0 1 0 1 0 0 5 
0 56 13479991 1 0 0 1 0 2 1 3 1 1 2 1 1 2 12 0.3871 17 12 29 5 1.4167 0 0 1 1 0.0506 0.0357 1 0 5 0 0.2941 0 1 0 0 0 0 0 1 0 0 0 0 0 2 2 3 2 3 2 2 4 7 6 9 3 0 2 0 2 0 2 0 2 0 0 
0 56 13479990 0 1 0 1 0 18 6 24 4 2.5000 6.5000 2 2 4 4 0.1290 13 25 38 12 1.9231 3 0 1.3000 1 0.0387 0.0744 1 1 9 21 0.6923 0.8400 1 0 0 0 0 0 1 0 0 0 0 0 1 0 1 0 1 5 1 2 3 3 2 1 7 1 7 1 5 1 5 2 6 1 
0 56 13479990 1 0 0 0 1 6 0 6 0 0 0 3 1 4 11 0.3548 15 14 29 1 1.0714 0 0 1 1 0.0446 0.0417 1 1 4 3 0.2667 0.2143 1 0 0 0 0 0 1 0 0 2 0 0 2 0 4 0 4 8 4 5 8 10 11 2 3 3 3 3 2 3 3 2 1 0 
0 56 13479991 0 1 0 0 1 18 3 21 2.5000 1.5000 4 2 2 4 6 0.1935 13 15 28 2 1.1538 3 0 1.3000 1 0.0387 0.0446 1 1 7 9 0.5385 0.6000 1 0 1 0 0 0 2 0 0 0 0 0 1 0 1 4 1 8 2 2 4 7 8 2 5 2 5 1 6 1 6 1 7 0 

0 57 13519991 1 0 1 0 0 3 2 5 1 1 2 2 1 3 13 0.4194 15 14 29 1 1.0714 0 0 1 1 0.0445 0.0415 1 1 2 1 0.1333 0.0714 1 0 0 0 0 0 1 0 0 0 0 0 2 1 4 2 4 3 3 4 5 7 9 1 1 1 1 1 1 1 0 0 0 1 
0 57 13519990 1 0 1 0 0 2 0 2 0 0 0 1 1 2 10 0.3226 21 18 39 3 1.1667 0 0 1 1 0.0623 0.0534 1 1 11 8 0.5238 0.4444 1 0 0 0 0 1 1 0 0 0 2 0 2 0 4 2 4 6 3 3 6 8 9 1 1 1 1 1 1 1 1 1 1 2 
0 57 13519991 0 1 1 0 0 4 2 6 1.5000 0.5000 2 2 1 3 7 0.2258 29 16 45 13 1.8125 0 0 1 1 0.0861 0.0475 1 1 22 9 0.7586 0.5625 1 0 0 0 0 0 1 0 0 0 0 1 1 0 1 0 1 1 3 4 5 7 12 1 1 1 1 1 1 1 1 1 1 2 
0 57 13519991 1 0 1 0 0 4 1 5 1 1 2 2 1 3 11 0.3548 29 23 52 6 1.2609 0 0 1 1 0.0861 0.0682 1 1 18 12 0.6207 0.5217 1 0 0 0 0 1 1 0 0 0 2 0 2 0 4 4 4 12 3 4 6 9 12 1 2 2 1 1 1 1 2 2 1 1 
1 57 13519993 1 0 1 0 0 7 7 14 7 7 14 1 3 4 28 0.9032 30 15 45 15 2 5 0 1.2000 1 0.0890 0.0445 1 0 2 -13.0000 0.0667 -0.8667 1 0 0 0 0 0 2 0 0 1 0 0 2 2 6 8 9 10 4 5 5 8 5 0 5 0 2 0 1 0 1 0 0 5 
0 57 13519992 1 0 1 0 0 7 7 14 7 7 14 2 3 5 20 0.6452 26 15 41 11 1.7333 1 0 1.0400 1 0.0772 0.0445 1 0 6 -5.0000 0.2308 -0.3333 1 0 0 0 0 0 2 0 0 1 0 0 2 2 5 6 7 7 4 5 5 8 5 2 0 1 0 1 0 1 0 1 0 3 
0 57 13519991 1 0 0 1 0 2 1 3 1 1 2 1 1 2 12 0.3871 17 12 29 5 1.4167 0 0 1 1 0.0504 0.0356 1 0 5 0 0.2941 0 1 0 0 0 0 0 1 0 0 0 0 0 2 2 3 2 3 2 2 4 7 6 9 3 0 2 0 2 0 2 0 2 0 0 
0 57 13519990 1 0 0 0 1 7 0 7 0 0 0 3 1 4 11 0.3548 15 14 29 1 1.0714 0 0 1 1 0.0445 0.0415 1 1 4 3 0.2667 0.2143 1 0 0 0 0 0 1 0 0 2 0 0 2 0 4 0 4 8 4 5 8 10 11 2 3 3 3 3 2 3 3 2 1 0 
0 57 13519991 0 1 0 0 1 18 3 21 2.5000 1.5000 4 2 2 4 6 0.1935 13 15 28 2 1.1538 3 0 1.3000 1 0.0386 0.0445 1 1 7 9 0.5385 0.6000 1 0 1 0 0 0 2 0 0 0 0 0 1 0 1 4 1 8 2 2 4 7 8 2 5 2 5 1 6 1 6 1 7 0 
0 57 13519990 0 1 0 0 1 7 18 25 2.5000 4 6.5000 2 2 4 4 0.1290 26 13 39 13 2 1 3 1.0400 1.3000 0.0772 0.0386 1 1 22 9 0.8462 0.6923 1 0 1 0 0 0 2 0 0 0 0 0 1 1 3 1 1 1 2 2 3 5 6 2 7 2 7 2 5 2 5 3 6 1 

1 58 13479993 1 0 1 0 0 7 8 15 8 8 16 1 3 4 23 0.7419 25 15 40 10 1.6667 0 0 1 1 0.0744 0.0446 1 0 2 -8.0000 0.0800 -0.5333 1 0 0 0 1 0 2 0 0 1 0 0 2 2 5 6 13 7 4 5 5 8 5 0 1 0 1 0 1 0 1 0 0 10 
0 58 13479992 1 0 1 0 0 7 8 15 8 8 16 2 3 5 19 0.6129 25 15 40 10 1.6667 0 0 1 1 0.0744 0.0446 1 0 6 -4.0000 0.2400 -0.2667 1 0 0 0 1 0 2 0 0 1 0 0 2 2 5 5 13 6 4 5 5 8 5 1 0 1 0 1 0 1 0 1 0 4 
0 58 13479991 1 0 1 0 0 3 2 5 1 1 2 2 1 3 13 0.4194 15 14 29 1 1.0714 0 0 1 1 0.0446 0.0417 1 1 2 1 0.1333 0.0714 1 0 0 0 0 0 1 0 0 0 0 0 2 1 4 2 4 4 3 4 5 7 9 1 1 1 1 1 1 1 0 0 0 1 
0 58 13479990 1 0 1 0 0 2 0 2 0 0 0 1 1 2 10 0.3226 21 18 39 3 1.1667 0 0 1 1 0.0625 0.0536 1 1 11 8 0.5238 0.4444 1 0 0 0 0 1 1 0 0 0 2 0 2 0 4 2 4 6 3 3 6 8 9 1 1 1 1 1 1 1 1 1 1 2 
0 58 13479990 0 1 1 0 0 7 18 25 2.5000 4 6.5000 2 2 4 4 0.1290 25 10 35 15 2.5000 0 0 1 1 0.0744 0.0298 1 1 21 6 0.8400 0.6000 1 0 1 0 0 0 1 1 0 0 0 0 1 0 4 4 2 1 2 2 3 5 6 1 1 1 1 1 1 1 1 2 1 2 
0 58 13479991 0 1 1 0 0 5 2 7 1.5000 0.5000 2 2 1 3 7 0.2258 29 16 45 13 1.8125 0 0 1 1 0.0863 0.0476 1 1 22 9 0.7586 0.5625 1 0 0 0 0 0 1 0 0 0 0 1 1 0 1 0 1 1 3 4 5 7 12 1 1 1 1 1 1 1 1 1 1 2 
0 58 13479991 1 0 1 0 0 5 1 6 1 1 2 2 1 3 11 0.3548 29 23 52 6 1.2609 0 0 1 1 0.0863 0.0685 1 1 18 12 0.6207 0.5217 1 0 0 0 0 1 1 0 0 0 2 0 2 0 4 4 4 12 3 4 6 9 12 1 2 2 1 1 1 1 2 2 1 1 
0 58 13479991 1 0 0 1 0 2 1 3 1 1 2 1 1 2 12 0.3871 17 12 29 5 1.4167 0 0 1 1 0.0506 0.0357 1 0 5 0 0.2941 0 1 0 0 0 0 0 1 0 0 0 0 0 2 2 3 2 3 2 2 4 7 6 9 3 0 2 0 2 0 2 0 2 0 0 
0 58 13479991 1 0 0 1 0 3 18 21 1.5000 1.5000 3 2 2 4 5 0.1613 15 10 25 5 1.5000 0 0 1 1 0.0446 0.0298 1 1 10 5 0.6667 0.5000 1 0 1 0 0 0 1 1 0 0 0 0 2 1 4 7 4 4 3 5 6 8 9 2 1 2 1 2 1 1 1 1 1 0 
0 58 13479990 1 0 0 0 1 8 0 8 0 0 0 3 1 4 11 0.3548 15 14 29 1 1.0714 0 0 1 1 0.0446 0.0417 1 1 4 3 0.2667 0.2143 1 0 0 0 0 0 1 0 0 2 0 0 2 0 4 0 4 8 4 5 8 10 11 2 3 3 3 3 2 3 3 2 1 0 

1 59 13479994 1 0 1 0 0 3 2 5 1 1 2 2 1 3 13 0.4194 15 14 29 1 1.0714 0 0 1 1 0.0446 0.0417 1 1 2 1 0.1333 0.0714 1 0 0 0 0 0 1 0 0 0 0 0 2 1 6 2 6 4 3 4 5 7 9 1 1 1 1 1 1 1 0 0 0 1 
0 59 13479993 1 0 1 0 0 2 0 2 0 0 0 1 1 2 10 0.3226 21 18 39 3 1.1667 0 0 1 1 0.0625 0.0536 1 1 11 8 0.5238 0.4444 1 0 0 0 0 1 1 0 0 0 2 0 2 0 4 2 4 6 3 3 6 8 9 1 1 1 1 1 1 1 1 1 1 2 
0 59 13479993 0 1 1 0 0 7 18 25 2.5000 4 6.5000 1 2 3 4 0.1290 25 10 35 15 2.5000 0 0 1 1 0.0744 0.0298 1 1 21 6 0.8400 0.6000 1 0 1 0 0 0 1 1 0 0 0 0 1 0 4 4 2 1 2 2 3 5 6 1 1 1 1 1 1 1 1 2 1 2 
1 59 13479994 0 1 1 0 0 5 2 7 1.5000 0.5000 2 2 1 3 7 0.2258 29 16 45 13 1.8125 0 0 1 1 0.0863 0.0476 1 1 22 9 0.7586 0.5625 1 0 0 0 0 0 1 0 0 0 0 1 1 0 1 0 1 1 3 4 5 7 12 1 1 1 1 1 1 1 1 1 1 2 
1 59 13479994 1 0 1 0 0 5 1 6 1 1 2 2 1 3 11 0.3548 29 23 52 6 1.2609 0 0 1 1 0.0863 0.0685 1 1 18 12 0.6207 0.5217 1 0 0 0 0 1 1 0 0 0 2 0 2 0 4 4 4 12 3 4 6 9 12 1 2 2 1 1 1 1 2 2 1 1 
1 59 13479994 1 0 0 1 0 2 1 3 1 1 2 1 1 2 12 0.3871 17 12 29 5 1.4167 0 0 1 1 0.0506 0.0357 1 0 5 0 0.2941 0 1 0 0 0 0 0 1 0 0 0 0 0 2 2 3 2 3 2 2 4 7 6 9 3 0 2 0 2 0 2 0 2 0 0 
1 59 13479994 1 0 0 1 0 3 18 21 1.5000 1.5000 3 2 2 4 5 0.1613 15 10 25 5 1.5000 0 0 1 1 0.0446 0.0298 1 1 10 5 0.6667 0.5000 1 0 1 0 0 0 1 1 0 0 0 0 2 1 4 7 4 4 3 5 6 8 9 2 1 2 1 2 1 1 1 1 1 0 

0 60 13479994 1 0 1 0 0 2 0 2 0 0 0 1 1 2 10 0.3226 21 18 39 3 1.1667 0 0 1 1 0.0625 0.0536 1 1 11 8 0.5238 0.4444 1 0 0 0 0 1 1 0 0 0 2 0 2 0 4 2 4 6 3 3 6 8 9 1 1 1 1 1 1 1 1 1 1 2 
0 60 13479994 0 1 1 0 0 7 18 25 2.5000 4 6.5000 1 2 3 4 0.1290 25 10 35 15 2.5000 0 0 1 1 0.0744 0.0298 1 1 21 6 0.8400 0.6000 1 0 1 0 0 0 1 1 0 0 0 0 1 0 4 4 2 1 2 2 3 5 6 1 1 1 1 1 1 1 1 2 1 2 
1 60 13479995 0 1 1 0 0 5 2 7 1.5000 0.5000 2 2 1 3 7 0.2258 29 16 45 13 1.8125 0 0 1 1 0.0863 0.0476 1 1 22 9 0.7586 0.5625 1 0 0 0 0 0 1 0 0 0 0 1 1 0 1 0 1 1 3 4 5 7 12 1 1 1 1 1 1 1 1 1 1 2 
1 60 13479995 1 0 1 0 0 5 1 6 1 1 2 2 1 3 11 0.3548 29 23 52 6 1.2609 0 0 1 1 0.0863 0.0685 1 1 18 12 0.6207 0.5217 1 0 0 0 0 1 1 0 0 0 2 0 2 0 4 4 4 12 3 4 6 9 12 1 2 2 1 1 1 1 2 2 1 1 
1 60 13479995 1 0 0 1 0 2 1 3 1 1 2 1 1 2 12 0.3871 17 12 29 5 1.4167 0 0 1 1 0.0506 0.0357 1 0 5 0 0.2941 0 1 0 0 0 0 0 1 0 0 0 0 0 2 2 3 2 3 2 2 4 7 6 9 3 0 2 0 2 0 2 0 2 0 0 
1 60 13479995 1 0 0 1 0 4 18 22 1.5000 1.5000 3 1 2 3 5 0.1613 15 10 25 5 1.5000 0 0 1 1 0.0446 0.0298 1 1 10 5 0.6667 0.5000 1 0 1 0 0 0 1 1 0 0 0 0 2 1 4 7 4 4 3 5 6 8 9 2 1 2 1 2 1 1 1 1 1 0 

0 61 13479995 1 0 1 0 0 2 0 2 0 0 0 1 1 2 10 0.3226 21 18 39 3 1.1667 0 0 1 1 0.0625 0.0536 1 1 11 8 0.5238 0.4444 1 0 0 0 0 0 1 0 0 0 0 1 2 0 5 0 6 4 3 3 6 8 9 1 1 1 1 1 1 1 1 1 1 2 
0 61 13479995 0 1 1 0 0 7 18 25 2.5000 4 6.5000 1 2 3 4 0.1290 25 10 35 15 2.5000 0 0 1 1 0.0744 0.0298 1 1 21 6 0.8400 0.6000 1 0 1 0 0 0 1 1 0 0 0 0 1 0 4 4 2 1 2 2 3 5 6 1 1 1 1 1 1 1 1 2 1 2 
1 61 13479996 1 0 1 0 0 6 3 9 2 2 4 1 1 2 7 0.2258 30 16 46 14 1.8750 1 0 1.0345 1 0.0893 0.0476 1 1 23 9 0.7667 0.5625 1 0 0 0 0 0 1 0 0 0 0 1 2 1 3 1 5 1 4 5 6 8 13 2 1 2 1 1 1 1 1 1 1 1 
1 61 13479996 1 0 0 1 0 2 1 3 1 1 2 1 1 2 12 0.3871 17 12 29 5 1.4167 0 0 1 1 0.0506 0.0357 1 0 5 0 0.2941 0 1 0 0 0 0 0 1 0 0 0 0 0 2 2 3 2 3 2 2 4 7 6 9 3 0 2 0 2 0 2 0 2 0 0 
1 61 13479996 1 0 0 1 0 4 18 22 1.5000 1.5000 3 1 2 3 5 0.1613 15 10 25 5 1.5000 0 0 1 1 0.0446 0.0298 1 1 10 5 0.6667 0.5000 1 0 1 0 0 0 1 1 0 0 0 0 2 1 4 7 4 4 3 5 6 8 9 2 1 2 1 2 1 1 1 1 1 0 

0 62 13479995 1 0 1 0 0 2 0 2 0 0 0 1 1 2 10 0.3226 21 18 39 3 1.1667 0 0 1 1 0.0625 0.0536 1 1 11 8 0.5238 0.4444 1 0 0 0 0 0 1 0 0 0 0 0 2 1 4 2 4 6 3 3 6 8 9 1 1 1 1 1 1 1 1 1 1 2 
0 62 13479996 0 1 1 0 0 7 18 25 2.5000 4 6.5000 1 2 3 4 0.1290 25 10 35 15 2.5000 0 0 1 1 0.0744 0.0298 1 1 21 6 0.8400 0.6000 1 0 1 0 0 0 1 1 0 0 0 0 1 0 4 4 2 1 2 2 3 5 6 1 1 1 1 1 1 1 1 2 1 2 
1 62 13479997 1 0 0 1 0 2 1 3 1 1 2 1 1 2 12 0.3871 17 12 29 5 1.4167 0 0 1 1 0.0506 0.0357 1 0 5 0 0.2941 0 1 0 0 0 0 0 1 0 0 0 0 0 2 2 3 2 3 2 2 4 7 6 9 3 0 2 0 2 0 2 0 2 0 0 
1 62 13479997 1 0 0 1 0 4 18 22 1.5000 1.5000 3 1 2 3 5 0.1613 15 10 25 5 1.5000 0 0 1 1 0.0446 0.0298 1 1 10 5 0.6667 0.5000 1 0 1 0 0 0 1 1 0 0 0 0 2 1 4 7 4 4 3 5 6 8 9 2 1 2 1 2 1 1 1 1 1 0 

0 63 13479995 1 0 1 0 0 2 0 2 0 0 0 1 1 2 10 0.3226 21 18 39 3 1.1667 0 0 1 1 0.0625 0.0536 1 1 11 8 0.5238 0.4444 1 0 0 0 0 0 1 0 0 0 0 0 2 1 4 2 4 6 3 3 6 8 9 1 1 1 1 1 1 1 1 1 1 2 
0 63 13479996 0 1 1 0 0 7 18 25 2.5000 4 6.5000 1 2 3 4 0.1290 25 10 35 15 2.5000 0 0 1 1 0.0744 0.0298 1 1 21 6 0.8400 0.6000 1 0 1 0 0 0 1 1 0 0 0 0 1 0 4 4 2 1 2 2 3 5 6 1 1 1 1 1 1 1 1 2 1 2 
1 63 13479997 1 0 0 1 0 4 18 22 1.5000 1.5000 3 1 2 3 5 0.1613 15 10 25 5 1.5000 0 0 1 1 0.0446 0.0298 1 1 10 5 0.6667 0.5000 1 0 1 0 0 0 1 1 0 0 0 0 2 1 4 7 4 4 3 5 6 8 9 2 1 2 1 2 1 1 1 1 1 0 
1 63 13479997 1 0 0 1 0 3 3 6 1 1 2 1 1 2 5 0.1613 17 15 32 2 1.1333 0 1 1 1.0714 0.0506 0.0446 1 1 12 10 0.7059 0.6667 1 0 0 0 0 0 1 0 0 0 0 0 2 0 4 3 9 8 4 6 8 12 12 1 2 1 2 1 3 1 4 1 5 0 

0 64 13479996 1 0 1 0 0 2 0 2 0 0 0 1 1 2 10 0.3226 21 18 39 3 1.1667 0 0 1 1 0.0625 0.0536 1 1 11 8 0.5238 0.4444 1 0 0 0 0 0 1 0 0 0 0 0 2 1 4 2 4 6 3 3 6 8 9 1 1 1 1 1 1 1 1 1 1 2 
0 64 13479997 0 1 1 0 0 7 19 26 2.5000 4 6.5000 1 1 2 4 0.1290 25 10 35 15 2.5000 0 0 1 1 0.0744 0.0298 1 1 21 6 0.8400 0.6000 1 0 0 0 0 0 1 0 0 0 0 0 1 0 4 4 2 1 2 2 3 5 6 1 1 1 1 1 1 1 1 2 1 2 
1 64 13479998 1 0 0 1 0 3 3 6 1 1 2 1 1 2 5 0.1613 17 15 32 2 1.1333 0 1 1 1.0714 0.0506 0.0446 1 1 12 10 0.7059 0.6667 1 0 0 0 0 0 1 0 0 0 0 0 2 0 4 3 9 8 4 6 8 12 12 1 2 1 2 1 3 1 4 1 5 0 

0 65 13479997 1 0 1 0 0 2 0 2 0 0 0 1 1 2 10 0.3226 21 18 39 3 1.1667 0 0 1 1 0.0625 0.0536 1 1 11 8 0.5238 0.4444 1 0 0 0 0 0 1 0 0 0 0 0 2 1 4 2 4 6 3 3 6 8 9 1 1 1 1 1 1 1 1 1 1 2 
1 65 13479998 0 1 1 0 0 7 19 26 2.5000 4 6.5000 1 1 2 4 0.1290 25 10 35 15 2.5000 0 0 1 1 0.0744 0.0298 1 1 21 6 0.8400 0.6000 1 0 0 0 0 0 1 0 0 0 0 0 1 0 4 4 2 1 2 2 3 5 6 1 1 1 1 1 1 1 1 2 1 2 

0 66 13559997 1 0 1 0 0 2 0 2 0 0 0 1 1 2 10 0.3226 21 18 39 3 1.1667 0 0 1 1 0.0621 0.0533 1 1 11 8 0.5238 0.4444 1 0 0 0 0 0 1 0 0 0 0 0 2 1 4 2 4 6 3 3 6 8 9 1 1 1 1 1 1 1 1 1 1 2 
1 66 13559998 1 0 1 0 0 20 8 28 4.5000 4.5000 9 1 1 2 4 0.1290 11 25 36 14 2.2727 1 0 1.1000 1 0.0325 0.0740 1 1 7 21 0.6364 0.8400 1 0 0 0 0 0 1 0 0 0 0 0 2 1 3 5 8 8 2 4 5 6 7 1 3 1 2 1 1 1 1 2 1 3 

0 67 13479997 1 0 1 0 0 2 0 2 0 0 0 1 1 2 10 0.3226 21 18 39 3 1.1667 0 0 1 1 0.0625 0.0536 1 1 11 8 0.5238 0.4444 1 0 0 0 0 0 1 0 0 0 0 0 2 1 4 2 4 6 3 3 6 8 9 1 1 1 1 1 1 1 1 1 1 2 
1 67 13479999 1 0 1 0 0 8 20 28 3 3 6 1 1 2 4 0.1290 26 10 36 16 2.6000 1 0 1.0400 1 0.0774 0.0298 1 1 22 6 0.8462 0.6000 1 0 0 0 0 0 1 0 0 0 0 0 2 1 6 5 5 3 3 3 5 8 9 2 1 2 1 1 1 1 1 1 1 1 

