0 1 12919991 1 0 1 0 0 0 0 0 0 0 0 1 2 3 13 0.4194 15 4 19 11 3.7500 0 0 1 1 0.0466 0.0124 1 0 2 -9.0000 0.1333 -2.2500 1 0 0 0 0 0 2 0 0 0 0 0 2 2 4 3 4 3 4 5 5 8 5 0 3 0 2 0 1 0 1 0 0 10 
1 1 12919992 1 0 1 0 0 0 0 0 0 0 0 2 2 4 15 0.4839 32 4 36 28 8 0 0 1 1 0.0994 0.0124 1 0 17 -11.0000 0.5312 -2.7500 1 1 0 0 0 0 2 0 0 2 0 0 2 4 4 4 5 6 3 4 5 7 9 0 1 0 1 0 1 0 1 0 1 2 
0 1 12919991 1 0 1 0 0 0 0 0 0 0 0 4 2 6 14 0.4516 24 4 28 20 6 0 0 1 1 0.0745 0.0124 1 0 10 -10.0000 0.4167 -2.5000 1 1 0 0 0 0 2 0 0 2 0 0 2 4 4 4 5 6 3 4 5 7 9 1 0 1 0 1 0 1 0 1 0 2 
0 1 12919991 0 1 1 0 0 0 0 0 0 0 0 3 4 7 18 0.5806 23 24 47 1 1.0435 0 0 1 1 0.0714 0.0745 1 1 5 6 0.2174 0.2500 1 0 0 0 0 0 1 0 0 0 0 0 1 1 1 1 1 2 3 5 8 10 9 2 1 1 1 1 1 1 1 1 1 2 
0 1 12919991 1 0 1 0 0 0 0 0 0 0 0 3 2 5 18 0.5806 23 32 55 9 1.3913 0 0 1 1 0.0714 0.0994 1 1 5 14 0.2174 0.4375 2 0 0 0 0 0 2 0 0 2 0 0 2 2 4 3 6 4 3 6 9 10 9 2 1 1 1 1 1 1 1 1 2 2 
0 1 12919990 0 1 1 0 0 0 0 0 0 0 0 2 1 3 17 0.5484 28 28 56 0 1 0 0 1 1 0.0870 0.0870 1 1 11 11 0.3929 0.3929 1 0 0 0 0 0 1 0 0 1 0 0 1 0 1 0 1 5 2 4 5 8 10 1 1 1 1 1 1 1 1 1 1 2 
0 1 12919990 0 1 1 0 0 0 0 0 0 0 0 2 4 6 3 0.0968 28 24 52 4 1.1667 0 0 1 1 0.0870 0.0745 1 1 25 21 0.8929 0.8750 1 1 0 0 0 0 2 0 0 0 0 0 1 2 1 1 1 1 2 3 3 4 6 1 1 1 1 1 1 1 1 1 1 2 
0 1 12919990 0 1 1 0 0 0 0 0 0 0 0 4 1 5 4 0.1290 24 23 47 1 1.0435 0 0 1 1 0.0745 0.0714 1 1 20 19 0.8333 0.8261 1 1 0 0 0 0 2 0 0 0 0 0 1 0 4 0 3 0 2 4 4 3 6 1 1 1 1 1 1 1 1 1 1 2 
1 1 12919992 1 0 0 1 0 0 0 0 0 0 0 1 2 3 28 0.9032 31 4 35 27 7.7500 0 0 1 1 0.0963 0.0124 1 0 3 -24.0000 0.0968 -6.0000 1 0 0 0 0 0 2 0 0 0 0 0 2 3 7 7 10 10 4 5 5 8 5 4 0 3 0 2 0 2 0 1 0 0 
0 1 12919991 0 1 0 1 0 0 0 0 0 0 0 3 1 4 8 0.2581 23 13 36 10 1.7692 0 0 1 1 0.0714 0.0404 1 1 15 5 0.6522 0.3846 1 0 0 0 0 0 1 0 0 1 0 0 1 0 3 0 2 1 2 3 5 6 6 1 1 2 1 2 1 2 1 1 1 0 

0 2 12919991 1 0 1 0 0 0 0 0 0 0 0 1 2 3 13 0.4062 15 4 19 11 3.7500 0 0 1 1 0.0466 0.0124 1 0 2 -9.0000 0.1333 -2.2500 1 0 0 0 0 0 2 0 0 0 0 0 2 2 4 3 4 3 4 5 5 8 5 0 3 0 2 0 1 0 1 0 0 10 
0 2 12919991 1 0 1 0 0 0 1 1 1 1 2 4 2 6 14 0.4375 24 4 28 20 6 0 0 1 1 0.0745 0.0124 1 0 10 -10.0000 0.4167 -2.5000 1 0 1 0 0 0 2 0 1 1 0 0 2 3 6 3 6 5 3 4 5 7 9 1 0 1 0 1 0 1 0 1 0 2 
0 2 12919991 0 1 1 0 0 0 0 0 0 0 0 3 4 7 18 0.5625 23 24 47 1 1.0435 0 0 1 1 0.0714 0.0745 1 1 5 6 0.2174 0.2500 1 0 0 0 0 1 1 0 0 0 1 0 1 0 1 0 2 1 3 5 8 10 9 2 1 1 1 1 1 1 1 1 1 2 
0 2 12919990 0 1 1 0 0 0 0 0 0 0 0 2 1 3 17 0.5312 28 28 56 0 1 0 0 1 1 0.0870 0.0870 1 1 11 11 0.3929 0.3929 1 0 0 0 0 0 1 0 0 1 0 0 1 0 1 0 1 5 2 4 5 8 10 1 1 1 1 1 1 1 1 1 1 2 
0 2 12919990 0 1 1 0 0 0 0 0 0 0 0 2 4 6 3 0.0938 28 24 52 4 1.1667 0 0 1 1 0.0870 0.0745 1 1 25 21 0.8929 0.8750 1 1 0 0 0 0 2 0 0 0 0 0 1 2 1 1 1 1 2 3 3 4 6 1 1 1 1 1 1 1 1 1 1 2 
0 2 12919990 0 1 1 0 0 0 0 0 0 0 0 4 1 5 4 0.1250 24 23 47 1 1.0435 0 0 1 1 0.0745 0.0714 1 1 20 19 0.8333 0.8261 1 1 0 0 0 0 2 0 0 0 0 0 1 0 4 0 3 0 2 4 4 3 6 1 1 1 1 1 1 1 1 1 1 2 
1 2 12919992 1 0 1 0 0 1 1 2 1 1 2 2 2 4 16 0.5000 33 4 37 29 8.2500 1 0 1.0312 1 0.1025 0.0124 1 0 17 -12.0000 0.5152 -3.0000 1 0 1 0 0 2 2 0 1 1 0 0 2 2 7 3 6 10 3 4 5 7 9 0 2 0 1 0 1 0 1 0 1 1 
1 2 12919992 0 1 1 0 0 1 0 1 0 0 0 2 3 5 19 0.5938 33 23 56 10 1.4348 1 0 1.0312 1 0.1025 0.0714 1 1 14 4 0.4242 0.1739 1 0 0 0 0 2 1 0 2 0 1 0 1 0 2 2 3 5 2 5 6 6 8 1 1 1 1 1 1 1 1 2 2 1 
1 2 12919992 1 0 0 1 0 0 0 0 0 0 0 1 2 3 28 0.8750 31 4 35 27 7.7500 0 0 1 1 0.0963 0.0124 1 0 3 -24.0000 0.0968 -6.0000 1 0 0 0 0 0 2 0 0 0 0 0 2 3 7 7 10 10 4 5 5 8 5 4 0 3 0 2 0 2 0 1 0 0 
0 2 12919991 0 1 0 1 0 0 0 0 0 0 0 3 1 4 8 0.2500 23 13 36 10 1.7692 0 0 1 1 0.0714 0.0404 1 1 15 5 0.6522 0.3846 1 0 0 0 0 0 1 0 0 1 0 0 1 0 3 0 2 1 2 3 5 6 6 1 1 2 1 2 1 2 1 1 1 0 

0 3 12919993 1 0 1 0 0 0 0 0 0 0 0 1 2 3 13 0.3939 15 4 19 11 3.7500 0 0 1 1 0.0466 0.0124 1 0 2 -9.0000 0.1333 -2.2500 1 0 0 0 0 0 2 0 0 0 0 0 2 2 4 3 4 3 4 5 5 8 5 0 3 0 2 0 1 0 1 0 0 10 
0 3 12919993 1 0 1 0 0 0 2 2 2 2 4 4 1 5 14 0.4242 24 4 28 20 6 0 0 1 1 0.0745 0.0124 1 0 10 -10.0000 0.4167 -2.5000 1 0 0 0 0 0 1 0 0 1 0 0 2 2 4 2 5 7 3 4 5 7 9 1 0 1 0 1 0 1 0 1 0 2 
0 3 12919993 0 1 1 0 0 0 0 0 0 0 0 2 4 6 18 0.5455 23 24 47 1 1.0435 0 0 1 1 0.0714 0.0745 1 1 5 6 0.2174 0.2500 1 0 0 0 0 0 1 0 0 0 0 0 1 0 1 4 1 3 3 5 8 10 9 2 1 1 1 1 1 1 1 1 1 2 
0 3 12919992 0 1 1 0 0 0 0 0 0 0 0 2 1 3 17 0.5152 28 28 56 0 1 0 0 1 1 0.0870 0.0870 1 1 11 11 0.3929 0.3929 1 0 0 0 0 0 1 0 0 1 0 0 1 0 1 0 1 5 2 4 5 8 10 1 1 1 1 1 1 1 1 1 1 2 
0 3 12919992 0 1 1 0 0 0 0 0 0 0 0 2 4 6 3 0.0909 28 24 52 4 1.1667 0 0 1 1 0.0870 0.0745 1 1 25 21 0.8929 0.8750 1 1 0 0 0 0 2 0 0 0 0 0 1 2 1 1 1 1 2 3 3 4 6 1 1 1 1 1 1 1 1 1 1 2 
0 3 12919992 0 1 1 0 0 0 0 0 0 0 0 4 1 5 4 0.1212 24 23 47 1 1.0435 0 0 1 1 0.0745 0.0714 1 1 20 19 0.8333 0.8261 1 1 0 0 0 0 2 0 0 0 0 0 1 0 4 0 3 0 2 4 4 3 6 1 1 1 1 1 1 1 1 1 1 2 
1 3 12919994 1 0 0 1 0 0 0 0 0 0 0 1 2 3 28 0.8485 31 4 35 27 7.7500 0 0 1 1 0.0963 0.0124 1 0 3 -24.0000 0.0968 -6.0000 1 0 0 0 0 0 2 0 0 0 0 0 2 3 7 7 10 10 4 5 5 8 5 4 0 3 0 2 0 2 0 1 0 0 
0 3 12919993 0 1 0 1 0 0 0 0 0 0 0 2 1 3 8 0.2424 23 13 36 10 1.7692 0 0 1 1 0.0714 0.0404 1 1 15 5 0.6522 0.3846 1 0 0 0 0 0 1 0 0 1 0 0 1 0 3 0 2 1 2 3 5 6 6 1 1 2 1 2 1 2 1 1 1 0 

1 4 12919994 1 0 1 0 0 0 1 1 1 1 2 1 1 2 13 0.3939 15 4 19 11 3.7500 0 0 1 1 0.0466 0.0124 1 0 2 -9.0000 0.1333 -2.2500 1 0 0 0 0 0 1 0 0 0 0 0 2 2 4 3 4 3 4 5 5 8 5 0 3 0 2 0 1 0 1 0 0 10 
1 4 12919994 1 0 1 0 0 0 2 2 2 2 4 4 1 5 14 0.4242 24 4 28 20 6 0 0 1 1 0.0745 0.0124 1 0 10 -10.0000 0.4167 -2.5000 1 0 0 0 0 0 1 0 0 1 0 0 2 2 4 2 5 7 3 4 5 7 9 1 0 1 0 1 0 1 0 1 0 2 
1 4 12919994 0 1 1 0 0 0 0 0 0 0 0 2 4 6 18 0.5455 23 24 47 1 1.0435 0 0 1 1 0.0714 0.0745 1 1 5 6 0.2174 0.2500 1 0 0 0 0 0 1 0 0 0 0 0 1 0 1 4 1 3 3 5 8 10 9 2 1 1 1 1 1 1 1 1 1 2 
0 4 12919993 0 1 1 0 0 0 0 0 0 0 0 2 1 3 17 0.5152 28 28 56 0 1 0 0 1 1 0.0870 0.0870 1 1 11 11 0.3929 0.3929 1 0 0 0 0 0 1 0 0 1 0 0 1 0 1 0 1 5 2 4 5 8 10 1 1 1 1 1 1 1 1 1 1 2 
0 4 12919993 0 1 1 0 0 0 0 0 0 0 0 2 4 6 3 0.0909 28 24 52 4 1.1667 0 0 1 1 0.0870 0.0745 1 1 25 21 0.8929 0.8750 1 1 0 0 0 0 2 0 0 0 0 0 1 2 1 1 1 1 2 3 3 4 6 1 1 1 1 1 1 1 1 1 1 2 
0 4 12919993 0 1 1 0 0 0 0 0 0 0 0 4 1 5 4 0.1212 24 23 47 1 1.0435 0 0 1 1 0.0745 0.0714 1 1 20 19 0.8333 0.8261 1 1 0 0 0 0 2 0 0 0 0 0 1 0 4 0 3 0 2 4 4 3 6 1 1 1 1 1 1 1 1 1 1 2 
1 4 12919994 0 1 0 1 0 0 0 0 0 0 0 2 1 3 8 0.2424 23 13 36 10 1.7692 0 0 1 1 0.0714 0.0404 1 1 15 5 0.6522 0.3846 1 0 0 0 0 0 1 0 0 1 0 0 1 0 3 0 2 1 2 3 5 6 6 1 1 2 1 2 1 2 1 1 1 0 

1 5 12919994 1 0 1 0 0 0 2 2 2 2 4 4 1 5 14 0.4242 24 4 28 20 6 0 0 1 1 0.0745 0.0124 1 0 10 -10.0000 0.4167 -2.5000 1 0 0 0 0 0 1 0 0 1 0 0 2 2 4 2 5 7 3 4 5 7 9 1 0 1 0 1 0 1 0 1 0 2 
1 5 12919994 0 1 1 0 0 0 0 0 0 0 0 2 4 6 18 0.5455 23 24 47 1 1.0435 0 0 1 1 0.0714 0.0745 1 1 5 6 0.2174 0.2500 1 0 0 0 0 0 1 0 0 0 0 0 1 0 1 4 1 3 3 5 8 10 9 2 1 1 1 1 1 1 1 1 1 2 
0 5 12919993 0 1 1 0 0 0 0 0 0 0 0 2 1 3 17 0.5152 28 28 56 0 1 0 0 1 1 0.0870 0.0870 1 1 11 11 0.3929 0.3929 1 0 0 0 0 0 1 0 0 1 0 0 1 0 1 0 1 5 2 4 5 8 10 1 1 1 1 1 1 1 1 1 1 2 
0 5 12919993 0 1 1 0 0 0 0 0 0 0 0 2 4 6 3 0.0909 28 24 52 4 1.1667 0 0 1 1 0.0870 0.0745 1 1 25 21 0.8929 0.8750 1 1 0 0 0 0 2 0 0 0 0 0 1 2 1 1 1 1 2 3 3 4 6 1 1 1 1 1 1 1 1 1 1 2 
0 5 12919993 0 1 1 0 0 0 0 0 0 0 0 4 1 5 4 0.1212 24 23 47 1 1.0435 0 0 1 1 0.0745 0.0714 1 1 20 19 0.8333 0.8261 1 1 0 0 0 0 2 0 0 0 0 0 1 0 4 0 3 0 2 4 4 3 6 1 1 1 1 1 1 1 1 1 1 2 
1 5 12919994 1 0 1 0 0 1 2 3 2 2 4 1 1 2 14 0.4242 16 4 20 12 4 1 0 1.0667 1 0.0497 0.0124 1 0 2 -10.0000 0.1250 -2.5000 1 0 0 0 0 0 1 0 0 0 0 0 2 2 4 4 3 4 4 5 5 8 5 0 5 0 2 0 1 0 1 0 0 9 
1 5 12919994 0 1 0 1 0 0 0 0 0 0 0 2 1 3 8 0.2424 23 13 36 10 1.7692 0 0 1 1 0.0714 0.0404 1 1 15 5 0.6522 0.3846 1 0 0 0 0 0 1 0 0 1 0 0 1 0 3 0 2 1 2 3 5 6 6 1 1 2 1 2 1 2 1 1 1 0 

0 6 12919993 0 1 1 0 0 0 0 0 0 0 0 2 1 3 17 0.5152 28 28 56 0 1 0 0 1 1 0.0870 0.0870 1 1 11 11 0.3929 0.3929 1 0 0 0 0 0 1 0 0 1 0 0 1 0 1 0 1 5 2 4 5 8 10 1 1 1 1 1 1 1 1 1 1 2 
0 6 12919994 1 0 1 0 0 1 2 3 2 2 4 1 1 2 14 0.4242 16 4 20 12 4 1 0 1.0667 1 0.0497 0.0124 1 0 2 -10.0000 0.1250 -2.5000 1 0 0 0 0 0 1 0 0 0 0 0 2 2 4 4 3 4 4 5 5 8 5 0 5 0 2 0 1 0 1 0 0 9 
1 6 12919995 1 0 1 0 0 1 3 4 3 3 6 4 1 5 15 0.4545 25 4 29 21 6.2500 1 0 1.0417 1 0.0776 0.0124 1 0 10 -11.0000 0.4000 -2.7500 1 0 0 0 0 0 1 0 0 1 0 0 2 2 4 3 4 5 3 4 5 7 9 2 0 1 0 1 0 1 0 1 0 1 
1 6 12919995 1 0 1 0 0 1 0 1 0 0 0 4 2 6 18 0.5455 25 23 48 2 1.0870 1 0 1.0417 1 0.0776 0.0714 1 1 7 5 0.2800 0.2174 1 0 0 0 0 0 1 0 0 1 0 0 2 0 4 1 11 2 3 6 9 10 9 2 1 1 1 1 1 1 1 1 1 1 
0 6 12919994 0 1 0 1 0 0 0 0 0 0 0 2 1 3 8 0.2424 23 13 36 10 1.7692 0 0 1 1 0.0714 0.0404 1 1 15 5 0.6522 0.3846 1 0 0 0 0 0 1 0 0 1 0 0 1 0 3 0 2 1 2 3 5 6 6 1 1 2 1 2 1 2 1 1 1 0 
0 6 12919993 0 1 0 1 0 1 0 1 0 0 0 4 2 6 3 0.0909 25 28 53 3 1.1200 1 0 1.0417 1 0.0776 0.0870 1 1 22 25 0.8800 0.8929 1 0 0 0 0 0 1 0 0 0 0 0 1 0 1 0 1 0 2 3 3 6 10 1 2 1 2 1 2 1 2 1 2 1 
0 6 12919993 0 1 0 1 0 1 0 1 0 0 0 4 1 5 4 0.1212 25 23 48 2 1.0870 1 0 1.0417 1 0.0776 0.0714 1 1 21 19 0.8400 0.8261 1 1 0 0 0 0 2 0 0 0 0 0 1 0 4 0 3 0 2 4 4 3 6 2 1 2 1 2 1 2 1 2 1 1 

0 7 12919995 0 1 1 0 0 0 0 0 0 0 0 2 1 3 17 0.5152 28 28 56 0 1 0 0 1 1 0.0870 0.0870 1 1 11 11 0.3929 0.3929 1 0 0 0 0 0 1 0 0 1 0 0 1 0 1 0 1 5 2 4 5 8 10 1 1 1 1 1 1 1 1 1 1 2 
0 7 12919996 1 0 1 0 0 1 2 3 2 2 4 1 1 2 14 0.4242 16 4 20 12 4 1 0 1.0667 1 0.0497 0.0124 1 0 2 -10.0000 0.1250 -2.5000 1 0 0 0 0 0 1 0 0 0 0 0 2 2 4 4 3 4 4 5 5 8 5 0 5 0 2 0 1 0 1 0 0 9 
0 7 12919996 0 1 0 1 0 0 0 0 0 0 0 1 1 2 8 0.2424 23 13 36 10 1.7692 0 0 1 1 0.0714 0.0404 1 1 15 5 0.6522 0.3846 1 0 0 0 0 0 1 0 0 1 0 0 1 0 3 0 2 1 2 3 5 6 6 1 1 2 1 2 1 2 1 1 1 0 
0 7 12919995 0 1 0 1 0 2 0 2 0 0 0 2 2 4 3 0.0909 26 28 54 2 1.0769 2 0 1.0833 1 0.0807 0.0870 1 1 23 25 0.8846 0.8929 1 0 0 0 0 0 1 0 0 0 0 0 1 0 1 0 1 0 2 3 3 6 10 1 3 1 5 1 5 1 6 1 6 0 
1 7 12959995 0 1 0 1 0 2 0 2 0 0 0 2 1 3 4 0.1212 26 23 49 3 1.1304 2 0 1.0833 1 0.0807 0.0714 1 1 22 19 0.8462 0.8261 1 1 0 0 0 0 2 0 0 0 0 0 1 0 4 0 3 0 2 4 4 3 6 5 1 5 1 6 1 6 1 5 1 0 

0 8 12959994 0 1 1 0 0 0 0 0 0 0 0 1 1 2 17 0.5152 28 28 56 0 1 0 0 1 1 0.0867 0.0867 1 1 11 11 0.3929 0.3929 1 0 0 0 0 0 1 0 0 1 0 0 1 0 1 0 1 5 2 4 5 8 10 1 1 1 1 1 1 1 1 1 1 2 
1 8 12959995 1 0 1 0 0 1 2 3 2 2 4 1 1 2 14 0.4242 16 4 20 12 4 1 0 1.0667 1 0.0495 0.0124 1 0 2 -10.0000 0.1250 -2.5000 1 0 0 0 0 0 1 0 0 0 0 1 2 2 4 4 3 4 4 5 5 8 5 0 5 0 2 0 1 0 1 0 0 9 
1 8 12959995 1 0 1 0 0 3 0 3 0 0 0 3 1 4 22 0.6667 26 25 51 1 1.0400 2 0 1.0833 1 0.0805 0.0774 1 1 4 3 0.1538 0.1200 1 0 0 0 0 0 1 0 0 1 0 1 2 1 4 3 4 7 4 6 12 10 8 2 1 2 1 1 1 1 2 1 1 1 
1 8 12959995 0 1 0 1 0 0 0 0 0 0 0 2 1 3 8 0.2424 23 13 36 10 1.7692 0 0 1 1 0.0712 0.0402 1 1 15 5 0.6522 0.3846 1 0 0 0 0 0 1 0 0 1 0 0 1 0 3 0 2 1 2 3 5 6 6 1 1 2 1 2 1 2 1 1 1 0 
1 8 12959995 1 0 0 1 0 3 4 7 4 4 8 3 1 4 16 0.4848 26 4 30 22 6.5000 2 0 1.0833 1 0.0805 0.0124 1 0 10 -12.0000 0.3846 -3.0000 1 0 0 0 0 1 1 0 1 0 0 0 2 2 4 2 5 10 3 4 5 7 9 4 0 3 0 3 0 2 0 2 0 0 
1 8 12959995 0 1 0 1 0 3 0 3 0 0 0 3 2 5 19 0.5758 26 23 49 3 1.1304 2 0 1.0833 1 0.0805 0.0712 1 1 7 4 0.2692 0.1739 1 0 0 0 0 1 1 0 1 0 0 0 1 0 2 2 5 3 2 5 6 6 8 1 2 1 2 1 2 1 2 2 2 0 

0 9 12959995 0 1 1 0 0 0 0 0 0 0 0 2 1 3 17 0.5152 28 28 56 0 1 0 0 1 1 0.0867 0.0867 1 1 11 11 0.3929 0.3929 1 0 0 0 0 0 1 0 0 1 0 0 1 0 1 0 1 5 2 4 5 8 10 1 1 1 1 1 1 1 1 1 1 2 
1 9 12959996 1 0 1 0 0 1 2 3 2 2 4 1 1 2 14 0.4242 16 4 20 12 4 1 0 1.0667 1 0.0495 0.0124 1 0 2 -10.0000 0.1250 -2.5000 1 0 0 0 0 0 1 0 0 0 0 0 2 2 4 4 3 4 4 5 5 8 5 0 5 0 2 0 1 0 1 0 0 9 
1 9 12959996 0 1 0 1 0 0 0 0 0 0 0 1 1 2 8 0.2424 23 13 36 10 1.7692 0 0 1 1 0.0712 0.0402 1 1 15 5 0.6522 0.3846 1 0 0 0 0 0 1 0 0 1 0 0 1 0 3 0 2 1 2 3 5 6 6 1 1 2 1 2 1 2 1 1 1 0 
0 9 12959995 0 1 0 1 0 3 0 3 0 0.5000 0.5000 2 2 4 3 0.0909 26 28 54 2 1.0769 2 0 1.0833 1 0.0805 0.0867 1 1 23 25 0.8846 0.8929 1 0 0 0 0 0 1 0 0 0 0 0 1 0 1 0 1 0 2 3 3 6 10 1 3 1 5 1 5 1 6 1 6 0 
0 9 12959995 1 0 0 1 0 1 3 4 0.5000 0.5000 1 1 2 3 4 0.1212 24 26 50 2 1.0833 1 2 1.0435 1.0833 0.0743 0.0805 1 1 20 22 0.8333 0.8462 1 0 1 0 0 0 1 1 0 0 0 0 2 1 3 4 3 6 3 4 7 9 5 5 2 5 2 6 1 6 1 5 1 0 

0 10 12959995 0 1 1 0 0 0 0 0 0 0 0 2 1 3 17 0.5152 28 28 56 0 1 0 0 1 1 0.0867 0.0867 1 1 11 11 0.3929 0.3929 1 0 0 0 0 0 1 0 0 1 0 0 1 0 1 0 1 5 2 4 5 8 10 1 1 1 1 1 1 1 1 1 1 2 
1 10 12959996 1 0 1 0 0 2 3 5 3 3 6 1 1 2 15 0.4545 17 4 21 13 4.2500 2 0 1.1333 1 0.0526 0.0124 1 0 2 -11.0000 0.1176 -2.7500 1 0 0 0 0 0 1 0 0 0 0 0 2 2 4 4 3 5 4 5 5 8 5 0 5 0 2 0 1 0 1 0 0 8 
1 10 12959996 0 1 0 1 0 0 0 0 0 0 0 1 1 2 8 0.2424 23 13 36 10 1.7692 0 0 1 1 0.0712 0.0402 1 1 15 5 0.6522 0.3846 1 0 0 0 0 0 1 0 0 1 0 0 1 0 3 0 2 1 2 3 5 6 6 1 1 2 1 2 1 2 1 1 1 0 
0 10 12959995 0 1 0 1 0 3 0 3 0 0.5000 0.5000 2 2 4 3 0.0909 26 28 54 2 1.0769 2 0 1.0833 1 0.0805 0.0867 1 1 23 25 0.8846 0.8929 1 0 0 0 0 0 1 0 0 0 0 0 1 0 1 0 1 0 2 3 3 6 10 1 3 1 5 1 5 1 6 1 6 0 
0 10 12959995 1 0 0 1 0 1 3 4 0.5000 0.5000 1 1 2 3 4 0.1212 24 26 50 2 1.0833 1 2 1.0435 1.0833 0.0743 0.0805 1 1 20 22 0.8333 0.8462 1 0 1 0 0 0 1 1 0 0 0 0 2 1 3 4 3 6 3 4 7 9 5 5 2 5 2 6 1 6 1 5 1 0 

0 11 12959995 0 1 1 0 0 0 0 0 0 0 0 2 1 3 17 0.5152 28 28 56 0 1 0 0 1 1 0.0867 0.0867 1 1 11 11 0.3929 0.3929 1 0 0 0 0 0 1 0 0 1 0 0 1 0 1 0 1 5 2 4 5 8 10 1 1 1 1 1 1 1 1 1 1 2 
1 11 12959996 1 0 1 0 0 3 4 7 4 4 8 1 1 2 16 0.4848 18 4 22 14 4.5000 3 0 1.2000 1 0.0557 0.0124 1 0 2 -12.0000 0.1111 -3.0000 1 0 0 0 0 0 1 0 0 0 0 0 2 2 4 4 3 5 4 5 5 8 5 0 5 0 2 0 1 0 1 0 0 7 
1 11 12959996 0 1 0 1 0 0 0 0 0 0 0 1 1 2 8 0.2424 23 13 36 10 1.7692 0 0 1 1 0.0712 0.0402 1 1 15 5 0.6522 0.3846 1 0 0 0 0 0 1 0 0 1 0 0 1 0 3 0 2 1 2 3 5 6 6 1 1 2 1 2 1 2 1 1 1 0 
0 11 12959995 0 1 0 1 0 3 0 3 0 0.5000 0.5000 2 2 4 3 0.0909 26 28 54 2 1.0769 2 0 1.0833 1 0.0805 0.0867 1 1 23 25 0.8846 0.8929 1 0 0 0 0 0 1 0 0 0 0 0 1 0 1 0 1 0 2 3 3 6 10 1 3 1 5 1 5 1 6 1 6 0 
0 11 12959995 1 0 0 1 0 1 3 4 0.5000 0.5000 1 1 2 3 4 0.1212 24 26 50 2 1.0833 1 2 1.0435 1.0833 0.0743 0.0805 1 1 20 22 0.8333 0.8462 1 0 1 0 0 0 1 1 0 0 0 0 2 1 3 4 3 6 3 4 7 9 5 5 2 5 2 6 1 6 1 5 1 0 

0 12 12959995 0 1 1 0 0 0 0 0 0 0 0 2 1 3 17 0.5152 28 28 56 0 1 0 0 1 1 0.0867 0.0867 1 1 11 11 0.3929 0.3929 1 0 0 0 0 0 1 0 0 1 0 0 1 0 1 0 1 5 2 4 5 8 10 1 1 1 1 1 1 1 1 1 1 2 
1 12 12959996 1 0 1 0 0 4 5 9 5 5 10 1 1 2 17 0.5152 19 4 23 15 4.7500 4 0 1.2667 1 0.0588 0.0124 1 0 2 -13.0000 0.1053 -3.2500 1 0 0 0 0 0 1 0 0 0 0 0 2 2 4 4 3 5 4 5 5 8 5 0 5 0 2 0 1 0 1 0 0 6 
1 12 12959996 0 1 0 1 0 0 0 0 0 0 0 1 1 2 8 0.2424 23 13 36 10 1.7692 0 0 1 1 0.0712 0.0402 1 1 15 5 0.6522 0.3846 1 0 0 0 0 0 1 0 0 1 0 0 1 0 3 0 2 1 2 3 5 6 6 1 1 2 1 2 1 2 1 1 1 0 
0 12 12959995 0 1 0 1 0 3 0 3 0 0.5000 0.5000 2 2 4 3 0.0909 26 28 54 2 1.0769 2 0 1.0833 1 0.0805 0.0867 1 1 23 25 0.8846 0.8929 1 0 0 0 0 0 1 0 0 0 0 0 1 0 1 0 1 0 2 3 3 6 10 1 3 1 5 1 5 1 6 1 6 0 
0 12 12959995 1 0 0 1 0 1 3 4 0.5000 0.5000 1 1 2 3 4 0.1212 24 26 50 2 1.0833 1 2 1.0435 1.0833 0.0743 0.0805 1 1 20 22 0.8333 0.8462 1 0 1 0 0 0 1 1 0 0 0 0 2 1 3 4 3 6 3 4 7 9 5 5 2 5 2 6 1 6 1 5 1 0 

0 13 12959995 0 1 1 0 0 0 0 0 0 0 0 2 1 3 17 0.5152 28 28 56 0 1 0 0 1 1 0.0867 0.0867 1 1 11 11 0.3929 0.3929 1 0 0 0 0 0 1 0 0 1 0 0 1 0 1 0 1 5 2 4 5 8 10 1 1 1 1 1 1 1 1 1 1 2 
1 13 12959996 1 0 1 0 0 5 6 11 6 6 12 1 1 2 18 0.5455 20 4 24 16 5 5 0 1.3333 1 0.0619 0.0124 1 0 2 -14.0000 0.1000 -3.5000 1 0 0 0 0 0 1 0 0 0 0 0 2 2 4 4 3 9 4 5 5 8 5 0 5 0 2 0 1 0 1 0 0 5 
1 13 12959996 0 1 0 1 0 0 0 0 0 0 0 1 1 2 8 0.2424 23 13 36 10 1.7692 0 0 1 1 0.0712 0.0402 1 1 15 5 0.6522 0.3846 1 0 0 0 0 0 1 0 0 1 0 0 1 0 3 0 2 1 2 3 5 6 6 1 1 2 1 2 1 2 1 1 1 0 
0 13 12959995 0 1 0 1 0 3 0 3 0 0.5000 0.5000 2 2 4 3 0.0909 26 28 54 2 1.0769 2 0 1.0833 1 0.0805 0.0867 1 1 23 25 0.8846 0.8929 1 0 0 0 0 0 1 0 0 0 0 0 1 0 1 0 1 0 2 3 3 6 10 1 3 1 5 1 5 1 6 1 6 0 
0 13 12959995 1 0 0 1 0 1 3 4 0.5000 0.5000 1 1 2 3 4 0.1212 24 26 50 2 1.0833 1 2 1.0435 1.0833 0.0743 0.0805 1 1 20 22 0.8333 0.8462 1 0 1 0 0 0 1 1 0 0 0 0 2 1 3 4 3 6 3 4 7 9 5 5 2 5 2 6 1 6 1 5 1 0 

0 14 12959995 0 1 1 0 0 0 0 0 0 0 0 2 1 3 17 0.5152 28 28 56 0 1 0 0 1 1 0.0867 0.0867 1 1 11 11 0.3929 0.3929 1 0 0 0 0 0 1 0 0 1 0 0 1 0 1 0 1 5 2 4 5 8 10 1 1 1 1 1 1 1 1 1 1 2 
1 14 12959996 1 0 1 0 0 6 7 13 7 7 14 1 1 2 19 0.5758 21 4 25 17 5.2500 6 0 1.4000 1 0.0650 0.0124 1 0 2 -15.0000 0.0952 -3.7500 1 0 0 0 0 0 1 0 0 0 0 0 2 2 4 4 7 5 4 5 5 8 5 0 5 0 2 0 1 0 1 0 0 4 
1 14 12959996 0 1 0 1 0 0 0 0 0 0 0 1 1 2 8 0.2424 23 13 36 10 1.7692 0 0 1 1 0.0712 0.0402 1 1 15 5 0.6522 0.3846 1 0 0 0 0 0 1 0 0 1 0 0 1 0 3 0 2 1 2 3 5 6 6 1 1 2 1 2 1 2 1 1 1 0 
0 14 12959995 0 1 0 1 0 3 0 3 0 0.5000 0.5000 2 2 4 3 0.0909 26 28 54 2 1.0769 2 0 1.0833 1 0.0805 0.0867 1 1 23 25 0.8846 0.8929 1 0 0 0 0 0 1 0 0 0 0 0 1 0 1 0 1 0 2 3 3 6 10 1 3 1 5 1 5 1 6 1 6 0 
0 14 12959995 1 0 0 1 0 1 3 4 0.5000 0.5000 1 1 2 3 4 0.1212 24 26 50 2 1.0833 1 2 1.0435 1.0833 0.0743 0.0805 1 1 20 22 0.8333 0.8462 1 0 1 0 0 0 1 1 0 0 0 0 2 1 3 4 3 6 3 4 7 9 5 5 2 5 2 6 1 6 1 5 1 0 

0 15 12959995 0 1 1 0 0 0 0 0 0 0 0 2 1 3 17 0.5152 28 28 56 0 1 0 0 1 1 0.0867 0.0867 1 1 11 11 0.3929 0.3929 1 0 0 0 0 0 1 0 0 1 0 0 1 0 1 0 1 5 2 4 5 8 10 1 1 1 1 1 1 1 1 1 1 2 
1 15 12959996 1 0 1 0 0 7 8 15 8 8 16 1 1 2 20 0.6061 22 4 26 18 5.5000 7 0 1.4667 1 0.0681 0.0124 1 0 2 -16.0000 0.0909 -4.0000 1 0 0 0 0 0 1 0 0 0 0 0 2 2 4 7 3 10 4 5 5 8 5 0 5 0 2 0 1 0 1 0 0 3 
1 15 12959996 0 1 0 1 0 0 0 0 0 0 0 1 1 2 8 0.2424 23 13 36 10 1.7692 0 0 1 1 0.0712 0.0402 1 1 15 5 0.6522 0.3846 1 0 0 0 0 0 1 0 0 1 0 0 1 0 3 0 2 1 2 3 5 6 6 1 1 2 1 2 1 2 1 1 1 0 
0 15 12959995 0 1 0 1 0 3 0 3 0 0.5000 0.5000 2 2 4 3 0.0909 26 28 54 2 1.0769 2 0 1.0833 1 0.0805 0.0867 1 1 23 25 0.8846 0.8929 1 0 0 0 0 0 1 0 0 0 0 0 1 0 1 0 1 0 2 3 3 6 10 1 3 1 5 1 5 1 6 1 6 0 
0 15 12959995 1 0 0 1 0 1 3 4 0.5000 0.5000 1 1 2 3 4 0.1212 24 26 50 2 1.0833 1 2 1.0435 1.0833 0.0743 0.0805 1 1 20 22 0.8333 0.8462 1 0 1 0 0 0 1 1 0 0 0 0 2 1 3 4 3 6 3 4 7 9 5 5 2 5 2 6 1 6 1 5 1 0 

0 16 12959995 0 1 1 0 0 0 0 0 0 0 0 2 1 3 17 0.5152 28 28 56 0 1 0 0 1 1 0.0867 0.0867 1 1 11 11 0.3929 0.3929 1 0 0 0 0 0 1 0 0 1 0 0 1 0 1 0 1 5 2 4 5 8 10 1 1 1 1 1 1 1 1 1 1 2 
1 16 12959996 1 0 1 0 0 8 9 17 9 9 18 1 1 2 21 0.6364 23 4 27 19 5.7500 8 0 1.5333 1 0.0712 0.0124 1 0 2 -17.0000 0.0870 -4.2500 1 0 0 0 0 0 1 0 0 0 0 0 2 2 6 4 7 4 4 5 5 8 5 0 5 0 2 0 1 0 1 0 0 2 
1 16 12959996 0 1 0 1 0 0 0 0 0 0 0 1 1 2 8 0.2424 23 13 36 10 1.7692 0 0 1 1 0.0712 0.0402 1 1 15 5 0.6522 0.3846 1 0 0 0 0 0 1 0 0 1 0 0 1 0 3 0 2 1 2 3 5 6 6 1 1 2 1 2 1 2 1 1 1 0 
0 16 12959995 0 1 0 1 0 3 0 3 0 0.5000 0.5000 2 2 4 3 0.0909 26 28 54 2 1.0769 2 0 1.0833 1 0.0805 0.0867 1 1 23 25 0.8846 0.8929 1 0 0 0 0 0 1 0 0 0 0 0 1 0 1 0 1 0 2 3 3 6 10 1 3 1 5 1 5 1 6 1 6 0 
0 16 12959995 1 0 0 1 0 1 3 4 0.5000 0.5000 1 1 2 3 4 0.1212 24 26 50 2 1.0833 1 2 1.0435 1.0833 0.0743 0.0805 1 1 20 22 0.8333 0.8462 1 0 1 0 0 0 1 1 0 0 0 0 2 1 3 4 3 6 3 4 7 9 5 5 2 5 2 6 1 6 1 5 1 0 

0 17 12959995 0 1 1 0 0 0 0 0 0 0 0 2 1 3 17 0.5152 28 28 56 0 1 0 0 1 1 0.0867 0.0867 1 1 11 11 0.3929 0.3929 1 0 0 0 0 0 1 0 0 1 0 0 1 0 1 0 1 5 2 4 5 8 10 1 1 1 1 1 1 1 1 1 1 2 
1 17 12959996 1 0 1 0 0 9 10 19 10 10 20 1 1 2 22 0.6667 24 4 28 20 6 9 0 1.6000 1 0.0743 0.0124 1 0 2 -18.0000 0.0833 -4.5000 1 0 0 0 0 0 1 0 0 0 0 0 2 3 4 7 3 12 4 5 5 8 5 0 5 0 2 0 1 0 1 0 0 1 
1 17 12959996 0 1 0 1 0 0 0 0 0 0 0 1 1 2 8 0.2424 23 13 36 10 1.7692 0 0 1 1 0.0712 0.0402 1 1 15 5 0.6522 0.3846 1 0 0 0 0 0 1 0 0 1 0 0 1 0 3 0 2 1 2 3 5 6 6 1 1 2 1 2 1 2 1 1 1 0 
0 17 12959995 0 1 0 1 0 3 0 3 0 0.5000 0.5000 2 2 4 3 0.0909 26 28 54 2 1.0769 2 0 1.0833 1 0.0805 0.0867 1 1 23 25 0.8846 0.8929 1 0 0 0 0 0 1 0 0 0 0 0 1 0 1 0 1 0 2 3 3 6 10 1 3 1 5 1 5 1 6 1 6 0 
0 17 12959995 1 0 0 1 0 1 3 4 0.5000 0.5000 1 1 2 3 4 0.1212 24 26 50 2 1.0833 1 2 1.0435 1.0833 0.0743 0.0805 1 1 20 22 0.8333 0.8462 1 0 1 0 0 0 1 1 0 0 0 0 2 1 3 4 3 6 3 4 7 9 5 5 2 5 2 6 1 6 1 5 1 0 

0 18 12959995 0 1 1 0 0 0 0 0 0 0 0 2 1 3 17 0.5152 28 28 56 0 1 0 0 1 1 0.0867 0.0867 1 1 11 11 0.3929 0.3929 1 0 0 0 0 0 1 0 0 1 0 0 1 0 1 0 1 5 2 4 5 8 10 1 1 1 1 1 1 1 1 1 1 2 
0 18 12959996 0 1 0 1 0 0 0 0 0 0 0 1 1 2 8 0.2424 23 13 36 10 1.7692 0 0 1 1 0.0712 0.0402 1 1 15 5 0.6522 0.3846 1 0 0 0 0 0 1 0 0 1 0 0 1 0 3 0 2 1 2 3 5 6 6 1 1 2 1 2 1 2 1 1 1 0 
0 18 12959995 0 1 0 1 0 3 0 3 0 0.5000 0.5000 2 2 4 3 0.0909 26 28 54 2 1.0769 2 0 1.0833 1 0.0805 0.0867 1 1 23 25 0.8846 0.8929 1 0 0 0 0 0 1 0 0 0 0 0 1 0 1 0 1 0 2 3 3 6 10 1 3 1 5 1 5 1 6 1 6 0 
0 18 12959995 1 0 0 1 0 1 3 4 0.5000 0.5000 1 1 2 3 4 0.1212 24 26 50 2 1.0833 1 2 1.0435 1.0833 0.0743 0.0805 1 1 20 22 0.8333 0.8462 1 0 1 0 0 0 1 1 0 0 0 0 2 1 3 4 3 6 3 4 7 9 5 5 2 5 2 6 1 6 1 5 1 0 
1 18 12999996 1 0 0 1 0 10 11 21 11 11 22 1 1 2 23 0.6970 25 4 29 21 6.2500 10 0 1.6667 1 0.0774 0.0124 1 0 2 -19.0000 0.0800 -4.7500 1 0 0 0 0 0 1 0 0 0 0 0 2 2 7 4 7 8 4 5 5 8 5 0 6 0 4 0 2 0 1 0 0 0 

0 19 12999995 0 1 1 0 0 0 0 0 0 0 0 2 1 3 17 0.5152 28 28 56 0 1 0 0 1 1 0.0864 0.0864 1 1 11 11 0.3929 0.3929 1 0 0 0 0 0 1 0 0 1 0 0 1 0 1 0 1 5 2 4 5 8 10 1 1 1 1 1 1 1 1 1 1 2 
0 19 12999995 0 1 1 0 0 11 4 15 4 0 4 1 1 2 3 0.0909 25 4 29 21 6.2500 10 0 1.6667 1 0.0772 0.0123 1 1 22 1 0.8800 0.2500 1 0 0 0 0 0 1 0 0 0 0 0 1 1 1 1 1 1 2 2 3 4 4 1 1 1 1 1 1 0 1 0 1 1 
1 19 12999996 0 1 0 1 0 0 0 0 0 0 0 1 1 2 8 0.2424 23 13 36 10 1.7692 0 0 1 1 0.0710 0.0401 1 1 15 5 0.6522 0.3846 1 0 0 0 0 0 1 0 0 1 0 0 1 0 3 0 2 1 2 3 5 6 6 1 1 2 1 2 1 2 1 1 1 0 
0 19 12999995 0 1 0 1 0 3 0 3 0 0.5000 0.5000 2 2 4 3 0.0909 26 28 54 2 1.0769 2 0 1.0833 1 0.0802 0.0864 1 1 23 25 0.8846 0.8929 1 0 0 0 0 0 1 0 0 0 0 0 1 0 1 0 1 0 2 3 3 6 10 1 3 1 5 1 5 1 6 1 6 0 
0 19 12999995 1 0 0 1 0 1 3 4 0.5000 0.5000 1 1 2 3 4 0.1212 24 26 50 2 1.0833 1 2 1.0435 1.0833 0.0741 0.0802 1 1 20 22 0.8333 0.8462 1 0 1 0 0 0 1 1 0 0 0 0 2 1 3 4 3 6 3 4 7 9 5 5 2 5 2 6 1 6 1 5 1 0 

1 20 12959995 1 0 1 0 0 3 4 7 4 4 8 4 1 5 14 0.4242 24 4 28 20 6 0 0 1 1 0.0743 0.0124 1 0 10 -10.0000 0.4167 -2.5000 1 0 0 0 0 0 1 0 0 1 0 0 2 2 4 2 5 7 3 4 5 7 9 1 0 1 0 1 0 1 0 1 0 2 
1 20 12959995 0 1 1 0 0 0 3 3 0 0 0 2 4 6 18 0.5455 23 24 47 1 1.0435 0 0 1 1 0.0712 0.0743 1 1 5 6 0.2174 0.2500 1 0 0 0 0 0 1 0 0 0 0 0 1 0 1 4 1 3 3 5 8 10 9 2 1 1 1 1 1 1 1 1 1 2 
0 20 12959994 0 1 1 0 0 0 0 0 0 0 0 2 1 3 17 0.5152 28 28 56 0 1 0 0 1 1 0.0867 0.0867 1 1 11 11 0.3929 0.3929 1 0 0 0 0 0 1 0 0 1 0 0 1 0 1 0 1 5 2 4 5 8 10 1 1 1 1 1 1 1 1 1 1 2 
0 20 12959994 0 1 1 0 0 0 3 3 0.5000 0 0.5000 2 4 6 3 0.0909 28 24 52 4 1.1667 0 0 1 1 0.0867 0.0743 1 1 25 21 0.8929 0.8750 1 1 0 0 0 0 2 0 0 0 0 0 1 2 1 1 1 1 2 3 3 4 6 1 1 1 1 1 1 1 1 1 1 2 
0 20 12959994 0 1 1 0 0 3 1 4 0.5000 0.5000 1 4 1 5 4 0.1212 24 23 47 1 1.0435 0 0 1 1 0.0743 0.0712 1 1 20 19 0.8333 0.8261 1 1 0 0 0 0 2 0 0 0 0 0 1 0 4 0 3 0 2 4 4 3 6 1 1 1 1 1 1 1 1 1 1 2 
1 20 12959995 0 1 0 1 0 0 0 0 0 0 0 2 1 3 8 0.2424 23 13 36 10 1.7692 0 0 1 1 0.0712 0.0402 1 1 15 5 0.6522 0.3846 1 0 0 0 0 0 1 0 0 1 0 0 1 0 3 0 2 1 2 3 5 6 6 1 1 2 1 2 1 2 1 1 1 0 

0 21 12959994 0 1 1 0 0 0 0 0 0 0 0 2 1 3 17 0.5152 28 28 56 0 1 0 0 1 1 0.0867 0.0867 1 1 11 11 0.3929 0.3929 1 0 0 0 0 0 1 0 0 1 0 0 1 0 1 0 1 5 2 4 5 8 10 1 1 1 1 1 1 1 1 1 1 2 
1 21 12959996 1 0 1 0 0 4 5 9 5 5 10 4 1 5 15 0.4545 25 4 29 21 6.2500 1 0 1.0417 1 0.0774 0.0124 1 0 10 -11.0000 0.4000 -2.7500 1 0 0 0 0 0 1 0 0 1 0 0 2 2 4 3 4 5 3 4 5 7 9 2 0 1 0 1 0 1 0 1 0 1 
1 21 12959996 1 0 1 0 0 4 0 4 0 0 0 4 2 6 18 0.5455 25 23 48 2 1.0870 1 0 1.0417 1 0.0774 0.0712 1 1 7 5 0.2800 0.2174 1 0 0 0 0 0 1 0 0 1 0 0 2 0 4 1 11 2 3 6 9 10 9 2 1 1 1 1 1 1 1 1 1 1 
0 21 12959995 0 1 0 1 0 0 0 0 0 0 0 2 1 3 8 0.2424 23 13 36 10 1.7692 0 0 1 1 0.0712 0.0402 1 1 15 5 0.6522 0.3846 1 0 0 0 0 0 1 0 0 1 0 0 1 0 3 0 2 1 2 3 5 6 6 1 1 2 1 2 1 2 1 1 1 0 
0 21 12959994 0 1 0 1 0 4 0 4 0 0.5000 0.5000 4 2 6 3 0.0909 25 28 53 3 1.1200 1 0 1.0417 1 0.0774 0.0867 1 1 22 25 0.8800 0.8929 1 0 0 0 0 0 1 0 0 0 0 0 1 0 1 0 1 0 2 3 3 6 10 1 2 1 2 1 2 1 2 1 2 1 
0 21 12959994 0 1 0 1 0 4 1 5 0.5000 0.5000 1 4 1 5 4 0.1212 25 23 48 2 1.0870 1 0 1.0417 1 0.0774 0.0712 1 1 21 19 0.8400 0.8261 1 1 0 0 0 0 2 0 0 0 0 0 1 0 4 0 3 0 2 4 4 3 6 2 1 2 1 2 1 2 1 2 1 1 

0 22 12959996 0 1 1 0 0 0 0 0 0 0 0 2 1 3 17 0.5152 28 28 56 0 1 0 0 1 1 0.0867 0.0867 1 1 11 11 0.3929 0.3929 1 0 0 0 0 0 1 0 0 1 0 0 1 0 1 0 1 5 2 4 5 8 10 1 1 1 1 1 1 1 1 1 1 2 
0 22 12959997 0 1 0 1 0 0 0 0 0 0 0 1 1 2 8 0.2424 23 13 36 10 1.7692 0 0 1 1 0.0712 0.0402 1 1 15 5 0.6522 0.3846 1 0 0 0 0 0 1 0 0 1 0 0 1 0 3 0 2 1 2 3 5 6 6 1 1 2 1 2 1 2 1 1 1 0 
0 22 12959996 0 1 0 1 0 5 0 5 0 0.5000 0.5000 2 2 4 3 0.0909 26 28 54 2 1.0769 2 0 1.0833 1 0.0805 0.0867 1 1 23 25 0.8846 0.8929 1 0 0 0 0 0 1 0 0 0 0 0 1 0 1 0 1 0 2 3 3 6 10 1 3 1 5 1 5 1 6 1 6 0 
1 22 12999996 0 1 0 1 0 5 1 6 0.5000 0.5000 1 2 1 3 4 0.1212 26 23 49 3 1.1304 2 0 1.0833 1 0.0805 0.0712 1 1 22 19 0.8462 0.8261 1 1 0 0 0 0 2 0 0 0 0 0 1 0 4 0 3 0 2 4 4 3 6 5 1 5 1 6 1 6 1 5 1 0 

0 23 12999995 0 1 1 0 0 0 0 0 0 0 0 1 1 2 17 0.5152 28 28 56 0 1 0 0 1 1 0.0864 0.0864 1 1 11 11 0.3929 0.3929 1 0 0 0 0 0 1 0 0 1 0 0 1 0 1 0 1 5 2 4 5 8 10 1 1 1 1 1 1 1 1 1 1 2 
1 23 12999996 1 0 1 0 0 6 0 6 0 0 0 3 1 4 22 0.6667 26 25 51 1 1.0400 2 0 1.0833 1 0.0802 0.0772 1 1 4 3 0.1538 0.1200 1 0 0 0 0 0 1 0 0 1 0 0 2 1 4 3 4 7 4 6 12 10 8 2 1 2 1 1 1 1 2 1 1 1 
1 23 12999996 0 1 0 1 0 0 0 0 0 0 0 2 1 3 8 0.2424 23 13 36 10 1.7692 0 0 1 1 0.0710 0.0401 1 1 15 5 0.6522 0.3846 1 0 0 0 0 0 1 0 0 1 0 0 1 0 3 0 2 1 2 3 5 6 6 1 1 2 1 2 1 2 1 1 1 0 
1 23 12999996 1 0 0 1 0 6 6 12 6 6 12 3 1 4 16 0.4848 26 4 30 22 6.5000 2 0 1.0833 1 0.0802 0.0123 1 0 10 -12.0000 0.3846 -3.0000 1 0 0 0 0 1 1 0 1 0 0 0 2 2 4 2 5 10 3 4 5 7 9 4 0 3 0 3 0 2 0 2 0 0 
1 23 12999996 0 1 0 1 0 6 0 6 0 0 0 3 2 5 19 0.5758 26 23 49 3 1.1304 2 0 1.0833 1 0.0802 0.0710 1 1 7 4 0.2692 0.1739 1 0 0 0 0 1 1 0 1 0 0 0 1 0 2 2 5 3 2 5 6 6 8 1 2 1 2 1 2 1 2 2 2 0 

0 24 12959994 0 1 1 0 0 0 0 0 0 0 0 1 1 2 17 0.5152 28 28 56 0 1 0 0 1 1 0.0867 0.0867 1 1 11 11 0.3929 0.3929 1 0 0 0 0 0 1 0 0 1 0 0 1 0 1 0 1 5 2 4 5 8 10 1 1 1 1 1 1 1 1 1 1 2 
1 24 12959995 1 0 1 0 0 6 0 6 0 0 0 3 1 4 22 0.6667 26 25 51 1 1.0400 2 0 1.0833 1 0.0805 0.0774 1 1 4 3 0.1538 0.1200 1 0 0 0 0 0 1 0 0 1 0 1 2 1 4 3 4 7 4 6 12 10 8 2 1 2 1 1 1 1 2 1 1 1 
1 24 12959995 1 0 1 0 0 12 13 25 13 13 26 1 1 2 15 0.4545 17 4 21 13 4.2500 2 0 1.1333 1 0.0526 0.0124 1 0 2 -11.0000 0.1176 -2.7500 1 0 0 0 0 0 1 0 0 0 0 1 2 2 4 4 3 5 4 5 5 8 5 0 5 0 2 0 1 0 1 0 0 8 
1 24 12959995 0 1 0 1 0 0 0 0 0 0 0 2 1 3 8 0.2424 23 13 36 10 1.7692 0 0 1 1 0.0712 0.0402 1 1 15 5 0.6522 0.3846 1 0 0 0 0 0 1 0 0 1 0 0 1 0 3 0 2 1 2 3 5 6 6 1 1 2 1 2 1 2 1 1 1 0 
1 24 12959995 1 0 0 1 0 6 6 12 6 6 12 3 1 4 16 0.4848 26 4 30 22 6.5000 2 0 1.0833 1 0.0805 0.0124 1 0 10 -12.0000 0.3846 -3.0000 1 0 0 0 0 1 1 0 1 0 0 0 2 2 4 2 5 10 3 4 5 7 9 4 0 3 0 3 0 2 0 2 0 0 
1 24 12959995 0 1 0 1 0 6 0 6 0 0 0 3 2 5 19 0.5758 26 23 49 3 1.1304 2 0 1.0833 1 0.0805 0.0712 1 1 7 4 0.2692 0.1739 1 0 0 0 0 1 1 0 1 0 0 0 1 0 2 2 5 3 2 5 6 6 8 1 2 1 2 1 2 1 2 2 2 0 

0 25 12959995 0 1 1 0 0 0 0 0 0 0 0 1 1 2 17 0.5152 28 28 56 0 1 0 0 1 1 0.0867 0.0867 1 1 11 11 0.3929 0.3929 1 0 0 0 0 0 1 0 0 1 0 0 1 0 1 0 1 5 2 4 5 8 10 1 1 1 1 1 1 1 1 1 1 2 
1 25 12959996 1 0 1 0 0 12 13 25 13 13 26 1 1 2 15 0.4545 17 4 21 13 4.2500 2 0 1.1333 1 0.0526 0.0124 1 0 2 -11.0000 0.1176 -2.7500 1 0 0 0 0 0 1 0 0 0 0 0 2 2 4 4 3 5 4 5 5 8 5 0 5 0 2 0 1 0 1 0 0 8 
1 25 12959996 0 1 0 1 0 0 0 0 0 0 0 2 1 3 8 0.2424 23 13 36 10 1.7692 0 0 1 1 0.0712 0.0402 1 1 15 5 0.6522 0.3846 1 0 0 0 0 0 1 0 0 1 0 0 1 0 3 0 2 1 2 3 5 6 6 1 1 2 1 2 1 2 1 1 1 0 
1 25 12959996 1 0 0 1 0 7 6 13 6 6 12 2 1 3 16 0.4848 26 4 30 22 6.5000 2 0 1.0833 1 0.0805 0.0124 1 0 10 -12.0000 0.3846 -3.0000 1 0 0 0 0 1 1 0 1 0 0 0 2 2 4 2 5 10 3 4 5 7 9 4 0 3 0 3 0 2 0 2 0 0 
1 25 12959996 0 1 0 1 0 7 0 7 0 0 0 2 2 4 19 0.5758 26 23 49 3 1.1304 2 0 1.0833 1 0.0805 0.0712 1 1 7 4 0.2692 0.1739 1 0 0 0 0 1 1 0 1 0 0 0 1 0 2 2 5 3 2 5 6 6 8 1 2 1 2 1 2 1 2 2 2 0 

0 26 12959995 0 1 1 0 0 0 0 0 0 0 0 1 1 2 17 0.5152 28 28 56 0 1 0 0 1 1 0.0867 0.0867 1 1 11 11 0.3929 0.3929 1 0 0 0 0 0 1 0 0 1 0 0 1 0 1 0 1 5 2 4 5 8 10 1 1 1 1 1 1 1 1 1 1 2 
1 26 12959996 1 0 1 0 0 13 14 27 14 14 28 1 1 2 16 0.4848 18 4 22 14 4.5000 3 0 1.2000 1 0.0557 0.0124 1 0 2 -12.0000 0.1111 -3.0000 1 0 0 0 0 0 1 0 0 0 0 0 2 2 4 4 3 5 4 5 5 8 5 0 5 0 2 0 1 0 1 0 0 7 
1 26 12959996 0 1 0 1 0 0 0 0 0 0 0 2 1 3 8 0.2424 23 13 36 10 1.7692 0 0 1 1 0.0712 0.0402 1 1 15 5 0.6522 0.3846 1 0 0 0 0 0 1 0 0 1 0 0 1 0 3 0 2 1 2 3 5 6 6 1 1 2 1 2 1 2 1 1 1 0 
1 26 12959996 1 0 0 1 0 7 6 13 6 6 12 2 1 3 16 0.4848 26 4 30 22 6.5000 2 0 1.0833 1 0.0805 0.0124 1 0 10 -12.0000 0.3846 -3.0000 1 0 0 0 0 1 1 0 1 0 0 0 2 2 4 2 5 10 3 4 5 7 9 4 0 3 0 3 0 2 0 2 0 0 
1 26 12959996 0 1 0 1 0 7 0 7 0 0 0 2 2 4 19 0.5758 26 23 49 3 1.1304 2 0 1.0833 1 0.0805 0.0712 1 1 7 4 0.2692 0.1739 1 0 0 0 0 1 1 0 1 0 0 0 1 0 2 2 5 3 2 5 6 6 8 1 2 1 2 1 2 1 2 2 2 0 

0 27 12959995 0 1 1 0 0 0 0 0 0 0 0 1 1 2 17 0.5152 28 28 56 0 1 0 0 1 1 0.0867 0.0867 1 1 11 11 0.3929 0.3929 1 0 0 0 0 0 1 0 0 1 0 0 1 0 1 0 1 5 2 4 5 8 10 1 1 1 1 1 1 1 1 1 1 2 
1 27 12959996 1 0 1 0 0 14 15 29 15 15 30 1 1 2 17 0.5152 19 4 23 15 4.7500 4 0 1.2667 1 0.0588 0.0124 1 0 2 -13.0000 0.1053 -3.2500 1 0 0 0 0 0 1 0 0 0 0 0 2 2 4 4 3 5 4 5 5 8 5 0 5 0 2 0 1 0 1 0 0 6 
1 27 12959996 0 1 0 1 0 0 0 0 0 0 0 2 1 3 8 0.2424 23 13 36 10 1.7692 0 0 1 1 0.0712 0.0402 1 1 15 5 0.6522 0.3846 1 0 0 0 0 0 1 0 0 1 0 0 1 0 3 0 2 1 2 3 5 6 6 1 1 2 1 2 1 2 1 1 1 0 
1 27 12959996 1 0 0 1 0 7 6 13 6 6 12 2 1 3 16 0.4848 26 4 30 22 6.5000 2 0 1.0833 1 0.0805 0.0124 1 0 10 -12.0000 0.3846 -3.0000 1 0 0 0 0 1 1 0 1 0 0 0 2 2 4 2 5 10 3 4 5 7 9 4 0 3 0 3 0 2 0 2 0 0 
1 27 12959996 0 1 0 1 0 7 0 7 0 0 0 2 2 4 19 0.5758 26 23 49 3 1.1304 2 0 1.0833 1 0.0805 0.0712 1 1 7 4 0.2692 0.1739 1 0 0 0 0 1 1 0 1 0 0 0 1 0 2 2 5 3 2 5 6 6 8 1 2 1 2 1 2 1 2 2 2 0 

0 28 12959995 0 1 1 0 0 0 0 0 0 0 0 1 1 2 17 0.5152 28 28 56 0 1 0 0 1 1 0.0867 0.0867 1 1 11 11 0.3929 0.3929 1 0 0 0 0 0 1 0 0 1 0 0 1 0 1 0 1 5 2 4 5 8 10 1 1 1 1 1 1 1 1 1 1 2 
1 28 12959996 1 0 1 0 0 15 16 31 16 16 32 1 1 2 18 0.5455 20 4 24 16 5 5 0 1.3333 1 0.0619 0.0124 1 0 2 -14.0000 0.1000 -3.5000 1 0 0 0 0 0 1 0 0 0 0 0 2 2 4 4 3 4 4 5 5 8 5 0 5 0 2 0 1 0 1 0 0 5 
1 28 12959996 0 1 0 1 0 0 0 0 0 0 0 2 1 3 8 0.2424 23 13 36 10 1.7692 0 0 1 1 0.0712 0.0402 1 1 15 5 0.6522 0.3846 1 0 0 0 0 0 1 0 0 1 0 0 1 0 3 0 2 1 2 3 5 6 6 1 1 2 1 2 1 2 1 1 1 0 
1 28 12959996 1 0 0 1 0 7 6 13 6 6 12 2 1 3 16 0.4848 26 4 30 22 6.5000 2 0 1.0833 1 0.0805 0.0124 1 0 10 -12.0000 0.3846 -3.0000 1 0 0 0 0 1 1 0 1 0 0 0 2 2 4 2 5 10 3 4 5 7 9 4 0 3 0 3 0 2 0 2 0 0 
1 28 12959996 0 1 0 1 0 7 0 7 0 0 0 2 2 4 19 0.5758 26 23 49 3 1.1304 2 0 1.0833 1 0.0805 0.0712 1 1 7 4 0.2692 0.1739 1 0 0 0 0 1 1 0 1 0 0 0 1 0 2 2 5 3 2 5 6 6 8 1 2 1 2 1 2 1 2 2 2 0 

0 29 12959995 0 1 1 0 0 0 0 0 0 0 0 1 1 2 17 0.5152 28 28 56 0 1 0 0 1 1 0.0867 0.0867 1 1 11 11 0.3929 0.3929 1 0 0 0 0 0 1 0 0 1 0 0 1 0 1 0 1 5 2 4 5 8 10 1 1 1 1 1 1 1 1 1 1 2 
1 29 12959996 1 0 1 0 0 16 17 33 17 17 34 1 1 2 19 0.5758 21 4 25 17 5.2500 6 0 1.4000 1 0.0650 0.0124 1 0 2 -15.0000 0.0952 -3.7500 1 0 0 0 0 0 1 0 0 0 0 0 2 2 4 4 3 5 4 5 5 8 5 0 5 0 2 0 1 0 1 0 0 4 
1 29 12959996 0 1 0 1 0 0 0 0 0 0 0 2 1 3 8 0.2424 23 13 36 10 1.7692 0 0 1 1 0.0712 0.0402 1 1 15 5 0.6522 0.3846 1 0 0 0 0 0 1 0 0 1 0 0 1 0 3 0 2 1 2 3 5 6 6 1 1 2 1 2 1 2 1 1 1 0 
1 29 12959996 1 0 0 1 0 7 6 13 6 6 12 2 1 3 16 0.4848 26 4 30 22 6.5000 2 0 1.0833 1 0.0805 0.0124 1 0 10 -12.0000 0.3846 -3.0000 1 0 0 0 0 1 1 0 1 0 0 0 2 2 4 2 5 10 3 4 5 7 9 4 0 3 0 3 0 2 0 2 0 0 
1 29 12959996 0 1 0 1 0 7 0 7 0 0 0 2 2 4 19 0.5758 26 23 49 3 1.1304 2 0 1.0833 1 0.0805 0.0712 1 1 7 4 0.2692 0.1739 1 0 0 0 0 1 1 0 1 0 0 0 1 0 2 2 5 3 2 5 6 6 8 1 2 1 2 1 2 1 2 2 2 0 

0 30 12959995 0 1 1 0 0 0 0 0 0 0 0 1 1 2 17 0.5152 28 28 56 0 1 0 0 1 1 0.0867 0.0867 1 1 11 11 0.3929 0.3929 1 0 0 0 0 0 1 0 0 1 0 0 1 0 1 0 1 5 2 4 5 8 10 1 1 1 1 1 1 1 1 1 1 2 
1 30 12959996 1 0 1 0 0 17 18 35 18 18 36 1 1 2 20 0.6061 22 4 26 18 5.5000 7 0 1.4667 1 0.0681 0.0124 1 0 2 -16.0000 0.0909 -4.0000 1 0 0 0 0 0 1 0 0 0 0 0 2 2 4 4 3 7 4 5 5 8 5 0 5 0 2 0 1 0 1 0 0 3 
1 30 12959996 0 1 0 1 0 0 0 0 0 0 0 2 1 3 8 0.2424 23 13 36 10 1.7692 0 0 1 1 0.0712 0.0402 1 1 15 5 0.6522 0.3846 1 0 0 0 0 0 1 0 0 1 0 0 1 0 3 0 2 1 2 3 5 6 6 1 1 2 1 2 1 2 1 1 1 0 
1 30 12959996 1 0 0 1 0 7 6 13 6 6 12 2 1 3 16 0.4848 26 4 30 22 6.5000 2 0 1.0833 1 0.0805 0.0124 1 0 10 -12.0000 0.3846 -3.0000 1 0 0 0 0 1 1 0 1 0 0 0 2 2 4 2 5 10 3 4 5 7 9 4 0 3 0 3 0 2 0 2 0 0 
1 30 12959996 0 1 0 1 0 7 0 7 0 0 0 2 2 4 19 0.5758 26 23 49 3 1.1304 2 0 1.0833 1 0.0805 0.0712 1 1 7 4 0.2692 0.1739 1 0 0 0 0 1 1 0 1 0 0 0 1 0 2 2 5 3 2 5 6 6 8 1 2 1 2 1 2 1 2 2 2 0 

0 31 12959995 0 1 1 0 0 0 0 0 0 0 0 1 1 2 17 0.5152 28 28 56 0 1 0 0 1 1 0.0867 0.0867 1 1 11 11 0.3929 0.3929 1 0 0 0 0 0 1 0 0 1 0 0 1 0 1 0 1 5 2 4 5 8 10 1 1 1 1 1 1 1 1 1 1 2 
1 31 12959996 1 0 1 0 0 18 19 37 19 19 38 1 1 2 21 0.6364 23 4 27 19 5.7500 8 0 1.5333 1 0.0712 0.0124 1 0 2 -17.0000 0.0870 -4.2500 1 0 0 0 0 0 1 0 0 0 0 0 2 2 4 4 4 4 4 5 5 8 5 0 5 0 2 0 1 0 1 0 0 2 
1 31 12959996 0 1 0 1 0 0 0 0 0 0 0 2 1 3 8 0.2424 23 13 36 10 1.7692 0 0 1 1 0.0712 0.0402 1 1 15 5 0.6522 0.3846 1 0 0 0 0 0 1 0 0 1 0 0 1 0 3 0 2 1 2 3 5 6 6 1 1 2 1 2 1 2 1 1 1 0 
1 31 12959996 1 0 0 1 0 7 6 13 6 6 12 2 1 3 16 0.4848 26 4 30 22 6.5000 2 0 1.0833 1 0.0805 0.0124 1 0 10 -12.0000 0.3846 -3.0000 1 0 0 0 0 1 1 0 1 0 0 0 2 2 4 2 5 10 3 4 5 7 9 4 0 3 0 3 0 2 0 2 0 0 
1 31 12959996 0 1 0 1 0 7 0 7 0 0 0 2 2 4 19 0.5758 26 23 49 3 1.1304 2 0 1.0833 1 0.0805 0.0712 1 1 7 4 0.2692 0.1739 1 0 0 0 0 1 1 0 1 0 0 0 1 0 2 2 5 3 2 5 6 6 8 1 2 1 2 1 2 1 2 2 2 0 

0 32 12959995 0 1 1 0 0 0 0 0 0 0 0 1 1 2 17 0.5152 28 28 56 0 1 0 0 1 1 0.0867 0.0867 1 1 11 11 0.3929 0.3929 1 0 0 0 0 0 1 0 0 1 0 0 1 0 1 0 1 5 2 4 5 8 10 1 1 1 1 1 1 1 1 1 1 2 
1 32 12959996 1 0 1 0 0 19 20 39 20 20 40 1 1 2 22 0.6667 24 4 28 20 6 9 0 1.6000 1 0.0743 0.0124 1 0 2 -18.0000 0.0833 -4.5000 1 0 0 0 0 0 1 0 0 0 0 0 2 2 4 4 3 11 4 5 5 8 5 0 5 0 2 0 1 0 1 0 0 1 
1 32 12959996 0 1 0 1 0 0 0 0 0 0 0 2 1 3 8 0.2424 23 13 36 10 1.7692 0 0 1 1 0.0712 0.0402 1 1 15 5 0.6522 0.3846 1 0 0 0 0 0 1 0 0 1 0 0 1 0 3 0 2 1 2 3 5 6 6 1 1 2 1 2 1 2 1 1 1 0 
1 32 12959996 1 0 0 1 0 7 6 13 6 6 12 2 1 3 16 0.4848 26 4 30 22 6.5000 2 0 1.0833 1 0.0805 0.0124 1 0 10 -12.0000 0.3846 -3.0000 1 0 0 0 0 1 1 0 1 0 0 0 2 2 4 2 5 10 3 4 5 7 9 4 0 3 0 3 0 2 0 2 0 0 
1 32 12959996 0 1 0 1 0 7 0 7 0 0 0 2 2 4 19 0.5758 26 23 49 3 1.1304 2 0 1.0833 1 0.0805 0.0712 1 1 7 4 0.2692 0.1739 1 0 0 0 0 1 1 0 1 0 0 0 1 0 2 2 5 3 2 5 6 6 8 1 2 1 2 1 2 1 2 2 2 0 

0 33 12959995 0 1 1 0 0 0 0 0 0 0 0 1 1 2 17 0.5152 28 28 56 0 1 0 0 1 1 0.0867 0.0867 1 1 11 11 0.3929 0.3929 1 0 0 0 0 0 1 0 0 1 0 0 1 0 1 0 1 5 2 4 5 8 10 1 1 1 1 1 1 1 1 1 1 2 
0 33 12959996 0 1 0 1 0 0 0 0 0 0 0 2 1 3 8 0.2424 23 13 36 10 1.7692 0 0 1 1 0.0712 0.0402 1 1 15 5 0.6522 0.3846 1 0 0 0 0 0 1 0 0 1 0 0 1 0 3 0 2 1 2 3 5 6 6 1 1 2 1 2 1 2 1 1 1 0 
0 33 12959996 1 0 0 1 0 7 6 13 6 6 12 2 1 3 16 0.4848 26 4 30 22 6.5000 2 0 1.0833 1 0.0805 0.0124 1 0 10 -12.0000 0.3846 -3.0000 1 0 0 0 0 1 1 0 1 0 0 0 2 2 4 2 5 10 3 4 5 7 9 4 0 3 0 3 0 2 0 2 0 0 
0 33 12959996 0 1 0 1 0 7 0 7 0 0 0 2 2 4 19 0.5758 26 23 49 3 1.1304 2 0 1.0833 1 0.0805 0.0712 1 1 7 4 0.2692 0.1739 1 0 0 0 0 1 1 0 1 0 0 0 1 0 2 2 5 3 2 5 6 6 8 1 2 1 2 1 2 1 2 2 2 0 
1 33 12999996 1 0 0 1 0 20 21 41 21 21 42 1 1 2 23 0.6970 25 4 29 21 6.2500 10 0 1.6667 1 0.0774 0.0124 1 0 2 -19.0000 0.0800 -4.7500 1 0 0 0 0 0 1 0 0 0 0 0 2 2 4 4 6 9 4 5 5 8 5 0 6 0 4 0 2 0 1 0 0 0 

0 34 12999995 0 1 1 0 0 0 0 0 0 0 0 1 1 2 17 0.5152 28 28 56 0 1 0 0 1 1 0.0864 0.0864 1 1 11 11 0.3929 0.3929 1 0 0 0 0 0 1 0 0 1 0 0 1 0 1 0 1 5 2 4 5 8 10 1 1 1 1 1 1 1 1 1 1 2 
0 34 12999995 0 1 1 0 0 21 6 27 6 0 6 1 2 3 3 0.0909 25 4 29 21 6.2500 10 0 1.6667 1 0.0772 0.0123 1 1 22 1 0.8800 0.2500 1 0 0 0 0 0 2 0 0 0 0 0 1 1 1 1 1 1 2 2 3 4 4 1 1 1 1 1 1 0 1 0 1 1 
0 34 12999996 0 1 0 1 0 0 0 0 0 0 0 2 1 3 8 0.2424 23 13 36 10 1.7692 0 0 1 1 0.0710 0.0401 1 1 15 5 0.6522 0.3846 1 0 0 0 0 0 1 0 0 1 0 0 1 0 3 0 2 1 2 3 5 6 6 1 1 2 1 2 1 2 1 1 1 0 
1 34 12999997 1 0 0 1 0 7 6 13 6 6 12 2 2 4 16 0.4848 26 4 30 22 6.5000 2 0 1.0833 1 0.0802 0.0123 1 0 10 -12.0000 0.3846 -3.0000 1 0 0 0 0 1 2 0 1 0 0 0 2 2 4 2 5 10 3 4 5 7 9 4 0 3 0 3 0 2 0 2 0 0 
0 34 12999996 0 1 0 1 0 7 0 7 0 0 0 2 2 4 19 0.5758 26 23 49 3 1.1304 2 0 1.0833 1 0.0802 0.0710 1 1 7 4 0.2692 0.1739 1 0 0 0 0 1 1 1 1 0 0 0 1 0 2 2 5 3 2 5 6 6 8 1 2 1 2 1 2 1 2 2 2 0 

0 35 12959994 0 1 1 0 0 0 0 0 0 0 0 1 1 2 17 0.5152 28 28 56 0 1 0 0 1 1 0.0867 0.0867 1 1 11 11 0.3929 0.3929 1 0 0 0 0 0 1 0 0 1 0 0 1 0 1 0 1 5 2 4 5 8 10 1 1 1 1 1 1 1 1 1 1 2 
1 35 12959995 1 0 1 0 0 21 22 43 22 22 44 1 1 2 15 0.4545 17 4 21 13 4.2500 2 0 1.1333 1 0.0526 0.0124 1 0 2 -11.0000 0.1176 -2.7500 1 0 0 0 0 0 1 0 0 0 0 0 2 2 4 4 3 5 4 5 5 8 5 0 5 0 2 0 1 0 1 0 0 8 
1 35 12959995 0 1 0 1 0 0 0 0 0 0 0 2 1 3 8 0.2424 23 13 36 10 1.7692 0 0 1 1 0.0712 0.0402 1 1 15 5 0.6522 0.3846 1 0 0 0 0 0 1 0 0 1 0 0 1 0 3 0 2 1 2 3 5 6 6 1 1 2 1 2 1 2 1 1 1 0 
1 35 12959995 1 0 0 1 0 7 6 13 6 6 12 3 1 4 16 0.4848 27 4 31 23 6.7500 3 0 1.1250 1 0.0836 0.0124 1 0 11 -12.0000 0.4074 -3.0000 1 0 0 0 0 1 1 0 1 0 0 1 2 2 4 2 5 10 3 4 5 7 9 8 0 7 0 7 0 7 0 7 0 0 
1 35 12959995 0 1 0 1 0 7 0 7 0 0 0 3 2 5 19 0.5758 27 23 50 4 1.1739 3 0 1.1250 1 0.0836 0.0712 1 1 8 4 0.2963 0.1739 1 0 0 0 0 1 1 0 1 0 0 1 1 0 2 2 5 3 2 5 6 6 8 1 7 1 7 1 7 1 7 2 5 0 
1 35 12959995 1 0 0 0 1 7 2 9 0 0 0 3 1 4 22 0.6667 27 34 61 7 1.2593 3 2 1.1250 1.0625 0.0836 0.1053 1 1 5 12 0.1852 0.3529 1 0 0 0 0 1 1 0 1 0 0 1 2 2 3 3 3 4 3 7 9 12 10 7 4 5 2 4 3 3 3 3 2 0 

0 36 12959994 0 1 1 0 0 0 0 0 0 0 0 1 1 2 17 0.5152 28 28 56 0 1 0 0 1 1 0.0867 0.0867 1 1 11 11 0.3929 0.3929 1 0 0 0 0 0 1 0 0 1 0 0 1 0 1 0 1 5 2 4 5 8 10 1 1 1 1 1 1 1 1 1 1 2 
1 36 12959995 1 0 1 0 0 22 23 45 23 23 46 1 1 2 16 0.4848 18 4 22 14 4.5000 3 0 1.2000 1 0.0557 0.0124 1 0 2 -12.0000 0.1111 -3.0000 1 0 0 0 0 0 1 0 0 0 0 0 2 2 4 4 3 5 4 5 5 8 5 0 5 0 2 0 1 0 1 0 0 7 
1 36 12959995 0 1 0 1 0 0 0 0 0 0 0 2 1 3 8 0.2424 23 13 36 10 1.7692 0 0 1 1 0.0712 0.0402 1 1 15 5 0.6522 0.3846 1 0 0 0 0 0 1 0 0 1 0 0 1 0 3 0 2 1 2 3 5 6 6 1 1 2 1 2 1 2 1 1 1 0 
1 36 12959995 1 0 0 1 0 7 6 13 6 6 12 3 1 4 16 0.4848 27 4 31 23 6.7500 3 0 1.1250 1 0.0836 0.0124 1 0 11 -12.0000 0.4074 -3.0000 1 0 0 0 0 1 1 0 1 0 0 1 2 2 4 2 5 10 3 4 5 7 9 8 0 7 0 7 0 7 0 7 0 0 
1 36 12959995 0 1 0 1 0 7 0 7 0 0 0 3 2 5 19 0.5758 27 23 50 4 1.1739 3 0 1.1250 1 0.0836 0.0712 1 1 8 4 0.2963 0.1739 1 0 0 0 0 1 1 0 1 0 0 1 1 0 2 2 5 3 2 5 6 6 8 1 7 1 7 1 7 1 7 2 5 0 
1 36 12959995 1 0 0 0 1 7 2 9 0 0 0 3 1 4 22 0.6667 27 34 61 7 1.2593 3 2 1.1250 1.0625 0.0836 0.1053 1 1 5 12 0.1852 0.3529 1 0 0 0 0 1 1 0 1 0 0 1 2 2 3 3 3 4 3 7 9 12 10 7 4 5 2 4 3 3 3 3 2 0 

0 37 12959994 0 1 1 0 0 0 0 0 0 0 0 1 1 2 17 0.5152 28 28 56 0 1 0 0 1 1 0.0867 0.0867 1 1 11 11 0.3929 0.3929 1 0 0 0 0 0 1 0 0 1 0 0 1 0 1 0 1 5 2 4 5 8 10 1 1 1 1 1 1 1 1 1 1 2 
1 37 12959995 1 0 1 0 0 23 24 47 24 24 48 1 1 2 17 0.5152 19 4 23 15 4.7500 4 0 1.2667 1 0.0588 0.0124 1 0 2 -13.0000 0.1053 -3.2500 1 0 0 0 0 0 1 0 0 0 0 0 2 2 4 4 3 5 4 5 5 8 5 0 5 0 2 0 1 0 1 0 0 6 
1 37 12959995 0 1 0 1 0 0 0 0 0 0 0 2 1 3 8 0.2424 23 13 36 10 1.7692 0 0 1 1 0.0712 0.0402 1 1 15 5 0.6522 0.3846 1 0 0 0 0 0 1 0 0 1 0 0 1 0 3 0 2 1 2 3 5 6 6 1 1 2 1 2 1 2 1 1 1 0 
1 37 12959995 1 0 0 1 0 7 6 13 6 6 12 3 1 4 16 0.4848 27 4 31 23 6.7500 3 0 1.1250 1 0.0836 0.0124 1 0 11 -12.0000 0.4074 -3.0000 1 0 0 0 0 1 1 0 1 0 0 1 2 2 4 2 5 10 3 4 5 7 9 8 0 7 0 7 0 7 0 7 0 0 
1 37 12959995 0 1 0 1 0 7 0 7 0 0 0 3 2 5 19 0.5758 27 23 50 4 1.1739 3 0 1.1250 1 0.0836 0.0712 1 1 8 4 0.2963 0.1739 1 0 0 0 0 1 1 0 1 0 0 1 1 0 2 2 5 3 2 5 6 6 8 1 7 1 7 1 7 1 7 2 5 0 
1 37 12959995 1 0 0 0 1 7 2 9 0 0 0 3 1 4 22 0.6667 27 34 61 7 1.2593 3 2 1.1250 1.0625 0.0836 0.1053 1 1 5 12 0.1852 0.3529 1 0 0 0 0 1 1 0 1 0 0 1 2 2 3 3 3 4 3 7 9 12 10 7 4 5 2 4 3 3 3 3 2 0 

0 38 12959994 0 1 1 0 0 0 0 0 0 0 0 1 1 2 17 0.5152 28 28 56 0 1 0 0 1 1 0.0867 0.0867 1 1 11 11 0.3929 0.3929 1 0 0 0 0 0 1 0 0 1 0 0 1 0 1 0 1 5 2 4 5 8 10 1 1 1 1 1 1 1 1 1 1 2 
1 38 12959995 1 0 1 0 0 24 25 49 25 25 50 1 1 2 18 0.5455 20 4 24 16 5 5 0 1.3333 1 0.0619 0.0124 1 0 2 -14.0000 0.1000 -3.5000 1 0 0 0 0 0 1 0 0 0 0 0 2 2 4 4 3 4 4 5 5 8 5 0 5 0 2 0 1 0 1 0 0 5 
1 38 12959995 0 1 0 1 0 0 0 0 0 0 0 2 1 3 8 0.2424 23 13 36 10 1.7692 0 0 1 1 0.0712 0.0402 1 1 15 5 0.6522 0.3846 1 0 0 0 0 0 1 0 0 1 0 0 1 0 3 0 2 1 2 3 5 6 6 1 1 2 1 2 1 2 1 1 1 0 
1 38 12959995 1 0 0 1 0 7 6 13 6 6 12 3 1 4 16 0.4848 27 4 31 23 6.7500 3 0 1.1250 1 0.0836 0.0124 1 0 11 -12.0000 0.4074 -3.0000 1 0 0 0 0 1 1 0 1 0 0 1 2 2 4 2 5 10 3 4 5 7 9 8 0 7 0 7 0 7 0 7 0 0 
1 38 12959995 0 1 0 1 0 7 0 7 0 0 0 3 2 5 19 0.5758 27 23 50 4 1.1739 3 0 1.1250 1 0.0836 0.0712 1 1 8 4 0.2963 0.1739 1 0 0 0 0 1 1 0 1 0 0 1 1 0 2 2 5 3 2 5 6 6 8 1 7 1 7 1 7 1 7 2 5 0 
1 38 12959995 1 0 0 0 1 7 2 9 0 0 0 3 1 4 22 0.6667 27 34 61 7 1.2593 3 2 1.1250 1.0625 0.0836 0.1053 1 1 5 12 0.1852 0.3529 1 0 0 0 0 1 1 0 1 0 0 1 2 2 3 3 3 4 3 7 9 12 10 7 4 5 2 4 3 3 3 3 2 0 

0 39 12959994 0 1 1 0 0 0 0 0 0 0 0 1 1 2 17 0.5152 28 28 56 0 1 0 0 1 1 0.0867 0.0867 1 1 11 11 0.3929 0.3929 1 0 0 0 0 0 1 0 0 1 0 0 1 0 1 0 1 5 2 4 5 8 10 1 1 1 1 1 1 1 1 1 1 2 
1 39 12959995 1 0 1 0 0 25 26 51 26 26 52 1 1 2 19 0.5758 21 4 25 17 5.2500 6 0 1.4000 1 0.0650 0.0124 1 0 2 -15.0000 0.0952 -3.7500 1 0 0 0 0 0 1 0 0 0 0 0 2 2 4 4 3 5 4 5 5 8 5 0 5 0 2 0 1 0 1 0 0 4 
1 39 12959995 0 1 0 1 0 0 0 0 0 0 0 2 1 3 8 0.2424 23 13 36 10 1.7692 0 0 1 1 0.0712 0.0402 1 1 15 5 0.6522 0.3846 1 0 0 0 0 0 1 0 0 1 0 0 1 0 3 0 2 1 2 3 5 6 6 1 1 2 1 2 1 2 1 1 1 0 
1 39 12959995 1 0 0 1 0 7 6 13 6 6 12 3 1 4 16 0.4848 27 4 31 23 6.7500 3 0 1.1250 1 0.0836 0.0124 1 0 11 -12.0000 0.4074 -3.0000 1 0 0 0 0 1 1 0 1 0 0 1 2 2 4 2 5 10 3 4 5 7 9 8 0 7 0 7 0 7 0 7 0 0 
1 39 12959995 0 1 0 1 0 7 0 7 0 0 0 3 2 5 19 0.5758 27 23 50 4 1.1739 3 0 1.1250 1 0.0836 0.0712 1 1 8 4 0.2963 0.1739 1 0 0 0 0 1 1 0 1 0 0 1 1 0 2 2 5 3 2 5 6 6 8 1 7 1 7 1 7 1 7 2 5 0 
1 39 12959995 1 0 0 0 1 7 2 9 0 0 0 3 1 4 22 0.6667 27 34 61 7 1.2593 3 2 1.1250 1.0625 0.0836 0.1053 1 1 5 12 0.1852 0.3529 1 0 0 0 0 1 1 0 1 0 0 1 2 2 3 3 3 4 3 7 9 12 10 7 4 5 2 4 3 3 3 3 2 0 

0 40 12959994 0 1 1 0 0 0 0 0 0 0 0 1 1 2 17 0.5152 28 28 56 0 1 0 0 1 1 0.0867 0.0867 1 1 11 11 0.3929 0.3929 1 0 0 0 0 0 1 0 0 1 0 0 1 0 1 0 1 5 2 4 5 8 10 1 1 1 1 1 1 1 1 1 1 2 
1 40 12959995 1 0 1 0 0 26 27 53 27 27 54 1 1 2 20 0.6061 22 4 26 18 5.5000 7 0 1.4667 1 0.0681 0.0124 1 0 2 -16.0000 0.0909 -4.0000 1 0 0 0 0 0 1 0 0 0 0 0 2 2 4 4 3 7 4 5 5 8 5 0 5 0 2 0 1 0 1 0 0 3 
1 40 12959995 0 1 0 1 0 0 0 0 0 0 0 2 1 3 8 0.2424 23 13 36 10 1.7692 0 0 1 1 0.0712 0.0402 1 1 15 5 0.6522 0.3846 1 0 0 0 0 0 1 0 0 1 0 0 1 0 3 0 2 1 2 3 5 6 6 1 1 2 1 2 1 2 1 1 1 0 
1 40 12959995 1 0 0 1 0 7 6 13 6 6 12 3 1 4 16 0.4848 27 4 31 23 6.7500 3 0 1.1250 1 0.0836 0.0124 1 0 11 -12.0000 0.4074 -3.0000 1 0 0 0 0 1 1 0 1 0 0 1 2 2 4 2 5 10 3 4 5 7 9 8 0 7 0 7 0 7 0 7 0 0 
1 40 12959995 0 1 0 1 0 7 0 7 0 0 0 3 2 5 19 0.5758 27 23 50 4 1.1739 3 0 1.1250 1 0.0836 0.0712 1 1 8 4 0.2963 0.1739 1 0 0 0 0 1 1 0 1 0 0 1 1 0 2 2 5 3 2 5 6 6 8 1 7 1 7 1 7 1 7 2 5 0 
1 40 12959995 1 0 0 0 1 7 2 9 0 0 0 3 1 4 22 0.6667 27 34 61 7 1.2593 3 2 1.1250 1.0625 0.0836 0.1053 1 1 5 12 0.1852 0.3529 1 0 0 0 0 1 1 0 1 0 0 1 2 2 3 3 3 4 3 7 9 12 10 7 4 5 2 4 3 3 3 3 2 0 

0 41 12959994 0 1 1 0 0 0 0 0 0 0 0 1 1 2 17 0.5152 28 28 56 0 1 0 0 1 1 0.0867 0.0867 1 1 11 11 0.3929 0.3929 1 0 0 0 0 0 1 0 0 1 0 0 1 0 1 0 1 5 2 4 5 8 10 1 1 1 1 1 1 1 1 1 1 2 
1 41 12959995 1 0 1 0 0 27 28 55 28 28 56 1 1 2 21 0.6364 23 4 27 19 5.7500 8 0 1.5333 1 0.0712 0.0124 1 0 2 -17.0000 0.0870 -4.2500 1 0 0 0 0 0 1 0 0 0 0 0 2 2 4 4 4 4 4 5 5 8 5 0 5 0 2 0 1 0 1 0 0 2 
1 41 12959995 0 1 0 1 0 0 0 0 0 0 0 2 1 3 8 0.2424 23 13 36 10 1.7692 0 0 1 1 0.0712 0.0402 1 1 15 5 0.6522 0.3846 1 0 0 0 0 0 1 0 0 1 0 0 1 0 3 0 2 1 2 3 5 6 6 1 1 2 1 2 1 2 1 1 1 0 
1 41 12959995 1 0 0 1 0 7 6 13 6 6 12 3 1 4 16 0.4848 27 4 31 23 6.7500 3 0 1.1250 1 0.0836 0.0124 1 0 11 -12.0000 0.4074 -3.0000 1 0 0 0 0 1 1 0 1 0 0 1 2 2 4 2 5 10 3 4 5 7 9 8 0 7 0 7 0 7 0 7 0 0 
1 41 12959995 0 1 0 1 0 7 0 7 0 0 0 3 2 5 19 0.5758 27 23 50 4 1.1739 3 0 1.1250 1 0.0836 0.0712 1 1 8 4 0.2963 0.1739 1 0 0 0 0 1 1 0 1 0 0 1 1 0 2 2 5 3 2 5 6 6 8 1 7 1 7 1 7 1 7 2 5 0 
1 41 12959995 1 0 0 0 1 7 2 9 0 0 0 3 1 4 22 0.6667 27 34 61 7 1.2593 3 2 1.1250 1.0625 0.0836 0.1053 1 1 5 12 0.1852 0.3529 1 0 0 0 0 1 1 0 1 0 0 1 2 2 3 3 3 4 3 7 9 12 10 7 4 5 2 4 3 3 3 3 2 0 

0 42 12959994 0 1 1 0 0 0 0 0 0 0 0 1 1 2 17 0.5152 28 28 56 0 1 0 0 1 1 0.0867 0.0867 1 1 11 11 0.3929 0.3929 1 0 0 0 0 0 1 0 0 1 0 0 1 0 1 0 1 5 2 4 5 8 10 1 1 1 1 1 1 1 1 1 1 2 
1 42 12959995 1 0 1 0 0 28 29 57 29 29 58 1 1 2 22 0.6667 24 4 28 20 6 9 0 1.6000 1 0.0743 0.0124 1 0 2 -18.0000 0.0833 -4.5000 1 0 0 0 0 0 1 0 0 0 0 0 2 2 4 4 3 10 4 5 5 8 5 0 5 0 2 0 1 0 1 0 0 1 
1 42 12959995 0 1 0 1 0 0 0 0 0 0 0 2 1 3 8 0.2424 23 13 36 10 1.7692 0 0 1 1 0.0712 0.0402 1 1 15 5 0.6522 0.3846 1 0 0 0 0 0 1 0 0 1 0 0 1 0 3 0 2 1 2 3 5 6 6 1 1 2 1 2 1 2 1 1 1 0 
1 42 12959995 1 0 0 1 0 7 6 13 6 6 12 3 1 4 16 0.4848 27 4 31 23 6.7500 3 0 1.1250 1 0.0836 0.0124 1 0 11 -12.0000 0.4074 -3.0000 1 0 0 0 0 1 1 0 1 0 0 1 2 2 4 2 5 10 3 4 5 7 9 8 0 7 0 7 0 7 0 7 0 0 
1 42 12959995 0 1 0 1 0 7 0 7 0 0 0 3 2 5 19 0.5758 27 23 50 4 1.1739 3 0 1.1250 1 0.0836 0.0712 1 1 8 4 0.2963 0.1739 1 0 0 0 0 1 1 0 1 0 0 1 1 0 2 2 5 3 2 5 6 6 8 1 7 1 7 1 7 1 7 2 5 0 
1 42 12959995 1 0 0 0 1 7 2 9 0 0 0 3 1 4 22 0.6667 27 34 61 7 1.2593 3 2 1.1250 1.0625 0.0836 0.1053 1 1 5 12 0.1852 0.3529 1 0 0 0 0 1 1 0 1 0 0 1 2 2 3 3 3 4 3 7 9 12 10 7 4 5 2 4 3 3 3 3 2 0 

0 43 12959994 0 1 1 0 0 0 0 0 0 0 0 1 1 2 17 0.5152 28 28 56 0 1 0 0 1 1 0.0867 0.0867 1 1 11 11 0.3929 0.3929 1 0 0 0 0 0 1 0 0 1 0 0 1 0 1 0 1 5 2 4 5 8 10 1 1 1 1 1 1 1 1 1 1 2 
0 43 12959995 0 1 0 1 0 0 0 0 0 0 0 2 1 3 8 0.2424 23 13 36 10 1.7692 0 0 1 1 0.0712 0.0402 1 1 15 5 0.6522 0.3846 1 0 0 0 0 0 1 0 0 1 0 0 1 0 3 0 2 1 2 3 5 6 6 1 1 2 1 2 1 2 1 1 1 0 
0 43 12959995 1 0 0 1 0 7 6 13 6 6 12 3 1 4 16 0.4848 27 4 31 23 6.7500 3 0 1.1250 1 0.0836 0.0124 1 0 11 -12.0000 0.4074 -3.0000 1 0 0 0 0 1 1 0 1 0 0 1 2 2 4 2 5 10 3 4 5 7 9 8 0 7 0 7 0 7 0 7 0 0 
0 43 12959995 0 1 0 1 0 7 0 7 0 0 0 3 2 5 19 0.5758 27 23 50 4 1.1739 3 0 1.1250 1 0.0836 0.0712 1 1 8 4 0.2963 0.1739 1 0 0 0 0 1 1 0 1 0 0 1 1 0 2 2 5 3 2 5 6 6 8 1 7 1 7 1 7 1 7 2 5 0 
1 43 12999995 1 0 0 1 0 29 30 59 30 30 60 1 1 2 23 0.6970 25 4 29 21 6.2500 10 0 1.6667 1 0.0774 0.0124 1 0 2 -19.0000 0.0800 -4.7500 1 0 0 0 0 0 1 0 0 0 0 0 2 2 4 4 5 10 4 5 5 8 5 0 6 0 4 0 2 0 1 0 0 0 
0 43 12959995 1 0 0 0 1 7 2 9 0 0 0 3 1 4 22 0.6667 27 34 61 7 1.2593 3 2 1.1250 1.0625 0.0836 0.1053 1 1 5 12 0.1852 0.3529 1 0 0 0 0 1 1 0 1 0 0 1 2 2 3 3 3 5 3 7 9 12 10 7 4 5 2 4 3 3 3 3 2 0 

0 44 12999994 0 1 1 0 0 0 0 0 0 0 0 1 1 2 17 0.5152 28 28 56 0 1 0 0 1 1 0.0864 0.0864 1 1 11 11 0.3929 0.3929 1 0 0 0 0 0 1 0 0 1 0 0 1 0 1 0 1 5 2 4 5 8 10 1 1 1 1 1 1 1 1 1 1 2 
0 44 12999994 0 1 1 0 0 30 6 36 6 0 6 1 2 3 3 0.0909 25 4 29 21 6.2500 10 0 1.6667 1 0.0772 0.0123 1 1 22 1 0.8800 0.2500 1 0 0 0 0 0 2 0 0 0 0 0 1 1 1 1 1 1 2 2 3 4 4 1 1 1 1 1 1 0 1 0 1 1 
0 44 12999995 0 1 0 1 0 0 0 0 0 0 0 2 1 3 8 0.2424 23 13 36 10 1.7692 0 0 1 1 0.0710 0.0401 1 1 15 5 0.6522 0.3846 1 0 0 0 0 0 1 0 0 1 0 0 1 0 3 0 2 1 2 3 5 6 6 1 1 2 1 2 1 2 1 1 1 0 
1 44 12999996 1 0 0 1 0 7 6 13 6 6 12 3 2 5 16 0.4848 27 4 31 23 6.7500 3 0 1.1250 1 0.0833 0.0123 1 0 11 -12.0000 0.4074 -3.0000 1 0 0 0 0 1 2 0 1 0 0 1 2 2 4 2 5 10 3 4 5 7 9 8 0 7 0 7 0 7 0 7 0 0 
0 44 12999995 0 1 0 1 0 7 0 7 0 0 0 3 2 5 19 0.5758 27 23 50 4 1.1739 3 0 1.1250 1 0.0833 0.0710 1 1 8 4 0.2963 0.1739 1 0 0 0 0 1 1 1 1 0 0 1 1 0 2 2 5 3 2 5 6 6 8 1 7 1 7 1 7 1 7 2 5 0 
0 44 12999995 1 0 0 0 1 7 2 9 0 0 0 3 1 4 22 0.6667 27 34 61 7 1.2593 3 2 1.1250 1.0625 0.0833 0.1049 1 1 5 12 0.1852 0.3529 1 0 0 0 0 1 1 0 1 0 1 1 2 2 3 3 3 4 3 7 9 12 10 7 4 5 2 4 3 3 3 3 2 0 

0 45 12999996 0 1 1 0 0 0 0 0 0 0 0 2 1 3 17 0.5152 28 28 56 0 1 0 0 1 1 0.0864 0.0864 1 1 11 11 0.3929 0.3929 1 0 0 0 0 0 1 0 0 1 0 0 1 0 1 0 1 5 2 4 5 8 10 1 1 1 1 1 1 1 1 1 1 2 
1 45 12999997 0 1 0 1 0 0 0 0 0 0 0 1 1 2 8 0.2424 23 13 36 10 1.7692 0 0 1 1 0.0710 0.0401 1 1 15 5 0.6522 0.3846 1 0 0 0 0 0 1 0 0 1 0 0 1 0 3 0 2 1 2 3 5 6 6 1 1 2 1 2 1 2 1 1 1 0 
0 45 12999996 0 1 0 1 0 7 0 7 0 1 1 2 2 4 3 0.0909 26 28 54 2 1.0769 2 0 1.0833 1 0.0802 0.0864 1 1 23 25 0.8846 0.8929 1 0 0 0 0 0 1 0 0 0 0 0 1 0 1 0 1 0 2 3 3 6 10 1 3 1 5 1 5 1 6 1 6 0 
0 45 12999996 1 0 0 1 0 2 7 9 1 1 2 1 2 3 4 0.1212 24 26 50 2 1.0833 1 2 1.0435 1.0833 0.0741 0.0802 1 1 20 22 0.8333 0.8462 1 0 1 0 0 0 1 1 0 0 0 0 2 1 3 4 3 6 3 4 7 9 5 5 2 5 2 6 1 6 1 5 1 0 

1 46 12999998 1 0 1 0 0 1 1 2 0.5000 0.5000 1 2 1 3 17 0.5152 29 28 57 1 1.0357 1 0 1.0357 1 0.0895 0.0864 1 1 12 11 0.4138 0.3929 1 0 0 0 0 0 1 0 0 0 0 0 2 1 3 1 3 6 3 5 6 10 14 2 1 2 1 1 1 1 1 1 1 1 
0 46 12999997 1 0 0 1 0 2 7 9 1 1 2 1 2 3 4 0.1212 24 26 50 2 1.0833 1 2 1.0435 1.0833 0.0741 0.0802 1 1 20 22 0.8333 0.8462 1 0 1 0 0 0 1 1 0 0 0 0 2 1 3 4 3 6 3 4 7 9 5 5 2 5 2 6 1 6 1 5 1 0 
0 46 12999997 0 1 0 0 1 1 7 8 1 0 1 2 2 4 3 0.0909 29 26 55 3 1.1154 1 2 1.0357 1.0833 0.0895 0.0802 1 1 26 23 0.8966 0.8846 1 0 1 0 0 0 1 1 0 0 0 0 1 1 3 1 1 1 2 3 3 4 6 2 3 2 5 2 5 2 6 2 6 0 

1 47 13079998 0 1 1 0 0 2 2 4 0.5000 1.5000 2 1 2 3 18 0.5455 29 29 58 0 1 1 1 1.0357 1.0357 0.0890 0.0890 1 1 11 11 0.3793 0.3793 1 0 0 0 0 0 1 0 0 0 0 0 1 0 1 0 1 0 1 1 2 4 3 2 2 1 1 1 1 1 1 1 1 2 
0 47 13079997 1 0 0 1 0 3 8 11 2 2 4 1 2 3 4 0.1212 24 26 50 2 1.0833 1 2 1.0435 1.0833 0.0736 0.0798 1 1 20 22 0.8333 0.8462 1 0 1 0 0 0 1 1 0 0 0 0 2 1 3 4 3 6 3 4 7 9 5 5 2 5 2 6 1 6 1 5 1 0 
0 47 13079997 0 1 0 0 1 2 8 10 1 0 1 2 2 4 3 0.0909 29 26 55 3 1.1154 1 2 1.0357 1.0833 0.0890 0.0798 1 1 26 23 0.8966 0.8846 1 0 1 0 0 0 1 1 0 0 0 0 1 1 3 1 1 1 2 3 3 4 6 2 3 2 5 2 5 2 6 2 6 0 

1 48 13039997 1 0 1 0 0 8 1 9 1 1 2 3 1 4 22 0.6667 26 25 51 1 1.0400 2 0 1.0833 1 0.0800 0.0769 1 1 4 3 0.1538 0.1200 1 0 0 0 0 0 1 0 0 1 0 0 2 1 4 3 4 7 4 6 12 10 8 2 1 2 1 1 1 1 2 1 1 1 
1 48 13039997 0 1 0 1 0 2 2 4 0 1.5000 1.5000 1 1 2 18 0.5455 30 28 58 2 1.0714 2 0 1.0714 1 0.0923 0.0862 1 1 12 10 0.4000 0.3571 1 0 0 0 0 0 1 0 0 0 0 0 1 0 1 0 1 0 3 4 6 7 7 5 1 2 1 1 1 1 1 1 1 0 
1 48 13039997 1 0 0 1 0 8 6 14 6 6 12 3 1 4 16 0.4848 26 4 30 22 6.5000 2 0 1.0833 1 0.0800 0.0123 1 0 10 -12.0000 0.3846 -3.0000 1 0 0 0 0 1 1 0 1 0 0 0 2 2 4 2 5 10 3 4 5 7 9 4 0 3 0 3 0 2 0 2 0 0 
0 48 13039996 0 1 0 1 0 8 1 9 0 0 0 3 1 4 19 0.5758 26 23 49 3 1.1304 2 0 1.0833 1 0.0800 0.0708 1 1 7 4 0.2692 0.1739 1 0 0 0 0 1 1 0 1 0 0 0 1 0 2 2 5 3 2 5 6 6 8 1 2 1 2 1 2 1 2 2 2 0 

0 49 12999996 0 1 1 0 0 2 2 4 1.5000 0.5000 2 1 1 2 17 0.5152 28 28 56 0 1 0 0 1 1 0.0864 0.0864 1 1 11 11 0.3929 0.3929 1 0 0 0 0 0 1 0 0 1 0 0 1 0 1 0 1 5 2 4 5 8 10 1 1 1 1 1 1 1 1 1 1 2 
1 49 12999997 0 1 0 1 0 1 1 2 0.5000 0.5000 1 2 1 3 8 0.2424 23 13 36 10 1.7692 0 0 1 1 0.0710 0.0401 1 1 15 5 0.6522 0.3846 1 0 0 0 0 0 1 0 0 1 0 0 1 0 3 0 2 1 2 3 5 6 6 1 1 2 1 2 1 2 1 1 1 0 
1 49 12999997 1 0 0 1 0 9 6 15 6 6 12 2 1 3 16 0.4848 26 4 30 22 6.5000 2 0 1.0833 1 0.0802 0.0123 1 0 10 -12.0000 0.3846 -3.0000 1 0 0 0 0 1 1 0 1 0 0 0 2 2 4 2 5 10 3 4 5 7 9 4 0 3 0 3 0 2 0 2 0 0 
1 49 12999997 0 1 0 1 0 9 1 10 0 0 0 2 2 4 19 0.5758 26 23 49 3 1.1304 2 0 1.0833 1 0.0802 0.0710 1 1 7 4 0.2692 0.1739 1 0 0 0 0 1 1 0 1 0 0 0 1 0 2 2 5 3 2 5 6 6 8 1 2 1 2 1 2 1 2 2 2 0 

0 50 12999997 0 1 1 0 0 2 2 4 1.5000 0.5000 2 1 1 2 17 0.5152 28 28 56 0 1 0 0 1 1 0.0864 0.0864 1 1 11 11 0.3929 0.3929 1 0 0 0 0 0 1 0 0 0 0 0 1 0 1 0 1 5 2 4 5 8 10 1 1 1 1 1 1 1 1 1 1 2 
1 50 12999998 1 0 0 1 0 9 6 15 6 6 12 2 1 3 16 0.4848 26 4 30 22 6.5000 2 0 1.0833 1 0.0802 0.0123 1 0 10 -12.0000 0.3846 -3.0000 1 0 0 0 0 1 1 0 1 0 0 0 2 2 4 2 5 10 3 4 5 7 9 4 0 3 0 3 0 2 0 2 0 0 
0 50 12999997 0 1 0 1 0 2 9 11 0 0 0 1 2 3 19 0.5758 23 26 49 3 1.1304 0 2 1 1.0833 0.0710 0.0802 1 1 4 7 0.1739 0.2692 1 0 0 0 0 0 1 0 0 0 0 1 1 0 1 3 1 5 2 5 7 8 9 1 2 1 2 1 2 1 2 2 2 0 

0 51 12999995 0 1 1 0 0 2 2 4 1.5000 0.5000 2 1 1 2 17 0.5152 28 28 56 0 1 0 0 1 1 0.0864 0.0864 1 1 11 11 0.3929 0.3929 1 0 0 0 0 0 1 0 0 1 0 0 1 0 1 0 1 5 2 4 5 8 10 1 1 1 1 1 1 1 1 1 1 2 
1 51 12999996 0 1 0 1 0 2 2 4 1 1 2 2 1 3 8 0.2424 23 13 36 10 1.7692 0 0 1 1 0.0710 0.0401 1 1 15 5 0.6522 0.3846 1 0 0 0 0 0 1 0 0 1 0 0 1 0 3 0 2 1 2 3 5 6 6 1 1 2 1 2 1 2 1 1 1 0 
1 51 12999996 1 0 0 1 0 10 7 17 7 7 14 3 1 4 16 0.4848 27 4 31 23 6.7500 3 0 1.1250 1 0.0833 0.0123 1 0 11 -12.0000 0.4074 -3.0000 1 0 0 0 0 1 1 0 1 0 0 1 2 2 4 2 5 10 3 4 5 7 9 8 0 7 0 7 0 7 0 7 0 0 
1 51 12999996 0 1 0 1 0 10 2 12 0 0 0 3 2 5 19 0.5758 27 23 50 4 1.1739 3 0 1.1250 1 0.0833 0.0710 1 1 8 4 0.2963 0.1739 1 0 0 0 0 1 1 0 1 0 0 1 1 0 2 2 5 3 2 5 6 6 8 1 7 1 7 1 7 1 7 2 5 0 
1 51 12999996 1 0 0 0 1 10 2 12 0 0 0 3 1 4 22 0.6667 27 34 61 7 1.2593 3 2 1.1250 1.0625 0.0833 0.1049 1 1 5 12 0.1852 0.3529 1 0 0 0 0 1 1 0 1 0 0 1 2 2 3 3 3 4 3 7 9 12 10 7 4 5 2 4 3 3 3 3 2 0 

0 52 12999996 0 1 1 0 0 2 2 4 1.5000 0.5000 2 1 1 2 17 0.5152 28 28 56 0 1 0 0 1 1 0.0864 0.0864 1 1 11 11 0.3929 0.3929 1 0 0 0 0 0 1 0 0 0 0 0 1 0 1 0 1 5 2 4 5 8 10 1 1 1 1 1 1 1 1 1 1 2 
1 52 12999997 1 0 0 1 0 10 7 17 7 7 14 3 1 4 16 0.4848 27 4 31 23 6.7500 3 0 1.1250 1 0.0833 0.0123 1 0 11 -12.0000 0.4074 -3.0000 1 0 0 0 0 1 1 0 1 0 0 1 2 2 4 2 5 10 3 4 5 7 9 8 0 7 0 7 0 7 0 7 0 0 
0 52 12999996 0 1 0 1 0 3 10 13 0 0 0 1 3 4 19 0.5758 23 27 50 4 1.1739 0 3 1 1.1250 0.0710 0.0833 1 1 4 8 0.1739 0.2963 1 0 0 0 0 1 1 0 1 0 0 1 1 0 1 3 1 6 2 5 7 8 9 1 7 1 7 1 7 1 7 2 5 0 
1 52 12999997 1 0 0 0 1 10 2 12 0 0 0 3 1 4 22 0.6667 27 34 61 7 1.2593 3 2 1.1250 1.0625 0.0833 0.1049 1 1 5 12 0.1852 0.3529 1 0 0 0 0 1 1 0 1 0 0 1 2 2 3 3 3 4 3 7 9 12 10 7 4 5 2 4 3 3 3 3 2 0 

0 53 12999996 0 1 1 0 0 2 2 4 1.5000 0.5000 2 1 1 2 17 0.5152 28 28 56 0 1 0 0 1 1 0.0864 0.0864 1 1 11 11 0.3929 0.3929 1 0 0 0 0 0 1 0 0 0 0 0 1 0 1 0 1 5 2 4 5 8 10 1 1 1 1 1 1 1 1 1 1 2 
1 53 12999997 1 0 0 1 0 11 8 19 8 8 16 3 1 4 17 0.5152 27 4 31 23 6.7500 3 0 1.1250 1 0.0833 0.0123 1 0 10 -13.0000 0.3704 -3.2500 1 0 0 0 1 0 1 0 1 0 1 0 2 2 4 2 9 4 3 4 5 7 9 7 0 6 0 6 0 6 0 6 0 0 
0 53 12999996 1 0 0 1 0 11 3 14 0 0 0 3 1 4 19 0.5758 27 23 50 4 1.1739 3 0 1.1250 1 0.0833 0.0710 1 1 8 4 0.2963 0.1739 1 0 0 0 2 0 1 0 2 0 0 0 2 0 5 2 9 2 3 6 8 8 10 1 6 1 6 1 6 1 6 2 4 0 
0 53 12999995 1 0 0 0 1 11 2 13 0 0 0 3 1 4 21 0.6364 27 34 61 7 1.2593 3 2 1.1250 1.0625 0.0833 0.1049 1 1 6 13 0.2222 0.3824 1 0 0 0 1 0 1 0 1 0 1 0 2 0 4 2 10 4 4 6 9 11 11 6 4 6 4 4 2 4 3 3 3 0 

0 54 12999996 0 1 1 0 0 30 10 40 10 0 10 1 1 2 3 0.0909 25 4 29 21 6.2500 10 0 1.6667 1 0.0772 0.0123 1 1 22 1 0.8800 0.2500 1 0 0 0 0 0 1 0 0 0 0 0 1 1 1 1 1 1 2 2 3 4 4 1 1 1 1 1 1 0 1 0 1 1 
1 54 12999997 1 0 1 0 0 3 3 6 2 2 4 2 1 3 17 0.5152 29 28 57 1 1.0357 1 0 1.0357 1 0.0895 0.0864 1 1 12 11 0.4138 0.3929 1 0 0 0 0 0 1 0 0 0 0 0 2 1 3 1 3 6 3 5 6 10 14 2 1 2 1 1 1 1 1 1 1 1 
0 54 12999996 1 0 0 1 0 3 13 16 2 2 4 1 2 3 4 0.1212 24 26 50 2 1.0833 1 2 1.0435 1.0833 0.0741 0.0802 1 1 20 22 0.8333 0.8462 1 0 1 0 0 0 1 1 0 0 0 0 2 1 3 4 3 6 3 4 7 9 5 5 2 5 2 6 1 6 1 5 1 0 
0 54 12999996 0 1 0 0 1 3 13 16 1 0 1 2 2 4 3 0.0909 29 26 55 3 1.1154 1 2 1.0357 1.0833 0.0895 0.0802 1 1 26 23 0.8966 0.8846 1 0 1 0 0 0 1 1 0 0 0 0 1 1 3 1 1 1 2 3 3 4 6 2 3 2 5 2 5 2 6 2 6 0 

1 55 13039998 1 0 1 0 0 11 31 42 0.5000 0.5000 1 1 1 2 3 0.0909 5 25 30 20 5 1 10 1.2500 1.6667 0.0154 0.0769 1 1 2 22 0.4000 0.8800 1 0 0 0 0 0 1 0 0 0 0 0 2 1 3 2 3 2 4 5 5 8 10 2 1 2 1 1 1 1 1 0 1 1 
0 55 13039997 1 0 0 1 0 3 13 16 2 2 4 1 1 2 4 0.1212 24 26 50 2 1.0833 1 2 1.0435 1.0833 0.0738 0.0800 1 1 20 22 0.8333 0.8462 1 0 0 0 0 0 1 0 0 0 0 0 2 2 3 3 4 5 3 4 7 9 5 5 2 5 2 6 1 6 1 5 1 0 
0 55 13039997 0 1 0 1 0 4 4 8 0 3 3 1 1 2 18 0.5455 30 28 58 2 1.0714 2 0 1.0714 1 0.0923 0.0862 1 1 12 10 0.4000 0.3571 1 0 0 0 0 0 1 0 0 0 0 0 1 0 1 0 1 0 3 4 6 7 7 5 1 2 1 1 1 1 1 1 1 0 

0 56 12999997 1 0 0 1 0 3 13 16 2 2 4 1 1 2 4 0.1212 24 26 50 2 1.0833 1 2 1.0435 1.0833 0.0741 0.0802 1 1 20 22 0.8333 0.8462 1 0 0 0 0 0 1 0 0 0 0 0 2 2 3 3 4 5 3 4 7 9 5 5 2 5 2 6 1 6 1 5 1 0 
0 56 12999997 0 1 0 1 0 4 4 8 0 3 3 1 1 2 18 0.5455 30 28 58 2 1.0714 2 0 1.0714 1 0.0926 0.0864 1 1 12 10 0.4000 0.3571 1 0 0 0 0 0 1 0 0 0 0 0 1 0 1 0 1 0 3 4 6 7 7 5 1 2 1 1 1 1 1 1 1 0 
1 56 13039998 1 0 0 1 0 31 31 62 31 31 62 1 1 2 24 0.7273 26 4 30 22 6.5000 11 0 1.7333 1 0.0802 0.0123 1 0 2 -20.0000 0.0769 -5.0000 1 0 0 0 0 0 1 0 0 0 0 0 2 3 4 8 5 10 4 5 5 8 5 0 6 0 4 0 2 0 1 0 0 0 

0 57 13079996 0 1 1 0 0 32 11 43 10.5000 0.5000 11 1 1 2 3 0.0909 25 4 29 21 6.2500 10 0 1.6667 1 0.0767 0.0123 1 1 22 1 0.8800 0.2500 1 0 0 0 0 0 1 0 0 0 0 0 1 1 1 1 1 1 2 2 3 4 4 1 1 1 1 1 1 0 1 0 1 1 
1 57 13079997 0 1 1 0 0 4 4 8 1 3 4 1 2 3 18 0.5455 29 29 58 0 1 1 1 1.0357 1.0357 0.0890 0.0890 1 1 11 11 0.3793 0.3793 1 0 0 0 0 0 1 0 0 0 0 0 1 0 1 0 1 0 1 1 2 4 3 2 2 1 1 1 1 1 1 1 1 2 
0 57 13079996 1 0 0 1 0 3 13 16 2 2 4 1 2 3 4 0.1212 24 26 50 2 1.0833 1 2 1.0435 1.0833 0.0736 0.0798 1 1 20 22 0.8333 0.8462 1 0 1 0 0 0 1 1 0 0 0 0 2 1 3 4 3 6 3 4 7 9 5 5 2 5 2 6 1 6 1 5 1 0 
0 57 13079996 0 1 0 0 1 4 13 17 1 0 1 2 2 4 3 0.0909 29 26 55 3 1.1154 1 2 1.0357 1.0833 0.0890 0.0798 1 1 26 23 0.8966 0.8846 1 0 1 0 0 0 1 1 0 0 0 0 1 1 3 1 1 1 2 3 3 4 6 2 3 2 5 2 5 2 6 2 6 0 

0 58 12999994 0 1 1 0 0 4 4 8 3 1 4 1 1 2 17 0.5152 28 28 56 0 1 0 0 1 1 0.0864 0.0864 1 1 11 11 0.3929 0.3929 1 0 0 0 0 0 1 0 0 1 0 0 1 0 1 0 1 5 2 4 5 8 10 1 1 1 1 1 1 1 1 1 1 2 
0 58 12999994 0 1 1 0 0 32 12 44 11.5000 0.5000 12 1 2 3 3 0.0909 25 4 29 21 6.2500 10 0 1.6667 1 0.0772 0.0123 1 1 22 1 0.8800 0.2500 1 0 0 0 0 0 2 0 0 0 0 0 1 1 1 1 1 1 2 2 3 4 4 1 1 1 1 1 1 0 1 0 1 1 
0 58 12999995 0 1 0 1 0 4 4 8 2 2 4 2 1 3 8 0.2424 23 13 36 10 1.7692 0 0 1 1 0.0710 0.0401 1 1 15 5 0.6522 0.3846 1 0 0 0 0 0 1 0 0 1 0 0 1 0 3 0 2 1 2 3 5 6 6 1 1 2 1 2 1 2 1 1 1 0 
1 58 12999996 1 0 0 1 0 14 12 26 11.5000 11.5000 23 3 2 5 17 0.5152 27 4 31 23 6.7500 3 0 1.1250 1 0.0833 0.0123 1 0 10 -13.0000 0.3704 -3.2500 1 0 0 0 1 0 2 0 1 0 1 0 2 2 4 2 9 4 3 4 5 7 9 7 0 6 0 6 0 6 0 6 0 0 
0 58 12999995 1 0 0 1 0 14 4 18 0 0 0 3 2 5 19 0.5758 27 23 50 4 1.1739 3 0 1.1250 1 0.0833 0.0710 1 1 8 4 0.2963 0.1739 1 0 0 0 2 0 1 1 2 0 0 0 2 0 5 2 9 2 3 6 8 8 10 1 6 1 6 1 6 1 6 2 4 0 
0 58 12999993 1 0 0 0 1 14 2 16 0 0 0 3 1 4 21 0.6364 27 34 61 7 1.2593 3 2 1.1250 1.0625 0.0833 0.1049 1 1 6 13 0.2222 0.3824 1 0 0 0 1 0 1 0 1 1 1 0 2 0 4 2 10 4 4 6 9 11 11 6 4 6 4 4 2 4 3 3 3 0 

0 59 12999997 0 1 1 0 0 4 4 8 3 1 4 1 1 2 17 0.5152 28 28 56 0 1 0 0 1 1 0.0864 0.0864 1 1 11 11 0.3929 0.3929 1 0 0 0 0 1 1 2 0 0 0 0 1 0 1 0 1 11 2 4 5 8 10 1 1 1 1 1 1 1 1 1 1 2 
1 59 12999998 1 0 0 1 0 15 1 16 0 0 0 2 1 3 13 0.3939 27 31 58 4 1.1481 3 0 1.1250 1 0.0833 0.0957 1 1 14 18 0.5185 0.5806 1 0 0 0 0 2 1 1 1 0 0 0 2 2 4 3 7 8 3 4 6 9 12 1 5 2 5 1 4 1 4 2 5 0 
0 59 12999992 1 0 0 1 0 15 2 17 0 0 0 2 1 3 10 0.3030 27 25 52 2 1.0800 3 0 1.1250 1 0.0833 0.0772 1 1 17 15 0.6296 0.6000 1 0 0 0 0 1 1 1 1 0 0 0 2 2 4 3 3 9 4 5 7 8 9 3 1 3 1 3 1 5 2 5 1 0 

0 60 12999997 0 1 1 0 0 4 4 8 3 1 4 1 1 2 17 0.5152 28 28 56 0 1 0 0 1 1 0.0864 0.0864 1 1 11 11 0.3929 0.3929 1 0 0 0 0 0 1 1 0 0 0 0 1 0 1 0 1 8 2 4 5 8 10 1 1 1 1 1 1 1 1 1 1 2 
1 60 13039989 1 0 0 1 0 16 2 18 0 0 0 2 1 3 10 0.3030 27 25 52 2 1.0800 3 0 1.1250 1 0.0833 0.0772 1 1 17 15 0.6296 0.6000 1 0 0 0 0 0 1 1 0 0 0 0 2 2 4 2 4 8 4 5 7 8 9 2 1 2 1 2 1 4 2 3 1 0 
0 60 12999995 1 0 0 0 1 16 2 18 0 0 0 2 1 3 18 0.5455 27 31 58 4 1.1481 3 0 1.1250 1 0.0833 0.0957 1 1 9 13 0.3333 0.4194 1 0 0 0 0 0 1 0 0 0 0 0 2 2 4 2 4 2 4 7 10 10 11 2 5 2 5 2 5 2 6 3 6 0 

0 61 12999995 0 1 1 0 0 4 4 8 3 1 4 1 1 2 17 0.5152 28 28 56 0 1 0 0 1 1 0.0864 0.0864 1 1 11 11 0.3929 0.3929 1 0 0 0 0 1 1 2 0 1 0 0 1 0 1 0 1 11 2 4 5 8 10 1 1 1 1 1 1 1 1 1 1 2 
0 61 12999995 0 1 1 0 0 32 13 45 12.5000 0.5000 13 1 1 2 3 0.0909 25 4 29 21 6.2500 10 0 1.6667 1 0.0772 0.0123 1 1 22 1 0.8800 0.2500 1 0 0 0 0 0 1 0 0 0 0 0 1 1 1 1 1 1 2 2 3 4 4 1 1 1 1 1 1 0 1 0 1 1 
1 61 12999996 0 1 0 1 0 4 4 8 2 2 4 1 1 2 8 0.2424 23 13 36 10 1.7692 0 0 1 1 0.0710 0.0401 1 1 15 5 0.6522 0.3846 1 0 0 0 0 0 1 0 1 1 1 0 1 0 3 0 2 1 2 3 5 6 6 1 1 2 1 2 1 2 1 1 1 0 
1 61 12999996 1 0 0 1 0 17 2 19 1 1 2 2 1 3 13 0.3939 27 31 58 4 1.1481 3 0 1.1250 1 0.0833 0.0957 1 1 14 18 0.5185 0.5806 1 0 0 0 0 2 1 1 2 0 0 0 2 2 4 3 7 8 3 4 6 9 12 1 5 2 5 1 4 1 4 2 5 0 
0 61 12999990 1 0 0 1 0 17 3 20 1 1 2 2 1 3 10 0.3030 27 25 52 2 1.0800 3 0 1.1250 1 0.0833 0.0772 1 1 17 15 0.6296 0.6000 1 0 0 0 0 1 1 1 1 0 1 0 2 2 4 3 3 9 4 5 7 8 9 3 1 3 1 3 1 5 2 5 1 0 

0 62 12999996 0 1 1 0 0 4 4 8 3 1 4 1 1 2 17 0.5152 28 28 56 0 1 0 0 1 1 0.0864 0.0864 1 1 11 11 0.3929 0.3929 1 0 0 0 0 1 1 2 0 0 0 0 1 0 1 0 1 11 2 4 5 8 10 1 1 1 1 1 1 1 1 1 1 2 
0 62 12999996 0 1 1 0 0 32 13 45 12.5000 0.5000 13 1 1 2 3 0.0909 25 4 29 21 6.2500 10 0 1.6667 1 0.0772 0.0123 1 1 22 1 0.8800 0.2500 1 0 0 0 0 0 1 0 0 0 0 0 1 1 1 1 1 1 2 2 3 4 4 1 1 1 1 1 1 0 1 0 1 1 
1 62 12999997 1 0 0 1 0 17 2 19 1 1 2 2 1 3 13 0.3939 27 31 58 4 1.1481 3 0 1.1250 1 0.0833 0.0957 1 1 14 18 0.5185 0.5806 1 0 0 0 0 2 1 1 1 0 0 0 2 2 4 3 7 8 3 4 6 9 12 1 5 2 5 1 4 1 4 2 5 0 
0 62 12999991 1 0 0 1 0 17 3 20 1 1 2 2 1 3 10 0.3030 27 25 52 2 1.0800 3 0 1.1250 1 0.0833 0.0772 1 1 17 15 0.6296 0.6000 1 0 0 0 0 1 1 1 1 0 0 0 2 2 4 3 3 9 4 5 7 8 9 3 1 3 1 3 1 5 2 5 1 0 

0 63 12999996 0 1 1 0 0 4 4 8 3 1 4 1 1 2 17 0.5152 28 28 56 0 1 0 0 1 1 0.0864 0.0864 1 1 11 11 0.3929 0.3929 1 0 0 0 0 0 1 1 0 0 0 0 1 0 1 0 1 8 2 4 5 8 10 1 1 1 1 1 1 1 1 1 1 2 
0 63 12999996 0 1 1 0 0 32 13 45 12.5000 0.5000 13 1 1 2 3 0.0909 25 4 29 21 6.2500 10 0 1.6667 1 0.0772 0.0123 1 1 22 1 0.8800 0.2500 1 0 0 0 0 0 1 0 0 0 0 0 1 1 1 1 1 1 2 2 3 4 4 1 1 1 1 1 1 0 1 0 1 1 
1 63 13039988 1 0 0 1 0 18 3 21 1 1 2 2 1 3 10 0.3030 27 25 52 2 1.0800 3 0 1.1250 1 0.0833 0.0772 1 1 17 15 0.6296 0.6000 1 0 0 0 0 0 1 1 0 0 0 0 2 2 4 2 4 8 4 5 7 8 9 2 1 2 1 2 1 4 2 3 1 0 
0 63 12999994 1 0 0 0 1 18 3 21 0 0 0 2 1 3 18 0.5455 27 31 58 4 1.1481 3 0 1.1250 1 0.0833 0.0957 1 1 9 13 0.3333 0.4194 1 0 0 0 0 0 1 0 0 0 0 0 2 2 4 2 4 2 4 7 10 10 11 2 5 2 5 2 5 2 6 3 6 0 

1 64 12999998 0 1 1 0 0 4 4 8 3 1 4 1 1 2 17 0.5152 28 28 56 0 1 0 0 1 1 0.0864 0.0864 1 1 11 11 0.3929 0.3929 1 0 0 0 0 0 1 1 0 0 0 0 1 0 1 0 1 5 2 4 5 8 10 1 1 1 1 1 1 1 1 1 1 2 
0 64 12999994 1 0 0 1 0 19 4 23 2 2 4 1 1 2 10 0.3030 26 26 52 0 1 2 1 1.0833 1.0400 0.0802 0.0802 1 1 16 16 0.6154 0.6154 1 0 0 0 0 0 1 1 0 0 0 0 2 2 4 2 4 8 4 5 7 8 9 1 2 1 2 1 2 2 3 1 3 0 

1 65 13079998 1 0 1 0 0 5 5 10 1.5000 1.5000 3 1 1 2 17 0.5152 29 28 57 1 1.0357 1 0 1.0357 1 0.0890 0.0859 1 1 12 11 0.4138 0.3929 1 0 0 0 0 0 1 0 1 0 0 0 2 1 3 1 3 1 2 3 6 9 11 1 2 1 2 1 1 1 1 1 1 3 
0 65 13079994 1 0 0 1 0 19 4 23 2 2 4 1 1 2 10 0.3030 26 26 52 0 1 2 1 1.0833 1.0400 0.0798 0.0798 1 1 16 16 0.6154 0.6154 1 0 0 0 0 0 1 0 1 0 0 0 2 2 4 2 4 8 4 5 7 8 9 1 2 1 2 1 2 2 3 1 3 0 

1 66 12999999 1 0 1 0 0 5 5 10 3.5000 3.5000 7 1 1 2 17 0.5152 29 28 57 1 1.0357 1 0 1.0357 1 0.0895 0.0864 1 1 12 11 0.4138 0.3929 1 0 0 0 0 0 1 1 0 0 0 0 2 1 3 1 3 6 3 5 6 10 14 2 1 2 1 1 1 1 1 1 1 1 
0 66 12999994 1 0 0 1 0 19 4 23 2 2 4 1 1 2 10 0.3030 26 26 52 0 1 2 1 1.0833 1.0400 0.0802 0.0802 1 1 16 16 0.6154 0.6154 1 0 0 0 0 0 1 1 0 0 0 0 2 2 4 2 4 8 4 5 7 8 9 1 2 1 2 1 2 2 3 1 3 0 

1 67 13079998 0 1 1 0 0 6 6 12 1.5000 4.5000 6 1 1 2 18 0.5455 29 29 58 0 1 1 1 1.0357 1.0357 0.0890 0.0890 1 1 11 11 0.3793 0.3793 1 0 0 0 0 0 1 0 0 0 0 0 1 0 1 0 1 0 1 1 2 4 3 2 2 1 1 1 1 1 1 1 1 2 
0 67 13079994 1 0 0 1 0 20 5 25 3 3 6 1 1 2 10 0.3030 26 26 52 0 1 2 1 1.0833 1.0400 0.0798 0.0798 1 1 16 16 0.6154 0.6154 1 0 0 0 0 0 1 1 0 0 0 0 2 2 4 2 4 8 4 5 7 8 9 1 2 1 2 1 2 2 3 1 3 0 

0 68 13039995 0 1 1 0 0 6 6 12 4.5000 1.5000 6 2 1 3 17 0.5152 28 28 56 0 1 0 0 1 1 0.0862 0.0862 1 1 11 11 0.3929 0.3929 1 0 0 0 0 0 1 0 0 0 0 0 1 0 1 0 1 5 2 4 5 8 10 1 1 1 1 1 1 1 1 1 1 2 
1 68 13039999 1 0 1 0 0 20 3 23 1 1 2 4 1 5 4 0.1212 27 23 50 4 1.1739 3 0 1.1250 1 0.0831 0.0708 1 1 23 19 0.8519 0.8261 1 1 0 0 0 0 2 0 0 0 1 0 2 1 6 1 5 1 3 5 6 6 9 2 1 2 1 1 1 1 1 1 1 1 
0 68 13039996 1 0 0 1 0 20 0 20 0 0 0 4 1 5 13 0.3939 27 10 37 17 2.7000 3 0 1.1250 1 0.0831 0.0308 1 0 14 -3.0000 0.5185 -0.3000 1 0 0 0 0 0 1 0 0 0 0 1 2 2 7 2 7 3 3 5 4 4 6 0 2 0 2 0 2 0 1 0 1 0 
0 68 13039995 0 1 0 1 0 20 6 26 0 1 1 4 2 6 3 0.0909 27 28 55 1 1.0370 3 0 1.1250 1 0.0831 0.0862 1 1 24 25 0.8889 0.8929 1 0 0 0 0 0 1 0 0 0 0 0 1 0 1 0 1 0 2 3 3 6 10 1 2 1 2 1 2 1 1 1 1 1 
1 68 13039999 1 0 0 1 0 20 2 22 0 0 0 4 1 5 8 0.2424 27 34 61 7 1.2593 3 2 1.1250 1.0625 0.0831 0.1046 1 1 19 26 0.7037 0.7647 1 0 0 0 0 0 1 0 0 0 2 1 2 0 4 0 4 0 3 3 5 8 9 1 4 1 5 1 5 1 4 1 3 0 

0 69 12999996 0 1 1 0 0 6 6 12 4.5000 1.5000 6 1 1 2 17 0.5152 28 28 56 0 1 0 0 1 1 0.0864 0.0864 1 1 11 11 0.3929 0.3929 1 0 0 0 0 0 1 1 0 1 0 0 1 0 1 0 1 5 2 4 5 8 10 1 1 1 1 1 1 1 1 1 1 2 
0 69 12999996 0 1 1 0 0 32 13 45 12.5000 0.5000 13 1 1 2 3 0.0909 25 4 29 21 6.2500 10 0 1.6667 1 0.0772 0.0123 1 1 22 1 0.8800 0.2500 1 0 0 0 0 0 1 0 0 0 0 0 1 1 1 1 1 1 2 2 3 4 4 1 1 1 1 1 1 0 1 0 1 1 
1 69 12999997 0 1 0 1 0 5 5 10 2.5000 2.5000 5 1 1 2 8 0.2424 23 13 36 10 1.7692 0 0 1 1 0.0710 0.0401 1 1 15 5 0.6522 0.3846 1 0 0 0 0 0 1 0 0 1 1 0 1 0 3 0 2 1 2 3 5 6 6 1 1 2 1 2 1 2 1 1 1 0 
0 69 12999992 1 0 0 1 0 20 5 25 3 3 6 1 1 2 10 0.3030 26 26 52 0 1 2 1 1.0833 1.0400 0.0802 0.0802 1 1 16 16 0.6154 0.6154 1 0 0 0 0 0 1 1 0 0 1 0 2 2 4 2 4 8 4 5 7 8 9 1 2 1 2 1 2 2 3 1 3 0 

1 70 12999997 0 1 1 0 0 6 6 12 4.5000 1.5000 6 1 1 2 17 0.5152 28 28 56 0 1 0 0 1 1 0.0864 0.0864 1 1 11 11 0.3929 0.3929 1 0 0 0 0 0 1 1 0 0 0 0 1 0 1 0 1 5 2 4 5 8 10 1 1 1 1 1 1 1 1 1 1 2 
1 70 12999997 0 1 1 0 0 32 13 45 12.5000 0.5000 13 1 1 2 3 0.0909 25 4 29 21 6.2500 10 0 1.6667 1 0.0772 0.0123 1 1 22 1 0.8800 0.2500 1 0 0 0 0 0 1 0 0 0 0 0 1 1 1 1 1 1 2 2 3 4 4 1 1 1 1 1 1 0 1 0 1 1 
0 70 12999993 1 0 0 1 0 20 5 25 3 3 6 1 1 2 10 0.3030 26 26 52 0 1 2 1 1.0833 1.0400 0.0802 0.0802 1 1 16 16 0.6154 0.6154 1 0 0 0 0 0 1 1 0 0 0 0 2 2 4 2 4 8 4 5 7 8 9 1 2 1 2 1 2 2 3 1 3 0 

1 71 13079997 0 1 1 0 0 32 13 45 12.5000 0.5000 13 1 1 2 3 0.0909 25 4 29 21 6.2500 10 0 1.6667 1 0.0767 0.0123 1 1 22 1 0.8800 0.2500 1 0 0 0 0 0 1 0 0 0 0 0 1 1 1 1 1 1 2 2 3 4 4 1 1 1 1 1 1 0 1 0 1 1 
1 71 13079997 1 0 1 0 0 7 7 14 2 2 4 1 1 2 17 0.5152 29 28 57 1 1.0357 1 0 1.0357 1 0.0890 0.0859 1 1 12 11 0.4138 0.3929 1 0 0 0 0 0 1 0 1 0 0 0 2 1 3 1 3 1 2 3 6 9 11 1 2 1 2 1 1 1 1 1 1 3 
0 71 13079993 1 0 0 1 0 20 5 25 3 3 6 1 1 2 10 0.3030 26 26 52 0 1 2 1 1.0833 1.0400 0.0798 0.0798 1 1 16 16 0.6154 0.6154 1 0 0 0 0 0 1 0 1 0 0 0 2 2 4 2 4 8 4 5 7 8 9 1 2 1 2 1 2 2 3 1 3 0 

0 72 12999997 0 1 1 0 0 32 13 45 12.5000 0.5000 13 1 1 2 3 0.0909 25 4 29 21 6.2500 10 0 1.6667 1 0.0772 0.0123 1 1 22 1 0.8800 0.2500 1 0 0 0 0 0 1 0 0 0 0 0 1 1 1 1 1 1 2 2 3 4 4 1 1 1 1 1 1 0 1 0 1 1 
1 72 12999998 1 0 1 0 0 7 7 14 5 5 10 1 1 2 17 0.5152 29 28 57 1 1.0357 1 0 1.0357 1 0.0895 0.0864 1 1 12 11 0.4138 0.3929 1 0 0 0 0 0 1 1 0 0 0 0 2 1 3 1 3 6 3 5 6 10 14 2 1 2 1 1 1 1 1 1 1 1 
0 72 12999993 1 0 0 1 0 20 5 25 3 3 6 1 1 2 10 0.3030 26 26 52 0 1 2 1 1.0833 1.0400 0.0802 0.0802 1 1 16 16 0.6154 0.6154 1 0 0 0 0 0 1 1 0 0 0 0 2 2 4 2 4 8 4 5 7 8 9 1 2 1 2 1 2 2 3 1 3 0 

1 73 12999998 0 1 1 0 0 32 13 45 12.5000 0.5000 13 1 1 2 3 0.0909 25 4 29 21 6.2500 10 0 1.6667 1 0.0772 0.0123 1 1 22 1 0.8800 0.2500 1 0 0 0 0 0 1 0 0 0 0 0 1 1 1 1 1 1 2 2 3 4 4 1 1 1 1 1 1 0 1 0 1 1 
0 73 12999994 1 0 0 1 0 20 5 25 3 3 6 1 1 2 10 0.3030 26 26 52 0 1 2 1 1.0833 1.0400 0.0802 0.0802 1 1 16 16 0.6154 0.6154 1 0 0 0 0 0 1 0 0 0 0 0 2 2 4 2 4 8 4 5 7 8 9 1 2 1 2 1 2 2 3 1 3 0 

1 74 13039999 1 0 1 0 0 14 33 47 1 1 2 1 1 2 3 0.0909 5 25 30 20 5 1 10 1.2500 1.6667 0.0154 0.0769 1 1 2 22 0.4000 0.8800 1 0 0 0 0 0 1 0 0 0 0 0 2 1 3 2 3 2 4 5 5 8 10 2 1 2 1 1 1 1 1 0 1 1 
0 74 13039994 1 0 0 1 0 20 5 25 3 3 6 1 1 2 10 0.3030 26 26 52 0 1 2 1 1.0833 1.0400 0.0800 0.0800 1 1 16 16 0.6154 0.6154 1 0 0 0 0 0 1 0 0 0 0 0 2 2 4 2 4 8 4 5 7 8 9 1 2 1 2 1 2 2 3 1 3 0 

0 75 12999994 1 0 0 1 0 20 5 25 3 3 6 1 1 2 10 0.3030 26 26 52 0 1 2 1 1.0833 1.0400 0.0802 0.0802 1 1 16 16 0.6154 0.6154 1 0 0 0 0 0 1 0 0 0 0 0 2 2 4 2 4 8 4 5 7 8 9 1 2 1 2 1 2 2 3 1 3 0 
1 75 13039999 1 0 0 1 0 33 32 65 32 32 64 1 1 2 24 0.7273 26 4 30 22 6.5000 11 0 1.7333 1 0.0802 0.0123 1 0 2 -20.0000 0.0769 -5.0000 1 0 0 0 0 0 1 0 0 0 0 0 2 2 4 6 6 8 4 5 5 8 5 0 6 0 4 0 2 0 1 0 0 0 

1 76 13039998 1 0 1 0 0 34 14 48 13 13 26 1 1 2 3 0.0909 26 4 30 22 6.5000 11 0 1.7333 1 0.0800 0.0123 1 1 23 1 0.8846 0.2500 1 0 0 0 0 0 1 0 0 0 0 0 2 1 4 1 4 2 3 4 5 7 9 1 2 1 2 1 1 0 1 0 1 1 
0 76 13039994 1 0 0 1 0 20 5 25 3 3 6 1 1 2 10 0.3030 26 26 52 0 1 2 1 1.0833 1.0400 0.0800 0.0800 1 1 16 16 0.6154 0.6154 1 0 0 0 0 0 1 0 0 0 0 0 2 2 4 2 4 8 4 5 7 8 9 1 2 1 2 1 2 2 3 1 3 0 

1 77 13079997 0 1 1 0 0 34 14 48 13 1 14 1 1 2 3 0.0909 25 4 29 21 6.2500 10 0 1.6667 1 0.0767 0.0123 1 1 22 1 0.8800 0.2500 1 0 0 0 0 0 1 0 0 0 0 0 1 1 1 1 1 1 2 2 3 4 4 1 1 1 1 1 1 0 1 0 1 1 
1 77 13079997 0 1 1 0 0 8 8 16 2 6 8 1 1 2 18 0.5455 29 29 58 0 1 1 1 1.0357 1.0357 0.0890 0.0890 1 1 11 11 0.3793 0.3793 1 0 0 0 0 0 1 0 0 0 0 0 1 0 1 0 1 0 1 1 2 4 3 2 2 1 1 1 1 1 1 1 1 2 
0 77 13079993 1 0 0 1 0 20 5 25 3 3 6 1 1 2 10 0.3030 26 26 52 0 1 2 1 1.0833 1.0400 0.0798 0.0798 1 1 16 16 0.6154 0.6154 1 0 0 0 0 0 1 1 0 0 0 0 2 2 4 2 4 8 4 5 7 8 9 1 2 1 2 1 2 2 3 1 3 0 

0 78 13039994 0 1 1 0 0 8 8 16 6 2 8 2 1 3 17 0.5152 28 28 56 0 1 0 0 1 1 0.0862 0.0862 1 1 11 11 0.3929 0.3929 1 0 0 0 0 0 1 0 0 0 0 0 1 0 1 0 1 5 2 4 5 8 10 1 1 1 1 1 1 1 1 1 1 2 
0 78 13039994 0 1 1 0 0 34 14 48 13 1 14 1 1 2 3 0.0909 25 4 29 21 6.2500 10 0 1.6667 1 0.0769 0.0123 1 1 22 1 0.8800 0.2500 1 0 0 0 0 0 1 0 0 0 1 0 1 1 1 1 1 1 2 2 3 4 4 1 1 1 1 1 1 0 1 0 1 1 
1 78 13039998 1 0 1 0 0 20 3 23 1 1 2 4 1 5 4 0.1212 27 23 50 4 1.1739 3 0 1.1250 1 0.0831 0.0708 1 1 23 19 0.8519 0.8261 1 1 0 0 0 0 2 0 0 0 1 0 2 1 6 1 5 1 3 5 6 6 9 2 1 2 1 1 1 1 1 1 1 1 
0 78 13039995 1 0 0 1 0 20 0 20 0 0 0 4 1 5 13 0.3939 27 10 37 17 2.7000 3 0 1.1250 1 0.0831 0.0308 1 0 14 -3.0000 0.5185 -0.3000 1 0 0 0 0 0 1 0 0 0 1 1 2 2 7 2 7 3 3 5 4 4 6 0 2 0 2 0 2 0 1 0 1 0 
0 78 13039994 0 1 0 1 0 20 8 28 0 1 1 4 2 6 3 0.0909 27 28 55 1 1.0370 3 0 1.1250 1 0.0831 0.0862 1 1 24 25 0.8889 0.8929 1 0 0 0 0 0 1 0 0 0 0 0 1 0 1 0 1 0 2 3 3 6 10 1 2 1 2 1 2 1 1 1 1 1 
1 78 13039998 1 0 0 1 0 20 2 22 0 0 0 4 1 5 8 0.2424 27 34 61 7 1.2593 3 2 1.1250 1.0625 0.0831 0.1046 1 1 19 26 0.7037 0.7647 1 0 0 0 0 0 1 0 0 0 2 1 2 0 4 0 4 0 3 3 5 8 9 1 4 1 5 1 5 1 4 1 3 0 

1 79 13079999 1 0 1 0 0 3 0 3 0 0 0 1 1 2 10 0.3030 25 14 39 11 1.7857 2 0 1.0870 1 0.0767 0.0429 1 1 15 4 0.6000 0.2857 1 0 0 0 0 0 1 0 0 0 0 0 2 0 7 0 6 0 4 6 7 8 9 1 2 1 2 1 1 2 1 2 1 1 
0 79 13079998 0 1 0 1 0 8 8 16 3 6 9 1 1 2 18 0.5455 30 28 58 2 1.0714 2 0 1.0714 1 0.0920 0.0859 1 1 12 10 0.4000 0.3571 1 0 0 0 0 0 1 0 0 0 0 0 1 0 1 0 1 0 3 4 6 7 7 5 1 2 1 1 1 1 1 1 1 0 

0 80 13039994 1 0 0 1 0 21 6 27 4 4 8 1 1 2 10 0.3030 26 26 52 0 1 2 1 1.0833 1.0400 0.0800 0.0800 1 1 16 16 0.6154 0.6154 1 0 0 0 0 0 1 0 0 0 0 0 2 2 4 2 4 8 4 5 7 8 9 1 2 1 2 1 2 2 3 1 3 0 
1 80 13079999 1 0 0 1 0 35 33 68 33 33 66 1 1 2 24 0.7273 26 4 30 22 6.5000 11 0 1.7333 1 0.0800 0.0123 1 0 2 -20.0000 0.0769 -5.0000 1 0 0 0 0 0 1 0 0 0 0 0 2 2 4 6 6 8 4 5 5 8 5 0 6 0 4 0 2 0 1 0 0 0 

1 81 13079999 0 1 1 0 0 36 15 51 13 2 15 1 1 2 4 0.1212 26 5 31 21 5.2000 11 1 1.7333 1.2500 0.0798 0.0153 1 1 22 1 0.8462 0.2000 1 0 0 0 0 0 1 0 0 0 0 0 1 1 1 1 1 1 2 2 3 4 4 2 2 1 1 1 1 0 1 0 1 1 
0 81 13079994 1 0 0 1 0 21 6 27 4 4 8 1 1 2 10 0.3030 26 26 52 0 1 2 1 1.0833 1.0400 0.0798 0.0798 1 1 16 16 0.6154 0.6154 1 0 0 0 0 0 1 0 0 0 0 0 2 2 4 2 4 8 4 5 7 8 9 1 2 1 2 1 2 2 3 1 3 0 

1 82 13079999 0 1 1 0 0 16 37 53 2 14 16 1 1 2 4 0.1212 5 26 31 21 5.2000 1 11 1.2500 1.7333 0.0153 0.0798 1 1 1 22 0.2000 0.8462 1 0 0 0 0 0 1 0 0 0 0 0 1 0 1 0 1 0 3 4 4 6 7 2 2 1 1 1 1 0 1 0 1 1 
0 82 13079994 1 0 0 1 0 21 6 27 4 4 8 1 1 2 10 0.3030 26 26 52 0 1 2 1 1.0833 1.0400 0.0798 0.0798 1 1 16 16 0.6154 0.6154 1 0 0 0 0 0 1 0 0 0 0 0 2 2 4 2 4 8 4 5 7 8 9 1 2 1 2 1 2 2 3 1 3 0 

0 83 13039994 1 0 0 1 0 21 6 27 4 4 8 1 1 2 10 0.3030 26 26 52 0 1 2 1 1.0833 1.0400 0.0800 0.0800 1 1 16 16 0.6154 0.6154 1 0 0 0 0 0 1 0 0 0 0 0 2 2 4 2 4 8 4 5 7 8 9 1 2 1 2 1 2 2 3 1 3 0 
1 83 13079999 1 0 0 1 0 37 34 71 34 34 68 1 1 2 25 0.7576 27 4 31 23 6.7500 12 0 1.8000 1 0.0831 0.0123 1 0 2 -21.0000 0.0741 -5.2500 1 0 0 0 0 0 1 0 0 0 0 0 2 2 5 6 6 8 4 5 5 8 5 0 6 0 4 0 2 0 1 0 0 0 

1 84 13039998 0 1 1 0 0 8 8 16 6 2 8 1 1 2 17 0.5152 28 28 56 0 1 0 0 1 1 0.0862 0.0862 1 1 11 11 0.3929 0.3929 1 0 0 0 0 0 1 1 0 0 0 0 1 0 1 0 5 6 2 4 5 8 10 1 1 1 1 1 1 1 1 1 1 2 
0 84 13039997 1 0 0 1 0 21 6 27 4 4 8 1 1 2 10 0.3030 27 25 52 2 1.0800 3 0 1.1250 1 0.0831 0.0769 1 1 17 15 0.6296 0.6000 1 0 0 0 0 0 1 1 0 0 0 0 2 2 4 3 4 8 4 5 7 8 9 3 1 3 1 3 1 5 2 5 1 0 

1 85 13119998 1 0 1 0 0 9 9 18 2.5000 2.5000 5 1 1 2 17 0.5152 29 28 57 1 1.0357 1 0 1.0357 1 0.0887 0.0856 1 1 12 11 0.4138 0.3929 1 0 0 0 0 0 1 0 1 0 0 0 2 1 3 1 3 5 2 3 6 9 11 1 2 1 2 1 1 1 1 1 1 3 
0 85 13119997 1 0 0 1 0 21 6 27 4 4 8 1 1 2 10 0.3030 27 25 52 2 1.0800 3 0 1.1250 1 0.0826 0.0765 1 1 17 15 0.6296 0.6000 1 0 0 0 0 0 1 0 1 0 0 0 2 2 4 3 4 8 4 5 7 8 9 3 1 3 1 3 1 5 2 5 1 0 

1 86 13039999 1 0 1 0 0 9 9 18 6.5000 6.5000 13 1 1 2 17 0.5152 29 28 57 1 1.0357 1 0 1.0357 1 0.0892 0.0862 1 1 12 11 0.4138 0.3929 1 0 0 0 0 0 1 1 0 0 0 0 2 1 3 1 7 7 3 5 6 10 14 2 1 2 1 1 1 1 1 1 1 1 
0 86 13039997 1 0 0 1 0 21 6 27 4 4 8 1 1 2 10 0.3030 27 25 52 2 1.0800 3 0 1.1250 1 0.0831 0.0769 1 1 17 15 0.6296 0.6000 1 0 0 0 0 0 1 1 0 0 0 0 2 2 4 3 4 8 4 5 7 8 9 3 1 3 1 3 1 5 2 5 1 0 

