1 1 11319996 1 0 1 0 0 0 0 0 0 0 0 1 1 2 12 0.4286 16 5 21 11 3.2000 0 0 1 1 0.0567 0.0177 1 0 4 -7.0000 0.2500 -1.4000 1 0 0 0 0 0 1 0 0 0 0 0 2 2 4 2 4 2 2 4 4 6 6 0 2 0 1 0 1 0 1 0 2 2 
1 1 11319996 1 0 1 0 0 0 0 0 0 0 0 1 1 2 20 0.7143 24 2 26 22 12 0 0 1 1 0.0851 0.0071 1 0 4 -18.0000 0.1667 -9.0000 1 0 0 0 0 0 1 0 0 0 0 0 2 2 4 3 7 7 3 5 5 5 5 0 1 0 1 0 1 0 2 0 2 2 
1 1 11319996 1 0 1 0 0 0 0 0 0 0 0 1 1 2 15 0.5357 17 2 19 15 8.5000 0 0 1 1 0.0603 0.0071 1 0 2 -13.0000 0.1176 -6.5000 1 0 0 0 0 0 1 0 0 0 0 0 2 2 4 3 4 3 3 4 5 7 9 1 0 1 0 1 0 1 0 0 0 6 
0 1 11319995 1 0 1 0 0 0 0 0 0 0 0 2 1 3 7 0.2500 22 16 38 6 1.3750 0 0 1 1 0.0780 0.0567 1 1 15 9 0.6818 0.5625 1 0 0 0 0 0 1 0 0 0 0 0 2 0 4 5 4 11 3 7 10 11 11 1 2 1 1 1 1 1 1 2 1 2 
0 1 11319995 1 0 0 0 1 0 0 0 0 0 0 2 1 3 19 0.6786 22 29 51 7 1.3182 0 0 1 1 0.0780 0.1028 1 1 3 10 0.1364 0.3448 1 0 0 0 0 0 1 0 0 0 0 0 2 0 4 0 4 1 2 4 5 8 8 3 4 2 2 2 2 2 2 1 3 0 

1 2 11319996 1 0 1 0 0 0 0 0 0 0 0 1 1 2 20 0.7143 24 2 26 22 12 0 0 1 1 0.0851 0.0071 1 0 4 -18.0000 0.1667 -9.0000 1 0 0 0 0 0 1 0 0 0 0 0 2 2 4 3 7 7 3 5 5 5 5 0 1 0 1 0 1 0 2 0 2 2 
1 2 11319996 1 0 1 0 0 0 0 0 0 0 0 1 1 2 15 0.5357 17 2 19 15 8.5000 0 0 1 1 0.0603 0.0071 1 0 2 -13.0000 0.1176 -6.5000 1 0 0 0 0 0 1 0 0 0 0 0 2 2 4 3 4 3 3 4 5 7 9 1 0 1 0 1 0 1 0 0 0 6 
0 2 11319995 1 0 1 0 0 0 0 0 0 0 0 2 1 3 7 0.2500 22 16 38 6 1.3750 0 0 1 1 0.0780 0.0567 1 1 15 9 0.6818 0.5625 1 0 0 0 0 0 1 0 0 0 0 0 2 0 4 5 4 11 3 7 10 11 11 1 2 1 1 1 1 1 1 2 1 2 
1 2 11319996 1 0 1 0 0 1 1 2 1 1 2 1 1 2 13 0.4643 17 5 22 12 3.4000 1 0 1.0625 1 0.0603 0.0177 1 0 4 -8.0000 0.2353 -1.6000 1 0 0 0 0 0 1 0 0 0 0 0 2 2 4 3 3 3 2 4 4 6 6 0 3 0 1 0 1 0 1 0 2 1 
0 2 11319995 1 0 0 0 1 0 0 0 0 0 0 2 1 3 19 0.6786 22 29 51 7 1.3182 0 0 1 1 0.0780 0.1028 1 1 3 10 0.1364 0.3448 1 0 0 0 0 0 1 0 0 0 0 0 2 0 4 0 4 1 2 4 5 8 8 3 4 2 2 2 2 2 2 1 3 0 

1 3 11319996 1 0 1 0 0 0 0 0 0 0 0 1 1 2 15 0.5357 17 2 19 15 8.5000 0 0 1 1 0.0603 0.0071 1 0 2 -13.0000 0.1176 -6.5000 1 0 0 0 0 0 1 0 0 0 0 0 2 2 4 3 4 3 3 4 5 7 9 1 0 1 0 1 0 1 0 0 0 6 
0 3 11319995 1 0 1 0 0 0 0 0 0 0 0 2 1 3 7 0.2500 22 16 38 6 1.3750 0 0 1 1 0.0780 0.0567 1 1 15 9 0.6818 0.5625 1 0 0 0 0 0 1 0 0 0 0 0 2 0 4 5 4 11 3 7 10 11 11 1 2 1 1 1 1 1 1 2 1 2 
1 3 11319996 1 0 1 0 0 1 1 2 1 1 2 1 1 2 13 0.4643 17 5 22 12 3.4000 1 0 1.0625 1 0.0603 0.0177 1 0 4 -8.0000 0.2353 -1.6000 1 0 0 0 0 0 1 0 0 0 0 0 2 2 4 3 3 3 2 4 4 6 6 0 3 0 1 0 1 0 1 0 2 1 
1 3 11319996 1 0 1 0 0 1 1 2 1 1 2 1 1 2 21 0.7500 25 2 27 23 12.5000 1 0 1.0417 1 0.0887 0.0071 1 0 4 -19.0000 0.1600 -9.5000 1 0 0 0 0 0 1 0 0 0 0 0 2 2 4 4 6 8 3 5 5 5 5 0 2 0 1 0 1 0 2 0 2 1 
0 3 11319995 1 0 0 0 1 0 0 0 0 0 0 2 1 3 19 0.6786 22 29 51 7 1.3182 0 0 1 1 0.0780 0.1028 1 1 3 10 0.1364 0.3448 1 0 0 0 0 0 1 0 0 0 0 0 2 0 4 0 4 1 2 4 5 8 8 3 4 2 2 2 2 2 2 1 3 0 

0 4 11319995 1 0 1 0 0 0 0 0 0 0 0 2 1 3 7 0.2500 22 16 38 6 1.3750 0 0 1 1 0.0780 0.0567 1 1 15 9 0.6818 0.5625 1 0 0 0 0 0 1 0 0 0 0 0 2 0 4 5 4 11 3 7 10 11 11 1 2 1 1 1 1 1 1 2 1 2 
1 4 11319996 1 0 1 0 0 1 1 2 1 1 2 1 1 2 13 0.4643 17 5 22 12 3.4000 1 0 1.0625 1 0.0603 0.0177 1 0 4 -8.0000 0.2353 -1.6000 1 0 0 0 0 0 1 0 0 0 0 0 2 2 4 3 3 3 2 4 4 6 6 0 3 0 1 0 1 0 1 0 2 1 
1 4 11319996 1 0 1 0 0 1 1 2 1 1 2 1 1 2 21 0.7500 25 2 27 23 12.5000 1 0 1.0417 1 0.0887 0.0071 1 0 4 -19.0000 0.1600 -9.5000 1 0 0 0 0 0 1 0 0 0 0 0 2 2 4 4 6 8 3 5 5 5 5 0 2 0 1 0 1 0 2 0 2 1 
1 4 11319996 1 0 1 0 0 1 1 2 1 1 2 1 1 2 16 0.5714 18 2 20 16 9 1 0 1.0588 1 0.0638 0.0071 1 0 2 -14.0000 0.1111 -7.0000 1 0 0 0 0 0 1 0 0 0 0 0 2 2 4 4 3 6 3 4 5 7 9 2 0 1 0 1 0 1 0 0 0 5 
0 4 11319995 1 0 0 0 1 0 0 0 0 0 0 2 1 3 19 0.6786 22 29 51 7 1.3182 0 0 1 1 0.0780 0.1028 1 1 3 10 0.1364 0.3448 1 0 0 0 0 0 1 0 0 0 0 0 2 0 4 0 4 1 2 4 5 8 8 3 4 2 2 2 2 2 2 1 3 0 

0 5 11319996 1 0 1 0 0 0 0 0 0 0 0 2 1 3 7 0.2500 22 16 38 6 1.3750 0 0 1 1 0.0780 0.0567 1 1 15 9 0.6818 0.5625 1 0 0 0 0 0 1 0 0 0 0 0 2 0 4 5 4 11 3 7 10 11 11 1 2 1 1 1 1 1 1 2 1 2 
1 5 11319997 1 0 1 0 0 1 1 2 1 1 2 1 1 2 21 0.7500 25 2 27 23 12.5000 1 0 1.0417 1 0.0887 0.0071 1 0 4 -19.0000 0.1600 -9.5000 1 0 0 0 0 0 1 0 0 0 0 0 2 2 4 4 6 8 3 5 5 5 5 0 2 0 1 0 1 0 2 0 2 1 
1 5 11319997 1 0 1 0 0 1 1 2 1 1 2 1 1 2 16 0.5714 18 2 20 16 9 1 0 1.0588 1 0.0638 0.0071 1 0 2 -14.0000 0.1111 -7.0000 1 0 0 0 0 0 1 0 0 0 0 0 2 2 4 4 3 6 3 4 5 7 9 2 0 1 0 1 0 1 0 0 0 5 
0 5 11319996 1 0 0 0 1 0 0 0 0 0 0 2 1 3 19 0.6786 22 29 51 7 1.3182 0 0 1 1 0.0780 0.1028 1 1 3 10 0.1364 0.3448 1 0 0 0 0 0 1 0 0 0 0 0 2 0 4 0 4 1 2 4 5 8 8 3 4 2 2 2 2 2 2 1 3 0 

0 6 11319996 1 0 1 0 0 0 0 0 0 0 0 2 1 3 7 0.2500 22 16 38 6 1.3750 0 0 1 1 0.0780 0.0567 1 1 15 9 0.6818 0.5625 1 0 0 0 0 0 1 0 0 0 0 0 2 0 4 5 4 11 3 7 10 11 11 1 2 1 1 1 1 1 1 2 1 2 
0 6 11319997 1 0 1 0 0 1 1 2 1 1 2 1 1 2 16 0.5714 18 2 20 16 9 1 0 1.0588 1 0.0638 0.0071 1 0 2 -14.0000 0.1111 -7.0000 1 0 0 0 0 0 1 0 0 0 0 0 2 2 4 4 3 6 3 4 5 7 9 2 0 1 0 1 0 1 0 0 0 5 
1 6 11359997 1 0 0 1 0 2 2 4 2 2 4 1 1 2 22 0.7857 26 2 28 24 13 2 0 1.0833 1 0.0922 0.0071 1 0 4 -20.0000 0.1538 -10.0000 1 0 0 0 0 0 1 0 0 0 0 0 2 2 4 4 6 8 3 5 5 5 5 0 5 0 4 0 4 0 4 0 2 0 
0 6 11319996 1 0 0 0 1 0 0 0 0 0 0 2 1 3 19 0.6786 22 29 51 7 1.3182 0 0 1 1 0.0780 0.1028 1 1 3 10 0.1364 0.3448 1 0 0 0 0 0 1 0 0 0 0 0 2 0 4 0 4 1 2 4 5 8 8 3 4 2 2 2 2 2 2 1 3 0 

0 7 11359996 1 0 1 0 0 0 0 0 0 0 0 2 1 3 7 0.2500 22 16 38 6 1.3750 0 0 1 1 0.0777 0.0565 1 1 15 9 0.6818 0.5625 1 0 0 0 0 0 1 1 0 0 0 0 2 0 4 5 4 11 3 7 10 11 11 1 2 1 1 1 1 1 1 2 1 2 
1 7 11359997 1 0 1 0 0 1 1 2 1 1 2 1 1 2 16 0.5714 18 2 20 16 9 1 0 1.0588 1 0.0636 0.0071 1 0 2 -14.0000 0.1111 -7.0000 1 0 0 0 0 0 1 0 0 0 0 0 2 2 4 4 3 6 3 4 5 7 9 2 0 1 0 1 0 1 0 0 0 5 
1 7 11359997 1 0 0 1 0 3 0 3 0 0 0 1 1 2 14 0.5000 26 20 46 6 1.3000 2 0 1.0833 1 0.0919 0.0707 1 1 12 6 0.4615 0.3000 1 0 0 0 0 0 1 1 0 0 0 0 2 0 4 4 4 10 4 7 10 10 11 1 2 1 2 1 2 1 1 1 1 1 
0 7 11359996 1 0 0 0 1 0 0 0 0 0 0 2 1 3 19 0.6786 22 29 51 7 1.3182 0 0 1 1 0.0777 0.1025 1 1 3 10 0.1364 0.3448 1 0 0 0 0 0 1 0 0 0 0 0 2 0 4 0 4 1 2 4 5 8 8 3 4 2 2 2 2 2 2 1 3 0 

0 8 11359996 1 0 1 0 0 0 0 0 0 0 0 2 1 3 7 0.2500 22 16 38 6 1.3750 0 0 1 1 0.0777 0.0565 1 1 15 9 0.6818 0.5625 1 0 0 0 0 0 1 1 0 0 0 0 2 0 4 5 4 11 3 7 10 11 11 1 2 1 1 1 1 1 1 2 1 2 
1 8 11359997 1 0 1 0 0 2 2 4 2 2 4 1 1 2 17 0.6071 19 2 21 17 9.5000 2 0 1.1176 1 0.0671 0.0071 1 0 2 -15.0000 0.1053 -7.5000 1 0 0 0 0 0 1 0 0 0 0 0 2 2 4 4 4 4 3 4 5 7 9 2 0 1 0 1 0 1 0 0 0 4 
1 8 11359997 1 0 0 1 0 3 0 3 0 0 0 1 1 2 14 0.5000 26 20 46 6 1.3000 2 0 1.0833 1 0.0919 0.0707 1 1 12 6 0.4615 0.3000 1 0 0 0 0 0 1 1 0 0 0 0 2 0 4 4 4 10 4 7 10 10 11 1 2 1 2 1 2 1 1 1 1 1 
0 8 11359995 1 0 0 0 1 0 0 0 0 0 0 2 1 3 19 0.6786 22 29 51 7 1.3182 0 0 1 1 0.0777 0.1025 1 1 3 10 0.1364 0.3448 1 0 0 0 0 0 1 0 0 0 0 0 2 0 4 0 4 1 2 4 5 8 8 3 4 2 2 2 2 2 2 1 3 0 

0 9 11359996 1 0 1 0 0 0 0 0 0 0 0 2 1 3 7 0.2500 22 16 38 6 1.3750 0 0 1 1 0.0777 0.0565 1 1 15 9 0.6818 0.5625 1 0 0 0 0 0 1 1 0 0 0 0 2 0 4 5 4 11 3 7 10 11 11 1 2 1 1 1 1 1 1 2 1 2 
1 9 11359997 1 0 1 0 0 3 3 6 3 3 6 1 1 2 18 0.6429 20 2 22 18 10 3 0 1.1765 1 0.0707 0.0071 1 0 2 -16.0000 0.1000 -8.0000 1 0 0 0 0 0 1 0 0 0 0 0 2 2 4 4 3 7 3 4 5 7 9 2 0 1 0 1 0 1 0 0 0 3 
1 9 11359997 1 0 0 1 0 3 0 3 0 0 0 1 1 2 14 0.5000 26 20 46 6 1.3000 2 0 1.0833 1 0.0919 0.0707 1 1 12 6 0.4615 0.3000 1 0 0 0 0 0 1 1 0 0 0 0 2 0 4 4 4 10 4 7 10 10 11 1 2 1 2 1 2 1 1 1 1 1 
0 9 11359995 1 0 0 0 1 0 0 0 0 0 0 2 1 3 19 0.6786 22 29 51 7 1.3182 0 0 1 1 0.0777 0.1025 1 1 3 10 0.1364 0.3448 1 0 0 0 0 0 1 0 0 0 0 0 2 0 4 0 4 1 2 4 5 8 8 3 4 2 2 2 2 2 2 1 3 0 

0 10 11359996 1 0 1 0 0 0 0 0 0 0 0 2 1 3 7 0.2500 22 16 38 6 1.3750 0 0 1 1 0.0777 0.0565 1 1 15 9 0.6818 0.5625 1 0 0 0 0 0 1 1 0 0 0 0 2 0 4 5 4 11 3 7 10 11 11 1 2 1 1 1 1 1 1 2 1 2 
1 10 11359997 1 0 1 0 0 4 4 8 4 4 8 1 1 2 19 0.6786 21 2 23 19 10.5000 4 0 1.2353 1 0.0742 0.0071 1 0 2 -17.0000 0.0952 -8.5000 1 0 0 0 0 0 1 0 0 0 0 0 2 2 4 4 3 4 3 4 5 7 9 2 0 1 0 1 0 1 0 0 0 2 
1 10 11359997 1 0 0 1 0 3 0 3 0 0 0 1 1 2 14 0.5000 26 20 46 6 1.3000 2 0 1.0833 1 0.0919 0.0707 1 1 12 6 0.4615 0.3000 1 0 0 0 0 0 1 1 0 0 0 0 2 0 4 4 4 10 4 7 10 10 11 1 2 1 2 1 2 1 1 1 1 1 
0 10 11359995 1 0 0 0 1 0 0 0 0 0 0 2 1 3 19 0.6786 22 29 51 7 1.3182 0 0 1 1 0.0777 0.1025 1 1 3 10 0.1364 0.3448 1 0 0 0 0 0 1 0 0 0 0 0 2 0 4 0 4 1 2 4 5 8 8 3 4 2 2 2 2 2 2 1 3 0 

0 11 11359996 1 0 1 0 0 0 0 0 0 0 0 2 1 3 7 0.2500 22 16 38 6 1.3750 0 0 1 1 0.0777 0.0565 1 1 15 9 0.6818 0.5625 1 0 0 0 0 0 1 1 0 0 0 0 2 0 4 5 4 11 3 7 10 11 11 1 2 1 1 1 1 1 1 2 1 2 
1 11 11359997 1 0 1 0 0 5 5 10 5 5 10 1 1 2 20 0.7143 22 2 24 20 11 5 0 1.2941 1 0.0777 0.0071 1 0 2 -18.0000 0.0909 -9.0000 1 0 0 0 0 0 1 0 0 0 0 0 2 2 4 4 3 7 3 4 5 7 9 2 0 1 0 1 0 1 0 0 0 1 
1 11 11359997 1 0 0 1 0 3 0 3 0 0 0 1 1 2 14 0.5000 26 20 46 6 1.3000 2 0 1.0833 1 0.0919 0.0707 1 1 12 6 0.4615 0.3000 1 0 0 0 0 0 1 1 0 0 0 0 2 0 4 4 4 10 4 7 10 10 11 1 2 1 2 1 2 1 1 1 1 1 
0 11 11359995 1 0 0 0 1 0 0 0 0 0 0 2 1 3 19 0.6786 22 29 51 7 1.3182 0 0 1 1 0.0777 0.1025 1 1 3 10 0.1364 0.3448 1 0 0 0 0 0 1 0 0 0 0 0 2 0 4 0 4 2 2 4 5 8 8 3 4 2 2 2 2 2 2 1 3 0 

0 12 11359997 1 0 1 0 0 0 0 0 0 0 0 2 1 3 7 0.2500 22 16 38 6 1.3750 0 0 1 1 0.0777 0.0565 1 1 15 9 0.6818 0.5625 1 0 0 0 0 0 1 1 0 0 0 0 2 0 4 5 4 11 3 7 10 11 11 1 2 1 1 1 1 1 1 2 1 2 
1 12 11359998 1 0 0 1 0 3 0 3 0 0 0 1 1 2 14 0.5000 26 20 46 6 1.3000 2 0 1.0833 1 0.0919 0.0707 1 1 12 6 0.4615 0.3000 1 0 0 0 0 0 1 1 0 0 0 0 2 0 4 4 4 10 4 7 10 10 11 1 2 1 2 1 2 1 1 1 1 1 
0 12 11359997 1 0 0 0 1 0 0 0 0 0 0 2 1 3 19 0.6786 22 29 51 7 1.3182 0 0 1 1 0.0777 0.1025 1 1 3 10 0.1364 0.3448 1 0 0 0 0 0 1 0 0 0 0 0 2 0 4 0 9 1 2 4 5 8 8 3 4 2 2 2 2 2 2 1 3 0 

1 13 11359999 0 1 1 0 0 1 1 2 1 1 2 2 1 3 8 0.2857 23 16 39 7 1.4375 1 0 1.0455 1 0.0813 0.0565 1 1 15 8 0.6522 0.5000 1 0 0 0 0 0 1 0 0 0 0 0 1 2 1 6 1 4 3 6 8 9 10 2 1 1 1 1 1 1 1 2 1 1 
0 13 11359998 0 1 0 0 1 1 0 1 0 0 0 2 1 3 20 0.7143 23 29 52 6 1.2609 1 0 1.0455 1 0.0813 0.1025 1 1 3 9 0.1304 0.3103 1 0 0 0 0 0 1 0 0 0 0 0 1 0 1 0 6 1 2 3 5 5 4 3 2 2 2 2 2 2 3 1 3 0 

1 14 11399998 1 0 1 0 0 2 3 5 1.5000 1.5000 3 2 2 4 8 0.2857 17 23 40 6 1.3529 1 1 1.0625 1.0455 0.0599 0.0810 1 1 9 15 0.5294 0.6522 1 0 1 0 0 0 1 1 0 0 0 0 2 1 5 2 12 2 3 7 10 11 11 2 3 1 2 1 1 1 1 2 1 1 
1 14 11399998 1 0 0 1 0 2 0 2 1.5000 1.5000 3 2 1 3 9 0.3214 17 26 43 9 1.5294 1 0 1.0625 1 0.0599 0.0915 1 1 8 17 0.4706 0.6538 1 0 1 0 0 0 1 1 0 0 0 0 2 0 10 2 6 15 4 7 10 10 11 2 3 1 2 1 2 1 2 1 2 0 
0 14 11399997 0 1 0 0 1 3 1 4 1 0 1 2 1 3 20 0.7143 23 29 52 6 1.2609 1 0 1.0455 1 0.0810 0.1021 1 1 3 9 0.1304 0.3103 1 0 0 0 0 0 1 0 0 0 0 0 1 0 1 0 6 1 2 3 5 5 4 3 2 2 2 2 2 2 3 1 3 0 

1 15 11359998 0 1 1 0 0 2 3 5 0 1.5000 1.5000 2 2 4 8 0.2857 17 22 39 5 1.2941 1 0 1.0625 1 0.0601 0.0777 1 1 9 14 0.5294 0.6364 1 0 0 0 0 1 1 0 0 0 1 0 1 0 1 4 1 6 3 5 6 10 9 1 3 1 1 1 1 2 1 2 1 1 
1 15 11359998 1 0 0 1 0 2 0 2 1.5000 1.5000 3 2 1 3 9 0.3214 17 26 43 9 1.5294 1 0 1.0625 1 0.0601 0.0919 1 1 8 17 0.4706 0.6538 1 0 1 0 0 0 1 1 0 0 0 0 2 0 7 4 6 16 4 7 10 10 11 1 3 1 2 1 2 1 2 1 2 0 
0 15 11359997 1 0 0 0 1 3 1 4 0 0 0 2 1 3 19 0.6786 22 29 51 7 1.3182 0 0 1 1 0.0777 0.1025 1 1 3 10 0.1364 0.3448 1 0 0 0 0 0 1 0 0 0 0 0 2 0 4 0 9 1 2 4 5 8 8 3 4 2 2 2 2 2 2 1 3 0 

1 16 11359999 0 1 0 1 0 2 0 2 0 0 0 1 1 2 12 0.4286 20 26 46 6 1.3000 0 0 1 1 0.0707 0.0919 1 1 8 14 0.4000 0.5385 1 0 0 0 0 0 1 0 0 0 0 0 1 1 1 3 3 5 2 4 4 6 10 2 1 2 1 2 1 1 2 1 2 0 
0 16 11359998 1 0 0 0 1 4 1 5 0 0 0 1 1 2 19 0.6786 22 29 51 7 1.3182 0 0 1 1 0.0777 0.1025 1 1 3 10 0.1364 0.3448 1 0 0 0 0 0 1 0 0 0 0 0 2 0 4 0 9 1 2 4 5 8 8 3 4 2 2 2 2 2 2 1 3 0 

1 17 11399998 1 0 1 0 0 5 4 9 2 2 4 2 2 4 8 0.2857 23 17 40 6 1.3529 1 1 1.0455 1.0625 0.0810 0.0599 1 1 15 9 0.6522 0.5294 1 0 1 0 0 0 1 1 0 0 0 0 2 1 5 2 12 2 3 7 10 11 11 2 3 2 1 1 1 1 1 2 1 1 
1 17 11399998 1 0 0 1 0 4 1 5 1.5000 1.5000 3 2 1 3 9 0.3214 17 26 43 9 1.5294 1 0 1.0625 1 0.0599 0.0915 1 1 8 17 0.4706 0.6538 1 0 1 0 0 0 1 1 0 0 0 0 2 0 9 2 7 15 4 7 10 10 11 1 3 1 2 1 2 1 2 1 2 0 
0 17 11399997 0 1 0 0 1 5 2 7 1 1 2 2 1 3 20 0.7143 23 29 52 6 1.2609 1 0 1.0455 1 0.0810 0.1021 1 1 3 9 0.1304 0.3103 1 0 0 0 0 0 1 0 0 0 0 0 1 0 1 0 6 1 2 3 5 5 4 3 2 2 2 2 2 2 3 1 3 0 

0 18 11359996 1 0 1 0 0 5 4 9 2 2 4 2 1 3 7 0.2500 22 16 38 6 1.3750 0 0 1 1 0.0777 0.0565 1 1 15 9 0.6818 0.5625 1 0 0 0 0 0 1 0 1 1 0 0 2 0 4 5 4 11 3 7 10 11 11 1 2 1 1 1 1 1 1 2 1 2 
1 18 11359998 1 0 1 0 0 3 4 7 0 0 0 2 1 3 13 0.4643 20 26 46 6 1.3000 0 2 1 1.0833 0.0707 0.0919 1 1 7 13 0.3500 0.5000 1 0 1 0 0 0 1 1 1 0 0 0 2 0 4 8 4 7 4 6 6 11 14 1 1 1 1 1 1 1 1 1 1 1 
1 18 11359998 0 1 0 1 0 3 1 4 0.5000 0.5000 1 2 1 3 12 0.4286 20 26 46 6 1.3000 0 0 1 1 0.0707 0.0919 1 1 8 14 0.4000 0.5385 1 0 0 0 0 1 1 0 0 0 2 0 1 0 1 3 3 6 2 4 4 6 10 2 1 2 1 2 1 1 1 1 1 0 
0 18 11359996 1 0 0 0 1 5 2 7 1 1 2 2 1 3 19 0.6786 22 29 51 7 1.3182 0 0 1 1 0.0777 0.1025 1 1 3 10 0.1364 0.3448 1 0 0 0 0 0 1 0 0 0 0 0 2 0 4 0 9 1 2 4 5 8 8 3 4 2 2 2 2 2 2 1 3 0 

1 19 11359999 0 1 1 0 0 6 5 11 1.5000 3 4.5000 2 1 3 8 0.2857 23 16 39 7 1.4375 1 0 1.0455 1 0.0813 0.0565 1 1 15 8 0.6522 0.5000 1 0 0 0 0 0 1 0 0 0 0 0 1 2 1 6 1 4 3 6 8 9 10 2 1 1 1 1 1 1 1 2 1 1 
0 19 11359998 0 1 0 0 1 6 2 8 1 1 2 2 1 3 20 0.7143 23 29 52 6 1.2609 1 0 1.0455 1 0.0813 0.1025 1 1 3 9 0.1304 0.3103 1 0 0 0 0 0 1 0 0 0 0 0 1 0 1 0 6 1 2 3 5 5 4 3 2 2 2 2 2 2 3 1 3 0 

0 20 11359997 1 0 1 0 0 8 6 14 3.5000 3.5000 7 2 1 3 7 0.2500 22 16 38 6 1.3750 0 0 1 1 0.0777 0.0565 1 1 15 9 0.6818 0.5625 1 0 0 0 0 0 1 0 0 1 0 0 2 0 4 5 4 11 3 7 10 11 11 1 2 1 1 1 1 1 1 2 1 2 
1 20 11359998 0 1 0 1 0 4 1 5 0.5000 0.5000 1 1 1 2 12 0.4286 20 26 46 6 1.3000 0 0 1 1 0.0707 0.0919 1 1 8 14 0.4000 0.5385 1 0 0 0 0 0 1 0 0 0 1 0 1 0 1 3 3 4 2 4 4 6 10 2 1 2 1 2 1 1 1 1 1 0 
0 20 11359997 1 0 0 0 1 8 3 11 1 1 2 2 1 3 19 0.6786 22 29 51 7 1.3182 0 0 1 1 0.0777 0.1025 1 1 3 10 0.1364 0.3448 1 0 0 0 0 0 1 0 0 0 0 0 2 0 4 0 9 1 2 4 5 8 8 3 4 2 2 2 2 2 2 1 3 0 

1 21 11359999 0 1 1 0 0 9 7 16 2 4.5000 6.5000 2 1 3 8 0.2857 23 16 39 7 1.4375 1 0 1.0455 1 0.0813 0.0565 1 1 15 8 0.6522 0.5000 1 0 0 0 0 0 1 0 0 0 0 0 1 2 1 6 1 4 3 6 8 9 10 2 1 1 1 1 1 1 1 2 1 1 
0 21 11359998 0 1 0 0 1 9 3 12 2 1 3 2 1 3 20 0.7143 23 29 52 6 1.2609 1 0 1.0455 1 0.0813 0.1025 1 1 3 9 0.1304 0.3103 1 0 0 0 0 0 1 0 0 0 0 0 1 0 1 0 6 1 2 3 5 5 4 3 2 2 2 2 2 2 3 1 3 0 

1 22 11399998 1 0 1 0 0 8 11 19 5 5 10 2 2 4 8 0.2857 17 23 40 6 1.3529 1 1 1.0625 1.0455 0.0599 0.0810 1 1 9 15 0.5294 0.6522 1 0 1 0 0 0 1 1 0 0 0 0 2 1 5 2 12 2 3 7 10 11 11 2 3 1 2 1 1 1 1 2 1 1 
1 22 11399998 1 0 0 1 0 8 2 10 2.5000 2.5000 5 2 1 3 9 0.3214 17 26 43 9 1.5294 1 0 1.0625 1 0.0599 0.0915 1 1 8 17 0.4706 0.6538 1 0 1 0 0 0 1 1 0 0 0 0 2 0 10 2 6 15 4 7 10 10 11 2 3 1 2 1 2 1 2 1 2 0 
0 22 11399997 0 1 0 0 1 11 4 15 3 1 4 2 1 3 20 0.7143 23 29 52 6 1.2609 1 0 1.0455 1 0.0810 0.1021 1 1 3 9 0.1304 0.3103 1 0 0 0 0 0 1 0 0 0 0 0 1 0 1 0 6 1 2 3 5 5 4 3 2 2 2 2 2 2 3 1 3 0 

1 23 11359998 0 1 1 0 0 8 11 19 0.5000 5 5.5000 2 2 4 8 0.2857 17 22 39 5 1.2941 1 0 1.0625 1 0.0601 0.0777 1 1 9 14 0.5294 0.6364 1 0 0 0 0 1 1 0 0 0 1 0 1 0 1 4 1 6 3 5 6 10 9 1 3 1 1 1 1 2 1 2 1 1 
1 23 11359998 1 0 0 1 0 8 2 10 2.5000 2.5000 5 2 1 3 9 0.3214 17 26 43 9 1.5294 1 0 1.0625 1 0.0601 0.0919 1 1 8 17 0.4706 0.6538 1 0 1 0 0 0 1 1 0 0 0 0 2 0 7 4 6 16 4 7 10 10 11 1 3 1 2 1 2 1 2 1 2 0 
0 23 11359997 1 0 0 0 1 11 4 15 1 1 2 2 1 3 19 0.6786 22 29 51 7 1.3182 0 0 1 1 0.0777 0.1025 1 1 3 10 0.1364 0.3448 1 0 0 0 0 0 1 0 0 0 0 0 2 0 4 0 9 1 2 4 5 8 8 3 4 2 2 2 2 2 2 1 3 0 

0 24 11359998 1 0 0 0 1 12 4 16 1 1 2 1 1 2 19 0.6786 22 29 51 7 1.3182 0 0 1 1 0.0777 0.1025 1 1 3 10 0.1364 0.3448 1 0 0 0 0 0 1 0 0 0 0 0 2 0 4 0 9 1 2 4 5 8 8 3 4 2 2 2 2 2 2 1 3 0 
1 24 11359999 0 1 0 0 1 7 2 9 1 1 2 1 1 2 12 0.4286 21 26 47 5 1.2381 1 0 1.0500 1 0.0742 0.0919 1 1 9 14 0.4286 0.5385 1 0 0 0 0 0 1 0 0 0 0 0 1 1 1 2 3 5 2 4 4 6 10 2 2 2 2 2 2 1 3 1 2 0 

1 25 11359999 1 0 0 1 0 8 3 11 1.5000 1.5000 3 1 1 2 12 0.4286 21 26 47 5 1.2381 1 0 1.0500 1 0.0742 0.0919 1 1 9 14 0.4286 0.5385 1 0 0 0 0 0 1 0 0 0 0 0 2 1 4 4 9 4 3 6 6 6 9 2 2 2 2 2 1 1 2 1 2 0 
0 25 11359998 1 0 0 0 1 13 5 18 2 2 4 1 1 2 19 0.6786 22 29 51 7 1.3182 0 0 1 1 0.0777 0.1025 1 1 3 10 0.1364 0.3448 1 0 0 0 0 0 1 0 0 0 0 0 2 0 4 0 9 1 2 4 5 8 8 3 4 2 2 2 2 2 2 1 3 0 

1 26 11399998 1 0 1 0 0 14 11 25 5.5000 5.5000 11 2 2 4 8 0.2857 23 17 40 6 1.3529 1 1 1.0455 1.0625 0.0810 0.0599 1 1 15 9 0.6522 0.5294 1 0 1 0 0 0 1 1 0 0 0 0 2 1 5 2 12 2 3 7 10 11 11 2 3 2 1 1 1 1 1 2 1 1 
1 26 11399998 1 0 0 1 0 11 4 15 2.5000 2.5000 5 2 1 3 9 0.3214 17 26 43 9 1.5294 1 0 1.0625 1 0.0599 0.0915 1 1 8 17 0.4706 0.6538 1 0 1 0 0 0 1 1 0 0 0 0 2 0 9 2 7 15 4 7 10 10 11 1 3 1 2 1 2 1 2 1 2 0 
0 26 11399997 0 1 0 0 1 14 6 20 3 3 6 2 1 3 20 0.7143 23 29 52 6 1.2609 1 0 1.0455 1 0.0810 0.1021 1 1 3 9 0.1304 0.3103 1 0 0 0 0 0 1 0 0 0 0 0 1 0 1 0 6 1 2 3 5 5 4 3 2 2 2 2 2 2 3 1 3 0 

1 27 11399999 1 0 1 0 0 11 14 25 5.5000 5.5000 11 2 2 4 8 0.2857 17 23 40 6 1.3529 1 1 1.0625 1.0455 0.0599 0.0810 1 1 9 15 0.5294 0.6522 1 0 1 0 0 0 1 1 0 0 0 0 2 1 5 2 12 2 3 7 10 11 11 2 3 1 2 1 1 1 1 2 1 1 
1 27 11399999 1 0 1 0 0 11 4 15 2.5000 2.5000 5 2 1 3 9 0.3214 17 26 43 9 1.5294 1 0 1.0625 1 0.0599 0.0915 1 1 8 17 0.4706 0.6538 1 0 1 0 0 0 1 1 0 0 0 0 2 0 10 2 6 13 4 7 10 10 11 2 3 1 2 1 1 1 1 1 1 1 
0 27 11399997 0 1 0 0 1 14 6 20 3 3 6 2 1 3 20 0.7143 23 29 52 6 1.2609 1 0 1.0455 1 0.0810 0.1021 1 1 3 9 0.1304 0.3103 1 0 0 0 0 0 1 0 0 0 0 0 1 0 1 0 6 1 2 3 5 5 4 3 2 2 2 2 2 2 3 1 3 0 

1 28 11359999 0 1 1 0 0 11 14 25 1 5.5000 6.5000 2 2 4 8 0.2857 17 22 39 5 1.2941 1 0 1.0625 1 0.0601 0.0777 1 1 9 14 0.5294 0.6364 1 0 0 0 0 1 1 0 0 0 1 0 1 0 1 4 1 6 3 5 6 10 9 1 3 1 1 1 1 2 1 2 1 1 
1 28 11359999 1 0 1 0 0 11 4 15 2.5000 2.5000 5 2 1 3 9 0.3214 17 26 43 9 1.5294 1 0 1.0625 1 0.0601 0.0919 1 1 8 17 0.4706 0.6538 1 0 1 0 0 0 1 1 0 0 0 0 2 0 7 4 6 14 4 7 10 10 11 1 3 1 2 1 1 1 1 1 1 1 
0 28 11359997 1 0 0 0 1 14 6 20 3 3 6 2 1 3 19 0.6786 22 29 51 7 1.3182 0 0 1 1 0.0777 0.1025 1 1 3 10 0.1364 0.3448 1 0 0 0 0 0 1 0 0 0 0 0 2 0 4 0 9 1 2 4 5 8 8 3 4 2 2 2 2 2 2 1 3 0 

1 29 11399999 1 0 1 0 0 12 4 16 2.5000 2.5000 5 2 1 3 9 0.3214 17 26 43 9 1.5294 1 0 1.0625 1 0.0599 0.0915 1 1 8 17 0.4706 0.6538 1 0 1 0 0 0 1 1 0 0 0 0 2 0 9 2 7 13 4 7 10 10 11 1 3 1 2 1 1 1 1 1 1 1 
1 29 11399999 1 0 1 0 0 16 12 28 6 6 12 2 2 4 8 0.2857 23 17 40 6 1.3529 1 1 1.0455 1.0625 0.0810 0.0599 1 1 15 9 0.6522 0.5294 1 0 1 0 0 0 1 1 0 0 0 0 2 1 5 2 12 2 3 7 10 11 11 2 3 2 1 1 1 1 1 2 1 1 
0 29 11399997 0 1 0 0 1 16 7 23 3 4 7 2 1 3 20 0.7143 23 29 52 6 1.2609 1 0 1.0455 1 0.0810 0.1021 1 1 3 9 0.1304 0.3103 1 0 0 0 0 0 1 0 0 0 0 0 1 0 1 0 6 1 2 3 5 5 4 3 2 2 2 2 2 2 3 1 3 0 

