1 1 320 1 0 1 0 0 0 0 0 0 0 0 2 3 5 27 0.8710 29 26 55 3 1.1154 0 0 1 1 0.0909 0.0815 1 0 2 -1.0000 0.0690 -0.0385 1 0 1 0 0 0 2 0 0 0 0 0 2 2 8 5 10 7 4 5 5 8 5 1 3 0 2 0 1 0 1 0 0 3 
0 1 319 1 0 1 0 0 0 0 0 0 0 0 1 1 2 5 0.1613 9 19 28 10 2.1111 0 0 1 1 0.0282 0.0596 1 1 4 14 0.4444 0.7368 1 0 0 0 0 0 1 0 0 0 0 0 2 0 7 0 6 0 3 4 7 7 7 2 1 2 1 1 1 1 2 1 2 1 
0 1 319 1 0 1 0 0 0 0 0 0 0 0 3 4 7 12 0.3871 21 32 53 11 1.5238 0 0 1 1 0.0658 0.1003 1 1 9 20 0.4286 0.6250 3 0 2 0 0 0 4 1 0 0 0 1 3 0 9 4 18 7 4 5 7 8 9 1 1 1 1 1 1 2 2 1 1 1 
0 1 319 1 0 1 0 0 0 0 0 0 0 0 3 2 5 3 0.0968 21 7 28 14 3 0 0 1 1 0.0658 0.0219 1 1 18 4 0.8571 0.5714 1 0 0 0 1 0 1 0 1 0 0 0 2 0 4 0 9 0 4 6 7 8 9 1 1 1 1 1 1 1 1 1 1 1 
0 1 319 1 0 1 0 0 0 0 0 0 0 0 3 2 5 12 0.3871 21 25 46 4 1.1905 0 0 1 1 0.0658 0.0784 1 1 9 13 0.4286 0.5200 3 0 2 0 0 0 4 1 0 0 0 1 3 0 9 4 18 7 4 5 7 8 9 1 3 1 2 1 1 2 2 1 1 1 
0 1 319 0 1 1 0 0 0 0 0 0 0 0 4 3 7 11 0.3548 32 21 53 11 1.5238 0 0 1 1 0.1003 0.0658 1 1 21 10 0.6562 0.4762 1 0 0 0 0 4 1 0 0 1 4 0 1 0 4 4 3 9 3 5 4 8 12 1 1 1 1 1 1 1 1 2 1 2 
0 1 319 1 0 1 0 0 0 0 0 0 0 0 4 2 6 12 0.3871 32 25 57 7 1.2800 0 0 1 1 0.1003 0.0784 1 1 20 13 0.6250 0.5200 3 0 2 0 0 0 4 1 0 0 0 1 3 0 9 4 18 7 4 5 7 8 9 1 3 1 2 1 1 2 2 1 1 1 
0 1 319 1 0 1 0 0 0 0 0 0 0 0 1 2 3 5 0.1613 27 7 34 20 3.8571 0 0 1 1 0.0846 0.0219 1 1 22 2 0.8148 0.2857 1 0 0 0 1 0 1 0 1 0 0 0 2 0 4 1 9 1 3 3 6 10 10 1 1 1 1 1 1 1 1 1 0 2 
0 1 319 0 1 1 0 0 0 0 0 0 0 0 3 2 5 10 0.3226 21 29 50 8 1.3810 0 0 1 1 0.0658 0.0909 1 1 11 19 0.5238 0.6552 1 0 3 0 0 1 4 0 0 0 1 0 1 0 10 1 12 3 3 4 5 7 9 2 1 1 1 1 1 1 2 1 1 2 
0 1 319 1 0 0 1 0 0 0 0 0 0 0 3 1 4 18 0.5806 21 11 32 10 1.9091 0 0 1 1 0.0658 0.0345 1 0 3 -7.0000 0.1429 -0.6364 1 0 0 0 0 0 1 0 0 0 1 0 2 2 4 2 4 4 3 5 6 6 8 3 0 3 0 2 0 2 0 1 0 0 
0 1 319 1 0 0 1 0 0 0 0 0 0 0 4 3 7 29 0.9355 32 26 58 6 1.2308 0 0 1 1 0.1003 0.0815 1 0 3 -3.0000 0.0938 -0.1154 1 0 1 0 0 0 2 0 0 0 0 0 2 3 8 6 10 8 4 5 5 8 5 4 0 3 0 2 0 2 0 1 0 0 
0 1 319 1 0 0 1 0 0 0 0 0 0 0 1 3 4 3 0.0968 11 26 37 15 2.3636 0 0 1 1 0.0345 0.0815 1 1 8 23 0.7273 0.8846 1 0 0 0 0 0 1 0 0 1 2 3 2 0 9 3 13 7 4 6 10 9 9 2 2 2 2 1 2 2 3 3 3 0 

0 2 320 1 0 1 0 0 1 1 2 1 1 2 2 2 4 28 0.8750 30 26 56 4 1.1538 1 0 1.0345 1 0.0938 0.0813 1 0 2 -2.0000 0.0667 -0.0769 1 0 0 0 0 0 1 0 0 0 0 0 2 2 5 7 6 9 4 5 5 8 5 0 5 0 2 0 1 0 1 0 0 3 
0 2 320 0 1 1 0 0 2 0 2 0 0 0 1 1 2 6 0.1875 8 27 35 19 3.3750 1 0 1.1429 1 0.0250 0.0844 1 1 2 21 0.2500 0.7778 1 0 0 0 0 0 1 0 0 0 0 0 1 0 1 0 6 0 1 3 5 5 6 1 1 1 1 1 1 1 1 1 0 1 
0 2 320 1 0 1 0 0 3 4 7 5 5 10 1 2 3 13 0.4062 26 33 59 7 1.2692 1 1 1.0400 1.0312 0.0813 0.1031 1 1 13 20 0.5000 0.6061 1 0 0 2 0 0 2 1 0 0 0 1 2 2 4 11 9 14 4 5 7 8 9 2 5 1 2 1 1 2 2 1 1 1 
0 2 320 1 0 0 1 0 1 0 1 0 0 0 3 1 4 18 0.5625 21 11 32 10 1.9091 0 0 1 1 0.0656 0.0344 1 0 3 -7.0000 0.1429 -0.6364 1 0 0 0 0 0 1 0 0 0 1 0 2 2 4 2 4 4 3 5 6 6 8 3 0 3 0 2 0 2 0 1 0 0 
0 2 320 1 0 0 1 0 0 1 1 0 0 0 1 2 3 3 0.0938 11 26 37 15 2.3636 0 0 1 1 0.0344 0.0813 1 1 8 23 0.7273 0.8846 1 0 0 0 0 0 1 0 0 1 2 1 2 0 9 3 13 7 4 6 10 9 9 2 2 2 2 1 2 2 3 3 3 0 
1 2 321 0 1 0 1 0 1 1 2 0.5000 5 5.5000 2 3 5 10 0.3125 30 21 51 9 1.4286 1 0 1.0345 1 0.0938 0.0656 1 1 20 11 0.6667 0.5238 1 1 0 0 0 0 2 0 0 0 1 0 1 3 5 4 4 3 2 4 5 5 6 2 3 1 2 1 2 1 3 1 3 1 
0 2 320 0 1 0 1 0 4 1 5 0.5000 0.5000 1 2 3 5 11 0.3438 33 21 54 12 1.5714 1 0 1.0312 1 0.1031 0.0656 1 1 22 10 0.6667 0.4762 1 0 0 0 0 1 1 0 0 1 2 0 1 0 5 3 4 7 3 5 4 8 12 2 1 2 1 2 1 1 1 1 1 1 
0 2 320 0 1 0 0 1 2 2 4 0 2 2 1 1 2 6 0.1875 10 19 29 9 1.9000 1 0 1.1111 1 0.0312 0.0594 1 1 4 13 0.4000 0.6842 1 0 0 0 0 0 1 0 0 0 0 0 1 0 3 0 3 0 2 4 5 4 5 4 1 2 1 1 2 1 2 1 2 0 

0 3 321 0 1 1 0 0 2 0 2 0 0 0 1 1 2 6 0.1875 8 27 35 19 3.3750 1 0 1.1429 1 0.0249 0.0841 1 1 2 21 0.2500 0.7778 1 0 0 0 0 0 1 0 0 0 0 0 1 0 1 0 6 0 1 3 5 5 6 1 1 1 1 1 1 1 1 1 0 1 
0 3 321 1 0 1 0 0 3 4 7 5.5000 5.5000 11 1 2 3 13 0.4062 26 33 59 7 1.2692 1 1 1.0400 1.0312 0.0810 0.1028 1 1 13 20 0.5000 0.6061 1 0 0 1 1 0 1 2 0 0 0 1 2 2 7 7 11 13 4 5 7 8 9 2 5 1 2 1 1 2 2 1 1 1 
0 3 321 1 0 1 0 0 2 1 3 1 1 2 2 2 4 28 0.8750 30 26 56 4 1.1538 1 0 1.0345 1 0.0935 0.0810 1 0 2 -2.0000 0.0667 -0.0769 1 0 0 0 0 0 1 0 0 0 0 0 2 2 5 6 7 8 4 5 5 8 5 0 3 0 2 0 1 0 1 0 0 4 
1 3 322 1 0 1 0 0 2 2 4 1 1 2 2 3 5 10 0.3125 30 21 51 9 1.4286 1 0 1.0345 1 0.0935 0.0654 1 1 20 11 0.6667 0.5238 1 1 0 0 1 0 2 1 0 0 1 0 2 4 7 10 8 13 3 6 7 7 9 2 3 1 2 1 1 1 1 1 2 1 
0 3 321 1 0 0 1 0 2 0 2 0 0 0 3 1 4 18 0.5625 21 11 32 10 1.9091 0 0 1 1 0.0654 0.0343 1 0 3 -7.0000 0.1429 -0.6364 1 0 0 0 0 0 1 0 0 0 1 0 2 2 4 2 4 4 3 5 6 6 8 3 0 3 0 2 0 2 0 1 0 0 
0 3 321 1 0 0 1 0 0 1 1 0 0 0 1 2 3 3 0.0938 11 26 37 15 2.3636 0 0 1 1 0.0343 0.0810 1 1 8 23 0.7273 0.8846 1 0 0 0 0 0 1 0 0 1 2 1 2 0 9 3 13 7 4 6 10 9 9 2 2 2 2 1 2 2 3 3 3 0 
0 3 321 0 1 0 1 0 4 2 6 0.5000 1 1.5000 2 3 5 11 0.3438 33 21 54 12 1.5714 1 0 1.0312 1 0.1028 0.0654 1 1 22 10 0.6667 0.4762 1 0 0 0 0 0 1 0 0 1 1 0 1 0 5 3 5 5 3 5 4 8 12 2 1 2 1 2 1 1 1 1 1 1 
0 3 321 0 1 0 0 1 2 2 4 0 2 2 1 1 2 6 0.1875 10 19 29 9 1.9000 1 0 1.1111 1 0.0312 0.0592 1 1 4 13 0.4000 0.6842 1 0 0 0 0 0 1 0 0 0 0 0 1 0 3 0 3 0 2 4 5 4 5 4 1 2 1 1 2 1 2 1 2 0 

1 4 321 1 0 1 0 0 5 3 8 5.5000 5.5000 11 3 1 4 12 0.3871 32 25 57 7 1.2800 0 0 1 1 0.1000 0.0781 1 1 20 13 0.6250 0.5200 1 0 2 0 0 0 2 1 0 0 0 1 2 2 9 4 18 7 4 5 7 8 9 1 3 1 2 1 1 2 2 1 1 1 
0 4 320 1 0 1 0 0 0 2 2 0 0 0 1 2 3 5 0.1613 27 7 34 20 3.8571 0 0 1 1 0.0844 0.0219 1 1 22 2 0.8148 0.2857 1 0 0 0 1 0 1 0 1 0 0 0 2 0 4 1 9 1 3 3 6 10 10 1 1 1 1 1 1 1 1 1 0 2 
0 4 320 1 0 1 0 0 2 1 3 1 1 2 2 3 5 28 0.9032 30 26 56 4 1.1538 1 0 1.0345 1 0.0938 0.0813 1 0 2 -2.0000 0.0667 -0.0769 1 1 0 0 0 0 2 0 0 0 0 0 2 4 5 9 6 11 4 5 5 8 5 0 5 0 2 0 1 0 1 0 0 3 
0 4 320 1 0 1 0 0 3 5 8 1.5000 1.5000 3 2 3 5 11 0.3548 22 32 54 10 1.4545 1 0 1.0476 1 0.0688 0.1000 1 1 11 21 0.5000 0.6562 1 1 1 0 0 0 2 1 0 0 1 0 2 1 9 7 13 4 3 6 7 7 9 1 3 1 2 1 1 1 1 2 1 1 
0 4 320 1 0 0 1 0 5 1 6 1 1 2 3 3 6 29 0.9355 32 26 58 6 1.2308 0 0 1 1 0.1000 0.0813 1 0 3 -3.0000 0.0938 -0.1154 1 1 0 0 0 0 2 0 0 0 0 0 2 4 6 7 10 8 4 5 5 8 5 4 0 3 0 2 0 2 0 1 0 0 
0 4 320 1 0 0 1 0 0 1 1 0 0 0 1 3 4 3 0.0968 11 26 37 15 2.3636 0 0 1 1 0.0344 0.0813 1 1 8 23 0.7273 0.8846 1 0 0 0 0 0 1 0 0 0 2 1 2 0 9 3 13 7 4 6 10 9 9 2 2 2 2 1 2 2 3 3 3 0 
0 4 320 1 0 0 1 0 6 2 8 2 2 4 1 2 3 3 0.0968 22 7 29 15 3.1429 1 0 1.0476 1 0.0688 0.0219 1 1 19 4 0.8636 0.5714 1 0 0 0 1 0 1 0 1 0 0 0 2 0 4 0 9 0 4 6 7 8 9 2 1 2 1 2 1 2 1 2 1 1 
0 4 320 0 1 0 0 1 2 2 4 0 2 2 1 1 2 6 0.1935 10 19 29 9 1.9000 1 0 1.1111 1 0.0312 0.0594 1 1 4 13 0.4000 0.6842 1 0 0 0 0 0 1 0 0 0 0 0 1 0 3 0 3 0 2 4 5 4 5 4 1 2 1 1 2 1 2 1 2 0 
0 4 320 0 1 0 0 1 3 2 5 5.5000 1.5000 7 2 2 4 10 0.3226 22 30 52 8 1.3636 1 1 1.0476 1.0345 0.0688 0.0938 1 1 12 20 0.5455 0.6667 1 0 1 0 0 0 2 0 0 0 0 0 1 0 8 4 11 3 3 4 5 7 9 3 3 3 2 2 2 1 3 1 3 1 

0 5 320 1 0 1 0 0 0 2 2 0 0 0 1 2 3 5 0.1562 27 7 34 20 3.8571 0 0 1 1 0.0844 0.0219 1 1 22 2 0.8148 0.2857 1 0 0 0 1 0 1 0 1 0 0 0 2 0 4 1 9 1 3 3 6 10 10 1 1 1 1 1 1 1 1 1 0 2 
0 5 320 1 0 1 0 0 2 1 3 1 1 2 2 2 4 28 0.8750 30 26 56 4 1.1538 1 0 1.0345 1 0.0938 0.0813 1 0 2 -2.0000 0.0667 -0.0769 1 0 0 0 0 0 1 0 0 0 0 0 2 2 5 7 6 9 4 5 5 8 5 0 5 0 2 0 1 0 1 0 0 3 
0 5 320 1 0 1 0 0 6 6 12 6.5000 6.5000 13 2 2 4 13 0.4062 33 22 55 11 1.5000 1 1 1.0312 1.0476 0.1031 0.0688 1 1 20 9 0.6061 0.4091 1 0 0 1 1 0 2 0 1 0 0 1 2 2 4 10 10 14 4 5 7 8 9 2 1 1 1 1 1 2 2 1 1 1 
0 5 320 1 0 1 0 0 6 3 9 1 1 2 2 3 5 11 0.3438 33 21 54 12 1.5714 1 0 1.0312 1 0.1031 0.0656 1 1 22 10 0.6667 0.4762 1 0 1 0 1 0 1 1 1 1 0 0 2 1 6 9 8 14 4 6 6 9 12 2 1 2 1 1 1 1 1 1 1 1 
0 5 320 1 0 0 1 0 3 0 3 0 0 0 3 1 4 18 0.5625 21 11 32 10 1.9091 0 0 1 1 0.0656 0.0344 1 0 3 -7.0000 0.1429 -0.6364 1 0 0 0 0 0 1 0 0 0 1 0 2 2 4 2 4 4 3 5 6 6 8 3 0 3 0 2 0 2 0 1 0 0 
0 5 320 1 0 0 1 0 0 1 1 0 0 0 1 2 3 3 0.0938 11 26 37 15 2.3636 0 0 1 1 0.0344 0.0813 1 1 8 23 0.7273 0.8846 1 0 0 0 0 0 1 0 0 1 2 1 2 0 9 3 13 7 4 6 10 9 9 2 2 2 2 1 2 2 3 3 3 0 
1 5 321 0 1 0 1 0 2 3 5 1.5000 6.5000 8 2 3 5 10 0.3125 30 21 51 9 1.4286 1 0 1.0345 1 0.0938 0.0656 1 1 20 11 0.6667 0.5238 1 0 1 0 0 0 1 1 0 0 1 0 1 2 5 4 5 3 2 4 5 5 6 2 3 1 2 1 2 1 3 1 3 1 
0 5 320 1 0 0 1 0 6 2 8 2 2 4 2 2 4 3 0.0938 22 7 29 15 3.1429 1 0 1.0476 1 0.0688 0.0219 1 1 19 4 0.8636 0.5714 1 0 0 0 1 0 1 0 1 0 0 0 2 0 4 0 9 0 4 6 7 8 9 2 1 2 1 2 1 2 1 2 1 1 
0 5 320 0 1 0 0 1 2 2 4 0 2 2 1 1 2 6 0.1875 10 19 29 9 1.9000 1 0 1.1111 1 0.0312 0.0594 1 1 4 13 0.4000 0.6842 1 0 0 0 0 0 1 0 0 0 0 0 1 0 3 0 3 0 2 4 5 4 5 4 1 2 1 1 2 1 2 1 2 0 

0 6 321 1 0 1 0 0 0 2 2 0 0 0 1 2 3 5 0.1562 27 7 34 20 3.8571 0 0 1 1 0.0841 0.0218 1 1 22 2 0.8148 0.2857 1 0 0 0 1 0 1 0 1 0 0 0 2 0 4 1 9 1 3 3 6 10 10 1 1 1 1 1 1 1 1 1 0 2 
0 6 321 1 0 1 0 0 6 6 12 7 7 14 2 2 4 13 0.4062 33 22 55 11 1.5000 1 1 1.0312 1.0476 0.1028 0.0685 1 1 20 9 0.6061 0.4091 1 0 0 0 2 0 1 1 1 0 0 1 2 2 7 6 12 13 4 5 7 8 9 2 1 1 1 1 1 2 2 1 1 1 
0 6 321 1 0 1 0 0 6 4 10 1 1 2 2 3 5 11 0.3438 33 21 54 12 1.5714 1 0 1.0312 1 0.1028 0.0654 1 1 22 10 0.6667 0.4762 1 0 1 0 1 0 1 1 1 1 0 0 2 1 8 7 9 13 4 6 6 9 12 2 1 2 1 1 1 1 1 1 1 1 
0 6 321 1 0 1 0 0 3 1 4 1 1 2 2 2 4 28 0.8750 30 26 56 4 1.1538 1 0 1.0345 1 0.0935 0.0810 1 0 2 -2.0000 0.0667 -0.0769 1 0 0 0 0 0 1 0 0 0 0 0 2 2 5 6 7 8 4 5 5 8 5 0 3 0 2 0 1 0 1 0 0 4 
1 6 322 1 0 1 0 0 3 4 7 2 2 4 2 3 5 10 0.3125 30 21 51 9 1.4286 1 0 1.0345 1 0.0935 0.0654 1 1 20 11 0.6667 0.5238 1 0 1 0 1 0 1 2 0 0 1 0 2 3 7 10 9 13 3 6 7 7 9 2 3 1 2 1 1 1 1 1 2 1 
0 6 321 1 0 0 1 0 4 0 4 0 0 0 3 1 4 18 0.5625 21 11 32 10 1.9091 0 0 1 1 0.0654 0.0343 1 0 3 -7.0000 0.1429 -0.6364 1 0 0 0 0 0 1 0 0 0 1 0 2 2 4 2 4 4 3 5 6 6 8 3 0 3 0 2 0 2 0 1 0 0 
0 6 321 1 0 0 1 0 0 1 1 0 0 0 1 2 3 3 0.0938 11 26 37 15 2.3636 0 0 1 1 0.0343 0.0810 1 1 8 23 0.7273 0.8846 1 0 0 0 0 0 1 0 0 1 2 1 2 0 9 3 13 7 4 6 10 9 9 2 2 2 2 1 2 2 3 3 3 0 
0 6 321 1 0 0 1 0 6 2 8 2 2 4 2 2 4 3 0.0938 22 7 29 15 3.1429 1 0 1.0476 1 0.0685 0.0218 1 1 19 4 0.8636 0.5714 1 0 0 0 1 0 1 0 1 0 0 0 2 0 4 0 9 0 4 6 7 8 9 2 1 2 1 2 1 2 1 2 1 1 
0 6 321 0 1 0 0 1 2 2 4 0 2 2 1 1 2 6 0.1875 10 19 29 9 1.9000 1 0 1.1111 1 0.0312 0.0592 1 1 4 13 0.4000 0.6842 1 0 0 0 0 0 1 0 0 0 0 0 1 0 3 0 3 0 2 4 5 4 5 4 1 2 1 1 2 1 2 1 2 0 

0 7 320 1 0 1 0 0 3 1 4 1 1 2 2 2 4 28 0.8750 30 26 56 4 1.1538 1 0 1.0345 1 0.0938 0.0813 1 0 2 -2.0000 0.0667 -0.0769 1 0 0 0 0 0 1 0 0 0 0 0 2 2 5 7 6 9 4 5 5 8 5 0 5 0 2 0 1 0 1 0 0 3 
0 7 320 0 1 1 0 0 2 0 2 0 0 0 1 1 2 6 0.1875 8 27 35 19 3.3750 1 0 1.1429 1 0.0250 0.0844 1 1 2 21 0.2500 0.7778 1 0 0 0 0 0 1 0 0 0 0 0 1 0 1 0 6 0 1 3 5 5 6 1 1 1 1 1 1 1 1 1 0 1 
0 7 320 1 0 1 0 0 6 6 12 7 7 14 1 2 3 13 0.4062 22 33 55 11 1.5000 1 1 1.0476 1.0312 0.0688 0.1031 1 1 9 20 0.4091 0.6061 1 0 0 2 0 0 2 1 0 0 0 1 2 2 4 11 9 14 4 5 7 8 9 2 2 1 1 1 1 2 2 1 1 1 
0 7 320 1 0 0 1 0 4 0 4 0 0 0 3 1 4 18 0.5625 21 11 32 10 1.9091 0 0 1 1 0.0656 0.0344 1 0 3 -7.0000 0.1429 -0.6364 1 0 0 0 0 0 1 0 0 0 1 0 2 2 4 2 4 4 3 5 6 6 8 3 0 3 0 2 0 2 0 1 0 0 
0 7 320 1 0 0 1 0 0 1 1 0 0 0 1 2 3 3 0.0938 11 26 37 15 2.3636 0 0 1 1 0.0344 0.0813 1 1 8 23 0.7273 0.8846 1 0 0 0 0 0 1 0 0 1 2 1 2 0 9 3 13 7 4 6 10 9 9 2 2 2 2 1 2 2 3 3 3 0 
1 7 321 0 1 0 1 0 3 4 7 2 7 9 2 3 5 10 0.3125 30 21 51 9 1.4286 1 0 1.0345 1 0.0938 0.0656 1 1 20 11 0.6667 0.5238 1 1 0 0 0 0 2 0 0 0 1 0 1 3 4 4 5 3 2 4 5 5 6 2 3 1 2 1 2 1 3 1 3 1 
0 7 320 0 1 0 1 0 6 4 10 1 2 3 2 3 5 11 0.3438 33 21 54 12 1.5714 1 0 1.0312 1 0.1031 0.0656 1 1 22 10 0.6667 0.4762 1 0 0 0 0 1 1 0 0 1 2 0 1 0 4 3 5 7 3 5 4 8 12 2 1 2 1 2 1 1 1 1 1 1 
0 7 320 0 1 0 0 1 2 2 4 0 2 2 1 1 2 6 0.1875 10 19 29 9 1.9000 1 0 1.1111 1 0.0312 0.0594 1 1 4 13 0.4000 0.6842 1 0 0 0 0 0 1 0 0 0 0 0 1 0 3 0 3 0 2 4 5 4 5 4 1 2 1 1 2 1 2 1 2 0 

0 8 321 0 1 1 0 0 2 0 2 0 0 0 1 1 2 6 0.1875 8 27 35 19 3.3750 1 0 1.1429 1 0.0249 0.0841 1 1 2 21 0.2500 0.7778 1 0 0 0 0 0 1 0 0 0 0 0 1 0 1 0 6 0 1 3 5 5 6 1 1 1 1 1 1 1 1 1 0 1 
0 8 321 1 0 1 0 0 6 6 12 7.5000 7.5000 15 1 2 3 13 0.4062 22 33 55 11 1.5000 1 1 1.0476 1.0312 0.0685 0.1028 1 1 9 20 0.4091 0.6061 1 0 0 1 1 0 1 2 0 0 0 1 2 2 7 7 11 13 4 5 7 8 9 2 2 1 1 1 1 2 2 1 1 1 
0 8 321 1 0 1 0 0 4 1 5 1 1 2 2 2 4 28 0.8750 30 26 56 4 1.1538 1 0 1.0345 1 0.0935 0.0810 1 0 2 -2.0000 0.0667 -0.0769 1 0 0 0 0 0 1 0 0 0 0 0 2 2 5 6 7 8 4 5 5 8 5 0 3 0 2 0 1 0 1 0 0 4 
1 8 322 1 0 1 0 0 4 5 9 2.5000 2.5000 5 2 3 5 10 0.3125 30 21 51 9 1.4286 1 0 1.0345 1 0.0935 0.0654 1 1 20 11 0.6667 0.5238 1 1 0 0 1 0 2 1 0 0 1 0 2 4 6 10 9 13 3 6 7 7 9 2 3 1 2 1 1 1 1 1 2 1 
0 8 321 1 0 0 1 0 5 0 5 0 0 0 3 1 4 18 0.5625 21 11 32 10 1.9091 0 0 1 1 0.0654 0.0343 1 0 3 -7.0000 0.1429 -0.6364 1 0 0 0 0 0 1 0 0 0 1 0 2 2 4 2 4 4 3 5 6 6 8 3 0 3 0 2 0 2 0 1 0 0 
0 8 321 1 0 0 1 0 0 1 1 0 0 0 1 2 3 3 0.0938 11 26 37 15 2.3636 0 0 1 1 0.0343 0.0810 1 1 8 23 0.7273 0.8846 1 0 0 0 0 0 1 0 0 1 2 1 2 0 9 3 13 7 4 6 10 9 9 2 2 2 2 1 2 2 3 3 3 0 
0 8 321 0 1 0 1 0 6 5 11 1 2.5000 3.5000 2 3 5 11 0.3438 33 21 54 12 1.5714 1 0 1.0312 1 0.1028 0.0654 1 1 22 10 0.6667 0.4762 1 0 0 0 0 0 1 0 0 1 1 0 1 0 4 3 6 5 3 5 4 8 12 2 1 2 1 2 1 1 1 1 1 1 
0 8 321 0 1 0 0 1 2 2 4 0 2 2 1 1 2 6 0.1875 10 19 29 9 1.9000 1 0 1.1111 1 0.0312 0.0592 1 1 4 13 0.4000 0.6842 1 0 0 0 0 0 1 0 0 0 0 0 1 0 3 0 3 0 2 4 5 4 5 4 1 2 1 1 2 1 2 1 2 0 

0 9 320 1 0 1 0 0 0 2 2 0 0 0 1 2 3 5 0.1562 27 7 34 20 3.8571 0 0 1 1 0.0844 0.0219 1 1 22 2 0.8148 0.2857 1 0 1 0 0 0 1 1 0 0 0 0 2 0 4 4 6 2 3 3 6 10 10 1 1 1 1 1 1 1 1 1 0 2 
0 9 320 1 0 1 0 0 4 1 5 1 1 2 2 2 4 28 0.8750 30 26 56 4 1.1538 1 0 1.0345 1 0.0938 0.0813 1 0 2 -2.0000 0.0667 -0.0769 1 0 0 0 0 0 1 0 0 0 0 0 2 2 5 7 6 9 4 5 5 8 5 0 5 0 2 0 1 0 1 0 0 3 
0 9 320 1 0 1 0 0 6 6 12 7.5000 7.5000 15 2 2 4 13 0.4062 22 33 55 11 1.5000 1 1 1.0476 1.0312 0.0688 0.1031 1 1 9 20 0.4091 0.6061 1 0 0 2 0 0 2 1 0 0 0 1 2 2 4 11 9 13 4 5 7 8 9 1 2 1 1 1 1 2 2 1 1 1 
0 9 320 0 1 1 0 0 6 2 8 0 2 2 2 2 4 4 0.1250 22 7 29 15 3.1429 1 0 1.0476 1 0.0688 0.0219 1 1 18 3 0.8182 0.4286 1 0 1 0 0 0 1 1 0 0 0 0 1 0 4 0 2 1 1 2 2 3 5 2 1 1 1 1 1 1 1 1 1 2 
0 9 320 1 0 0 1 0 5 0 5 0 0 0 3 1 4 18 0.5625 21 11 32 10 1.9091 0 0 1 1 0.0656 0.0344 1 0 3 -7.0000 0.1429 -0.6364 1 0 0 0 0 0 1 0 0 0 1 0 2 2 4 2 4 4 3 5 6 6 8 3 0 3 0 2 0 2 0 1 0 0 
0 9 320 1 0 0 1 0 0 1 1 0 0 0 1 2 3 3 0.0938 11 26 37 15 2.3636 0 0 1 1 0.0344 0.0813 1 1 8 23 0.7273 0.8846 1 0 0 0 0 0 1 0 0 1 2 1 2 0 9 3 13 7 4 6 10 9 9 2 2 2 2 1 2 2 3 3 3 0 
1 9 321 0 1 0 1 0 4 5 9 2.5000 7.5000 10 2 3 5 10 0.3125 30 21 51 9 1.4286 1 0 1.0345 1 0.0938 0.0656 1 1 20 11 0.6667 0.5238 1 1 0 0 0 0 2 0 0 0 1 0 1 3 4 3 6 2 2 4 5 5 6 2 3 1 2 1 2 1 3 1 3 1 
0 9 320 0 1 0 1 0 6 5 11 1 2.5000 3.5000 2 3 5 11 0.3438 33 21 54 12 1.5714 1 0 1.0312 1 0.1031 0.0656 1 1 22 10 0.6667 0.4762 1 0 0 0 0 1 1 0 0 1 2 0 1 0 4 3 5 6 3 5 4 8 12 2 1 2 1 2 1 1 1 1 1 1 
0 9 320 0 1 0 0 1 2 2 4 0 2 2 1 1 2 6 0.1875 10 19 29 9 1.9000 1 0 1.1111 1 0.0312 0.0594 1 1 4 13 0.4000 0.6842 1 0 0 0 0 0 1 0 0 0 0 0 1 0 3 0 3 0 2 4 5 4 5 4 1 2 1 1 2 1 2 1 2 0 

0 10 321 1 0 1 0 0 0 2 2 0 0 0 1 2 3 5 0.1562 27 7 34 20 3.8571 0 0 1 1 0.0841 0.0218 1 1 22 2 0.8148 0.2857 1 0 1 0 0 0 1 1 0 0 0 0 2 0 4 4 6 2 3 3 6 10 10 1 1 1 1 1 1 1 1 1 0 2 
0 10 321 1 0 1 0 0 6 6 12 8 8 16 2 2 4 13 0.4062 22 33 55 11 1.5000 1 1 1.0476 1.0312 0.0685 0.1028 1 1 9 20 0.4091 0.6061 1 0 0 1 1 0 1 2 0 0 0 1 2 2 7 7 11 12 4 5 7 8 9 1 2 1 1 1 1 2 2 1 1 1 
0 10 321 0 1 1 0 0 6 2 8 0 2 2 2 2 4 4 0.1250 22 7 29 15 3.1429 1 0 1.0476 1 0.0685 0.0218 1 1 18 3 0.8182 0.4286 1 0 1 0 0 0 1 1 0 0 0 0 1 0 4 0 2 1 1 2 2 3 5 2 1 1 1 1 1 1 1 1 1 2 
0 10 321 1 0 1 0 0 5 1 6 1 1 2 2 2 4 28 0.8750 30 26 56 4 1.1538 1 0 1.0345 1 0.0935 0.0810 1 0 2 -2.0000 0.0667 -0.0769 1 0 0 0 0 0 1 0 0 0 0 0 2 2 5 6 7 8 4 5 5 8 5 0 3 0 2 0 1 0 1 0 0 4 
1 10 322 1 0 1 0 0 5 6 11 3 3 6 2 3 5 10 0.3125 30 21 51 9 1.4286 1 0 1.0345 1 0.0935 0.0654 1 1 20 11 0.6667 0.5238 1 1 0 0 1 0 2 1 0 0 1 0 2 4 6 9 10 12 3 6 7 7 9 2 3 1 2 1 1 1 1 1 2 1 
0 10 321 1 0 0 1 0 6 0 6 0 0 0 3 1 4 18 0.5625 21 11 32 10 1.9091 0 0 1 1 0.0654 0.0343 1 0 3 -7.0000 0.1429 -0.6364 1 0 0 0 0 0 1 0 0 0 1 0 2 2 4 2 4 4 3 5 6 6 8 3 0 3 0 2 0 2 0 1 0 0 
0 10 321 1 0 0 1 0 0 1 1 0 0 0 1 2 3 3 0.0938 11 26 37 15 2.3636 0 0 1 1 0.0343 0.0810 1 1 8 23 0.7273 0.8846 1 0 0 0 0 0 1 0 0 1 2 1 2 0 9 3 13 7 4 6 10 9 9 2 2 2 2 1 2 2 3 3 3 0 
0 10 321 0 1 0 1 0 6 6 12 1 3 4 2 3 5 11 0.3438 33 21 54 12 1.5714 1 0 1.0312 1 0.1028 0.0654 1 1 22 10 0.6667 0.4762 1 0 0 0 0 0 1 0 0 1 1 0 1 0 4 3 6 4 3 5 4 8 12 2 1 2 1 2 1 1 1 1 1 1 
0 10 321 0 1 0 0 1 2 2 4 0 2 2 1 1 2 6 0.1875 10 19 29 9 1.9000 1 0 1.1111 1 0.0312 0.0592 1 1 4 13 0.4000 0.6842 1 0 0 0 0 0 1 0 0 0 0 0 1 0 3 0 3 0 2 4 5 4 5 4 1 2 1 1 2 1 2 1 2 0 

0 11 321 1 0 0 1 0 0 4 4 0 0 0 1 1 2 3 0.0909 11 26 37 15 2.3636 0 0 1 1 0.0343 0.0810 1 1 8 23 0.7273 0.8846 1 0 0 0 0 0 1 0 0 0 0 1 2 0 9 3 13 7 4 6 10 9 9 2 2 2 2 1 2 2 3 3 3 0 
1 11 322 1 0 0 1 0 8 6 14 9 9 18 1 1 2 10 0.3030 33 22 55 11 1.5000 4 1 1.1379 1.0476 0.1028 0.0685 1 1 23 12 0.6970 0.5455 1 0 0 0 0 0 1 0 0 0 0 1 2 1 11 6 18 4 4 5 7 8 9 3 11 3 10 1 11 1 10 1 10 0 
0 11 321 0 1 0 0 1 2 2 4 0 2 2 1 1 2 6 0.1818 10 19 29 9 1.9000 1 0 1.1111 1 0.0312 0.0592 1 1 4 13 0.4000 0.6842 1 0 0 0 0 0 1 0 0 0 0 0 1 0 3 0 3 0 2 4 5 4 5 4 1 2 1 1 2 1 2 1 2 0 

0 12 322 1 0 1 0 0 9 4 13 4 4 8 2 2 4 31 0.9394 33 26 59 7 1.2692 4 0 1.1379 1 0.1025 0.0807 1 0 2 -5.0000 0.0606 -0.1923 1 0 0 0 0 0 1 0 0 0 0 0 2 2 5 6 11 9 4 5 5 8 5 0 5 0 2 0 1 0 1 0 0 1 
0 12 322 1 0 0 1 0 0 4 4 0 0 0 1 2 3 3 0.0909 11 26 37 15 2.3636 0 0 1 1 0.0342 0.0807 1 1 8 23 0.7273 0.8846 1 0 0 0 0 0 1 0 0 0 1 0 2 0 9 3 13 7 4 6 10 9 9 2 2 2 2 1 2 2 3 3 3 0 
1 12 323 0 1 0 1 0 9 7 16 3 10 13 2 1 3 11 0.3333 33 22 55 11 1.5000 4 1 1.1379 1.0476 0.1025 0.0683 1 1 22 11 0.6667 0.5000 1 0 0 0 0 0 1 0 0 0 1 0 1 1 6 4 5 2 2 4 5 5 6 3 10 1 10 1 8 1 8 1 7 0 
0 12 322 0 1 0 0 1 2 2 4 0 2 2 1 1 2 6 0.1818 10 19 29 9 1.9000 1 0 1.1111 1 0.0311 0.0590 1 1 4 13 0.4000 0.6842 1 0 0 0 0 0 1 0 0 0 0 0 1 0 3 0 3 0 2 4 5 4 5 4 1 2 1 1 2 1 2 1 2 0 

0 13 321 1 0 0 1 0 0 7 7 0 0 0 1 1 2 3 0.0909 11 26 37 15 2.3636 0 0 1 1 0.0343 0.0810 1 1 8 23 0.7273 0.8846 1 0 0 0 0 0 1 0 0 0 0 1 2 0 9 3 13 7 4 6 10 9 9 2 2 2 2 1 2 2 3 3 3 0 
1 13 322 1 0 0 1 0 12 7 19 11 11 22 1 1 2 10 0.3030 33 22 55 11 1.5000 4 1 1.1379 1.0476 0.1028 0.0685 1 1 23 12 0.6970 0.5455 1 0 0 0 0 0 1 0 0 0 0 1 2 1 11 6 18 4 4 5 7 8 9 3 11 3 10 1 11 1 10 1 10 0 
0 13 321 0 1 0 0 1 2 2 4 0 2 2 1 1 2 6 0.1818 10 19 29 9 1.9000 1 0 1.1111 1 0.0312 0.0592 1 1 4 13 0.4000 0.6842 1 0 0 0 0 0 1 0 0 0 0 0 1 0 3 0 3 0 2 4 5 4 5 4 1 2 1 1 2 1 2 1 2 0 

0 14 322 1 0 1 0 0 13 7 20 7 7 14 2 2 4 31 0.9394 33 26 59 7 1.2692 4 0 1.1379 1 0.1025 0.0807 1 0 2 -5.0000 0.0606 -0.1923 1 0 0 0 0 0 1 0 0 0 0 0 2 2 5 6 11 9 4 5 5 8 5 0 5 0 2 0 1 0 1 0 0 1 
0 14 322 1 0 0 1 0 0 7 7 0 0 0 1 2 3 3 0.0909 11 26 37 15 2.3636 0 0 1 1 0.0342 0.0807 1 1 8 23 0.7273 0.8846 1 0 0 0 0 0 1 0 0 0 1 0 2 0 9 3 13 7 4 6 10 9 9 2 2 2 2 1 2 2 3 3 3 0 
1 14 323 0 1 0 1 0 13 8 21 3 12 15 2 1 3 11 0.3333 33 22 55 11 1.5000 4 1 1.1379 1.0476 0.1025 0.0683 1 1 22 11 0.6667 0.5000 1 0 0 0 0 0 1 0 0 0 1 0 1 0 6 5 5 2 2 4 5 5 6 3 10 1 10 1 8 1 8 1 7 0 
0 14 322 0 1 0 0 1 2 2 4 0 2 2 1 1 2 6 0.1818 10 19 29 9 1.9000 1 0 1.1111 1 0.0311 0.0590 1 1 4 13 0.4000 0.6842 1 0 0 0 0 0 1 0 0 0 0 0 1 0 3 0 3 0 2 4 5 4 5 4 1 2 1 1 2 1 2 1 2 0 

0 15 321 1 0 0 1 0 0 10 10 0 0 0 1 1 2 3 0.0909 11 26 37 15 2.3636 0 0 1 1 0.0343 0.0810 1 1 8 23 0.7273 0.8846 1 0 0 0 0 0 1 0 0 0 0 1 2 0 9 3 13 7 4 6 10 9 9 2 2 2 2 1 2 2 3 3 3 0 
1 15 322 1 0 0 1 0 16 8 24 13 13 26 1 1 2 10 0.3030 33 22 55 11 1.5000 4 1 1.1379 1.0476 0.1028 0.0685 1 1 23 12 0.6970 0.5455 1 0 0 0 0 0 1 0 0 0 0 1 2 1 11 6 18 4 4 5 7 8 9 3 11 3 10 1 11 1 10 1 10 0 
0 15 321 0 1 0 0 1 2 2 4 0 2 2 1 1 2 6 0.1818 10 19 29 9 1.9000 1 0 1.1111 1 0.0312 0.0592 1 1 4 13 0.4000 0.6842 1 0 0 0 0 0 1 0 0 0 0 0 1 0 3 0 3 0 2 4 5 4 5 4 1 2 1 1 2 1 2 1 2 0 

0 16 322 1 0 1 0 0 17 10 27 10 10 20 2 2 4 31 0.9394 33 26 59 7 1.2692 4 0 1.1379 1 0.1025 0.0807 1 0 2 -5.0000 0.0606 -0.1923 1 0 0 0 0 0 1 0 0 0 0 0 2 2 5 6 11 9 4 5 5 8 5 0 5 0 2 0 1 0 1 0 0 1 
0 16 322 1 0 0 1 0 0 10 10 0 0 0 1 2 3 3 0.0909 11 26 37 15 2.3636 0 0 1 1 0.0342 0.0807 1 1 8 23 0.7273 0.8846 1 0 0 0 0 0 1 0 0 0 1 0 2 0 9 3 13 7 4 6 10 9 9 2 2 2 2 1 2 2 3 3 3 0 
1 16 323 0 1 0 1 0 17 9 26 3 14 17 2 1 3 11 0.3333 33 22 55 11 1.5000 4 1 1.1379 1.0476 0.1025 0.0683 1 1 22 11 0.6667 0.5000 1 0 0 0 0 0 1 0 0 0 1 0 1 0 6 5 5 2 2 4 5 5 6 3 10 1 10 1 8 1 8 1 7 0 
0 16 322 0 1 0 0 1 2 2 4 0 2 2 1 1 2 6 0.1818 10 19 29 9 1.9000 1 0 1.1111 1 0.0311 0.0590 1 1 4 13 0.4000 0.6842 1 0 0 0 0 0 1 0 0 0 0 0 1 0 3 0 3 0 2 4 5 4 5 4 1 2 1 1 2 1 2 1 2 0 

0 17 321 1 0 0 1 0 0 13 13 0 0 0 1 1 2 3 0.0909 11 26 37 15 2.3636 0 0 1 1 0.0343 0.0810 1 1 8 23 0.7273 0.8846 1 0 0 0 0 0 1 0 0 0 0 1 2 0 9 3 13 7 4 6 10 9 9 2 2 2 2 1 2 2 3 3 3 0 
1 17 322 1 0 0 1 0 20 9 29 15 15 30 1 1 2 10 0.3030 33 22 55 11 1.5000 4 1 1.1379 1.0476 0.1028 0.0685 1 1 23 12 0.6970 0.5455 1 0 0 0 0 0 1 0 0 0 0 1 2 1 10 7 17 5 4 5 7 8 9 3 11 3 10 1 11 1 10 1 10 0 
0 17 321 0 1 0 0 1 2 2 4 0 2 2 1 1 2 6 0.1818 10 19 29 9 1.9000 1 0 1.1111 1 0.0312 0.0592 1 1 4 13 0.4000 0.6842 1 0 0 0 0 0 1 0 0 0 0 0 1 0 3 0 3 0 2 4 5 4 5 4 1 2 1 1 2 1 2 1 2 0 

0 18 322 1 0 1 0 0 21 13 34 13 13 26 2 2 4 31 0.9394 33 26 59 7 1.2692 4 0 1.1379 1 0.1025 0.0807 1 0 2 -5.0000 0.0606 -0.1923 1 0 0 0 0 0 1 0 0 0 0 0 2 2 5 6 11 9 4 5 5 8 5 0 5 0 2 0 1 0 1 0 0 1 
0 18 322 1 0 0 1 0 0 13 13 0 0 0 1 2 3 3 0.0909 11 26 37 15 2.3636 0 0 1 1 0.0342 0.0807 1 1 8 23 0.7273 0.8846 1 0 0 0 0 0 1 0 0 0 1 0 2 0 9 3 13 7 4 6 10 9 9 2 2 2 2 1 2 2 3 3 3 0 
1 18 323 0 1 0 1 0 21 10 31 3 16 19 2 1 3 11 0.3333 33 22 55 11 1.5000 4 1 1.1379 1.0476 0.1025 0.0683 1 1 22 11 0.6667 0.5000 1 0 0 0 0 0 1 0 0 0 1 0 1 0 6 5 4 3 2 4 5 5 6 3 10 1 10 1 8 1 8 1 7 0 
0 18 322 0 1 0 0 1 2 2 4 0 2 2 1 1 2 6 0.1818 10 19 29 9 1.9000 1 0 1.1111 1 0.0311 0.0590 1 1 4 13 0.4000 0.6842 1 0 0 0 0 0 1 0 0 0 0 0 1 0 3 0 3 0 2 4 5 4 5 4 1 2 1 1 2 1 2 1 2 0 

