1 1 12839990 1 0 1 0 0 0 0 0 0 0 0 2 3 5 27 0.8710 29 26 55 3 1.1154 0 0 1 1 0.0909 0.0815 1 0 2 -1.0000 0.0690 -0.0385 1 0 1 0 0 0 2 0 0 0 0 0 2 2 8 5 10 7 4 5 5 8 5 1 3 0 2 0 1 0 1 0 0 3 
0 1 12799988 1 0 1 0 0 0 0 0 0 0 0 1 1 2 5 0.1613 9 19 28 10 2.1111 0 0 1 1 0.0282 0.0596 1 1 4 14 0.4444 0.7368 1 0 0 0 0 0 1 0 0 0 0 0 2 0 7 0 6 0 3 4 7 7 7 2 1 2 1 1 1 1 2 1 2 1 
0 1 12799991 1 0 1 0 0 0 0 0 0 0 0 3 4 7 12 0.3871 21 32 53 11 1.5238 0 0 1 1 0.0658 0.1003 1 1 9 20 0.4286 0.6250 3 0 2 0 0 0 4 1 0 0 0 1 3 0 9 4 18 7 4 5 7 8 9 1 1 1 1 1 1 2 2 1 1 1 
0 1 12799990 1 0 1 0 0 0 0 0 0 0 0 3 2 5 3 0.0968 21 7 28 14 3 0 0 1 1 0.0658 0.0219 1 1 18 4 0.8571 0.5714 1 0 0 0 1 0 1 0 1 0 0 0 2 0 4 0 9 0 4 6 7 8 9 1 1 1 1 1 1 1 1 1 1 1 
0 1 12799990 1 0 1 0 0 0 0 0 0 0 0 3 2 5 12 0.3871 21 25 46 4 1.1905 0 0 1 1 0.0658 0.0784 1 1 9 13 0.4286 0.5200 3 0 2 0 0 0 4 1 0 0 0 1 3 0 9 4 18 7 4 5 7 8 9 1 3 1 2 1 1 2 2 1 1 1 
0 1 12799991 0 1 1 0 0 0 0 0 0 0 0 4 3 7 11 0.3548 32 21 53 11 1.5238 0 0 1 1 0.1003 0.0658 1 1 21 10 0.6562 0.4762 1 0 0 0 0 4 1 0 0 1 4 0 1 0 4 4 3 9 3 5 4 8 12 1 1 1 1 1 1 1 1 2 1 2 
0 1 12799991 1 0 1 0 0 0 0 0 0 0 0 4 2 6 12 0.3871 32 25 57 7 1.2800 0 0 1 1 0.1003 0.0784 1 1 20 13 0.6250 0.5200 3 0 2 0 0 0 4 1 0 0 0 1 3 0 9 4 18 7 4 5 7 8 9 1 3 1 2 1 1 2 2 1 1 1 
0 1 12799989 1 0 1 0 0 0 0 0 0 0 0 1 2 3 5 0.1613 27 7 34 20 3.8571 0 0 1 1 0.0846 0.0219 1 1 22 2 0.8148 0.2857 1 0 0 0 1 0 1 0 1 0 0 0 2 0 4 1 9 1 3 3 6 10 10 1 1 1 1 1 1 1 1 1 0 2 
0 1 12799989 0 1 1 0 0 0 0 0 0 0 0 3 2 5 10 0.3226 21 29 50 8 1.3810 0 0 1 1 0.0658 0.0909 1 1 11 19 0.5238 0.6552 1 0 3 0 0 1 4 0 0 0 1 0 1 0 10 1 12 3 3 4 5 7 9 2 1 1 1 1 1 1 2 1 1 2 
0 1 12799989 1 0 0 1 0 0 0 0 0 0 0 3 1 4 18 0.5806 21 11 32 10 1.9091 0 0 1 1 0.0658 0.0345 1 0 3 -7.0000 0.1429 -0.6364 1 0 0 0 0 0 1 0 0 0 1 0 2 2 4 2 4 4 3 5 6 6 8 3 0 3 0 2 0 2 0 1 0 0 
0 1 12799991 1 0 0 1 0 0 0 0 0 0 0 4 3 7 29 0.9355 32 26 58 6 1.2308 0 0 1 1 0.1003 0.0815 1 0 3 -3.0000 0.0938 -0.1154 1 0 1 0 0 0 2 0 0 0 0 0 2 3 8 6 10 8 4 5 5 8 5 4 0 3 0 2 0 2 0 1 0 0 
0 1 12799989 1 0 0 1 0 0 0 0 0 0 0 1 3 4 3 0.0968 11 26 37 15 2.3636 0 0 1 1 0.0345 0.0815 1 1 8 23 0.7273 0.8846 1 0 0 0 0 0 1 0 0 1 2 3 2 0 9 3 13 7 4 6 10 9 9 2 2 2 2 1 2 2 3 3 3 0 

0 2 12839990 1 0 1 0 0 0 0 0 0 0 0 1 1 2 5 0.1613 9 19 28 10 2.1111 0 0 1 1 0.0281 0.0594 1 1 4 14 0.4444 0.7368 1 0 0 0 0 0 1 0 0 0 0 0 2 0 7 0 6 0 3 4 7 7 7 2 1 2 1 1 1 1 2 1 2 1 
1 2 12839993 1 0 1 0 0 0 0 0 0 0 0 3 4 7 12 0.3871 21 32 53 11 1.5238 0 0 1 1 0.0656 0.1000 1 1 9 20 0.4286 0.6250 3 0 2 0 0 0 4 1 0 0 0 0 3 2 9 6 13 10 4 5 7 8 9 1 1 1 1 1 1 2 2 1 1 1 
0 2 12839992 1 0 1 0 0 0 0 0 0 0 0 3 2 5 3 0.0968 21 7 28 14 3 0 0 1 1 0.0656 0.0219 1 1 18 4 0.8571 0.5714 1 0 0 0 1 0 1 0 1 0 0 0 2 0 4 0 9 0 4 6 7 8 9 1 1 1 1 1 1 1 1 1 1 1 
0 2 12839992 1 0 1 0 0 0 0 0 0 0 0 3 2 5 12 0.3871 21 25 46 4 1.1905 0 0 1 1 0.0656 0.0781 1 1 9 13 0.4286 0.5200 3 0 2 0 0 0 4 1 0 0 0 0 3 2 9 6 13 10 4 5 7 8 9 1 3 1 2 1 1 2 2 1 1 1 
1 2 12839993 0 1 1 0 0 0 0 0 0 0 0 4 3 7 11 0.3548 32 21 53 11 1.5238 0 0 1 1 0.1000 0.0656 1 1 21 10 0.6562 0.4762 1 0 0 0 0 4 1 0 0 0 4 0 1 0 4 4 6 9 3 5 4 8 12 1 1 1 1 1 1 1 1 2 1 2 
1 2 12839993 1 0 1 0 0 0 0 0 0 0 0 4 2 6 12 0.3871 32 25 57 7 1.2800 0 0 1 1 0.1000 0.0781 1 1 20 13 0.6250 0.5200 3 0 2 0 0 0 4 1 0 0 0 0 3 2 9 6 13 10 4 5 7 8 9 1 3 1 2 1 1 2 2 1 1 1 
0 2 12839991 1 0 1 0 0 0 0 0 0 0 0 1 2 3 5 0.1613 27 7 34 20 3.8571 0 0 1 1 0.0844 0.0219 1 1 22 2 0.8148 0.2857 1 0 0 0 1 0 1 0 1 0 0 0 2 0 4 1 9 1 3 3 6 10 10 1 1 1 1 1 1 1 1 1 0 2 
0 2 12839991 0 1 1 0 0 0 1 1 0 0 0 3 1 4 10 0.3226 21 29 50 8 1.3810 0 0 1 1 0.0656 0.0906 1 1 11 19 0.5238 0.6552 1 0 3 0 0 1 4 0 0 0 1 0 1 2 7 3 11 4 3 4 5 7 9 2 1 1 1 1 1 1 2 1 1 2 
0 2 12839991 1 0 0 1 0 0 0 0 0 0 0 3 1 4 18 0.5806 21 11 32 10 1.9091 0 0 1 1 0.0656 0.0344 1 0 3 -7.0000 0.1429 -0.6364 1 0 0 0 0 0 1 0 0 0 0 0 2 2 4 2 4 4 3 5 6 6 8 3 0 3 0 2 0 2 0 1 0 0 
0 2 12839991 1 0 0 1 0 1 0 1 1 1 2 1 4 5 29 0.9355 29 32 61 3 1.1034 3 0 1.1154 1 0.0906 0.1000 0 1 0 3 0 0.0938 1 0 0 0 0 0 1 0 0 0 0 0 2 3 7 6 9 9 4 5 5 8 5 4 0 3 0 2 0 2 0 1 0 0 

0 3 12839988 1 0 1 0 0 0 0 0 0 0 0 1 1 2 5 0.1613 9 19 28 10 2.1111 0 0 1 1 0.0281 0.0594 1 1 4 14 0.4444 0.7368 1 0 0 0 0 0 1 0 0 0 0 0 2 0 7 0 6 0 3 4 7 7 7 2 1 2 1 1 1 1 2 1 2 1 
1 3 12839991 1 0 1 0 0 0 0 0 0 0 0 3 4 7 12 0.3871 21 32 53 11 1.5238 0 0 1 1 0.0656 0.1000 1 1 9 20 0.4286 0.6250 3 0 2 0 0 0 4 1 0 0 0 1 3 0 9 4 18 7 4 5 7 8 9 1 1 1 1 1 1 2 2 1 1 1 
0 3 12839990 1 0 1 0 0 0 0 0 0 0 0 3 2 5 3 0.0968 21 7 28 14 3 0 0 1 1 0.0656 0.0219 1 1 18 4 0.8571 0.5714 1 0 0 0 1 0 1 0 1 0 0 0 2 0 4 0 9 0 4 6 7 8 9 1 1 1 1 1 1 1 1 1 1 1 
0 3 12839990 1 0 1 0 0 0 0 0 0 0 0 3 2 5 12 0.3871 21 25 46 4 1.1905 0 0 1 1 0.0656 0.0781 1 1 9 13 0.4286 0.5200 3 0 2 0 0 0 4 1 0 0 0 1 3 0 9 4 18 7 4 5 7 8 9 1 3 1 2 1 1 2 2 1 1 1 
1 3 12839991 0 1 1 0 0 0 0 0 0 0 0 4 3 7 11 0.3548 32 21 53 11 1.5238 0 0 1 1 0.1000 0.0656 1 1 21 10 0.6562 0.4762 1 0 0 0 0 4 1 0 0 1 4 0 1 0 4 4 3 9 3 5 4 8 12 1 1 1 1 1 1 1 1 2 1 2 
1 3 12839991 1 0 1 0 0 0 0 0 0 0 0 4 2 6 12 0.3871 32 25 57 7 1.2800 0 0 1 1 0.1000 0.0781 1 1 20 13 0.6250 0.5200 3 0 2 0 0 0 4 1 0 0 0 1 3 0 9 4 18 7 4 5 7 8 9 1 3 1 2 1 1 2 2 1 1 1 
0 3 12839989 1 0 1 0 0 0 0 0 0 0 0 1 2 3 5 0.1613 27 7 34 20 3.8571 0 0 1 1 0.0844 0.0219 1 1 22 2 0.8148 0.2857 1 0 0 0 1 0 1 0 1 0 0 0 2 0 4 1 9 1 3 3 6 10 10 1 1 1 1 1 1 1 1 1 0 2 
0 3 12839990 1 0 1 0 0 1 1 2 1 1 2 2 3 5 28 0.9032 30 26 56 4 1.1538 1 0 1.0345 1 0.0938 0.0813 1 0 2 -2.0000 0.0667 -0.0769 1 1 0 0 0 0 2 0 0 0 0 0 2 4 5 9 6 11 4 5 5 8 5 0 5 0 2 0 1 0 1 0 0 3 
0 3 12839989 1 0 0 1 0 0 0 0 0 0 0 3 1 4 18 0.5806 21 11 32 10 1.9091 0 0 1 1 0.0656 0.0344 1 0 3 -7.0000 0.1429 -0.6364 1 0 0 0 0 0 1 0 0 0 1 0 2 2 4 2 4 4 3 5 6 6 8 3 0 3 0 2 0 2 0 1 0 0 
1 3 12839991 1 0 0 1 0 0 1 1 1 1 2 4 3 7 29 0.9355 32 26 58 6 1.2308 0 0 1 1 0.1000 0.0813 1 0 3 -3.0000 0.0938 -0.1154 1 1 0 0 0 0 2 0 0 0 0 0 2 4 6 7 10 8 4 5 5 8 5 4 0 3 0 2 0 2 0 1 0 0 
0 3 12839989 1 0 0 1 0 0 1 1 0 0 0 1 3 4 3 0.0968 11 26 37 15 2.3636 0 0 1 1 0.0344 0.0813 1 1 8 23 0.7273 0.8846 1 0 0 0 0 0 1 0 0 1 2 3 2 0 9 3 13 7 4 6 10 9 9 2 2 2 2 1 2 2 3 3 3 0 
0 3 12839989 0 1 0 1 0 1 0 1 0 0 0 2 3 5 10 0.3226 30 21 51 9 1.4286 1 0 1.0345 1 0.0938 0.0656 1 1 20 11 0.6667 0.5238 1 1 0 0 0 0 2 0 0 0 1 0 1 3 3 5 3 3 2 4 5 5 6 2 3 1 2 1 2 1 3 1 3 1 

0 4 12839993 1 0 1 0 0 0 0 0 0 0 0 1 1 2 5 0.1562 9 19 28 10 2.1111 0 0 1 1 0.0281 0.0594 1 1 4 14 0.4444 0.7368 1 0 0 0 0 0 1 0 0 0 0 0 2 0 7 0 6 0 3 4 7 7 7 2 1 2 1 1 1 1 2 1 2 1 
1 4 12839994 1 0 1 0 0 1 0 1 0 0 0 2 2 4 3 0.0938 21 7 28 14 3 0 0 1 1 0.0656 0.0219 1 1 18 4 0.8571 0.5714 1 0 0 0 1 0 1 0 1 0 0 0 2 0 4 0 9 0 4 6 7 8 9 1 1 1 1 1 1 1 1 1 1 1 
0 4 12839991 1 0 1 0 0 1 0 1 1 1 2 2 1 3 12 0.3750 21 25 46 4 1.1905 0 0 1 1 0.0656 0.0781 1 1 9 13 0.4286 0.5200 1 0 2 0 0 0 2 1 0 0 0 0 2 4 8 7 12 11 4 5 7 8 9 1 3 1 2 1 1 2 2 1 1 1 
1 4 12839994 1 0 1 0 0 0 0 0 0 0 0 1 2 3 5 0.1562 27 7 34 20 3.8571 0 0 1 1 0.0844 0.0219 1 1 22 2 0.8148 0.2857 1 0 0 0 1 0 1 0 1 0 0 0 2 0 4 1 9 1 3 3 6 10 10 1 1 1 1 1 1 1 1 1 0 2 
1 4 12839994 0 1 1 0 0 0 1 1 1 0 1 3 1 4 10 0.3125 21 29 50 8 1.3810 0 0 1 1 0.0656 0.0906 1 1 11 19 0.5238 0.6552 1 0 1 0 0 1 2 0 0 0 1 0 1 2 7 3 11 4 3 4 5 7 9 2 1 1 1 1 1 1 2 1 1 2 
1 4 12839994 1 0 0 1 0 0 0 0 0 0 0 3 1 4 18 0.5625 21 11 32 10 1.9091 0 0 1 1 0.0656 0.0344 1 0 3 -7.0000 0.1429 -0.6364 1 0 0 0 0 0 1 0 0 0 0 0 2 2 4 2 4 4 3 5 6 6 8 3 0 3 0 2 0 2 0 1 0 0 
1 4 12839994 0 1 0 1 0 1 0 1 0 0 0 1 3 4 11 0.3438 33 21 54 12 1.5714 1 0 1.0312 1 0.1031 0.0656 1 1 22 10 0.6667 0.4762 1 0 0 0 0 2 1 0 0 0 2 0 1 0 4 4 6 8 3 5 4 8 12 2 1 2 1 2 1 1 1 1 1 1 

0 5 12839994 1 0 1 0 0 0 0 0 0 0 0 1 1 2 5 0.1562 9 19 28 10 2.1111 0 0 1 1 0.0281 0.0594 1 1 4 14 0.4444 0.7368 1 0 0 0 0 0 1 0 0 0 0 0 2 0 7 0 6 0 3 4 7 7 7 2 1 2 1 1 1 1 2 1 2 1 
0 5 12839992 1 0 1 0 0 2 0 2 1 1 2 1 1 2 12 0.3750 21 25 46 4 1.1905 0 0 1 1 0.0656 0.0781 1 1 9 13 0.4286 0.5200 1 0 2 0 0 0 2 1 0 0 0 0 2 4 8 7 12 11 4 5 7 8 9 1 3 1 2 1 1 2 2 1 1 1 
1 5 12839995 0 1 1 0 0 0 1 1 1 0 1 3 1 4 10 0.3125 21 29 50 8 1.3810 0 0 1 1 0.0656 0.0906 1 1 11 19 0.5238 0.6552 1 0 1 0 0 1 2 0 0 0 1 0 1 2 7 3 11 4 3 4 5 7 9 2 1 1 1 1 1 1 2 1 1 2 
1 5 12839995 0 1 1 0 0 1 0 1 0 0 0 1 1 2 6 0.1875 8 27 35 19 3.3750 1 0 1.1429 1 0.0250 0.0844 1 1 2 21 0.2500 0.7778 1 0 0 0 0 0 1 0 0 0 0 0 1 0 1 0 6 0 1 3 5 5 6 1 1 1 1 1 1 1 1 1 0 1 
1 5 12839995 1 0 0 1 0 0 0 0 0 0 0 3 1 4 18 0.5625 21 11 32 10 1.9091 0 0 1 1 0.0656 0.0344 1 0 3 -7.0000 0.1429 -0.6364 1 0 0 0 0 0 1 0 0 0 0 0 2 2 4 2 4 4 3 5 6 6 8 3 0 3 0 2 0 2 0 1 0 0 
1 5 12839995 0 1 0 1 0 1 0 1 0 0 0 1 3 4 11 0.3438 33 21 54 12 1.5714 1 0 1.0312 1 0.1031 0.0656 1 1 22 10 0.6667 0.4762 1 0 0 0 0 2 1 0 0 0 2 0 1 0 4 4 6 8 3 5 4 8 12 2 1 2 1 2 1 1 1 1 1 1 

0 6 12839995 1 0 1 0 0 0 0 0 0 0 0 1 1 2 5 0.1562 9 19 28 10 2.1111 0 0 1 1 0.0281 0.0594 1 1 4 14 0.4444 0.7368 1 0 0 0 0 0 1 0 0 0 0 0 2 0 7 0 6 0 3 4 7 7 7 2 1 2 1 1 1 1 2 1 2 1 
0 6 12839993 1 0 1 0 0 2 0 2 1.5000 1.5000 3 1 1 2 12 0.3750 21 25 46 4 1.1905 0 0 1 1 0.0656 0.0781 1 1 9 13 0.4286 0.5200 1 0 2 0 0 0 2 1 0 0 0 0 2 4 11 4 13 10 4 5 7 8 9 1 3 1 2 1 1 2 2 1 1 1 
1 6 12839996 0 1 1 0 0 1 0 1 0 0 0 1 1 2 6 0.1875 8 27 35 19 3.3750 1 0 1.1429 1 0.0250 0.0844 1 1 2 21 0.2500 0.7778 1 0 0 0 0 0 1 0 0 0 0 0 1 0 1 0 6 0 1 3 5 5 6 1 1 1 1 1 1 1 1 1 0 1 
0 6 12839995 1 0 1 0 0 1 2 3 1.5000 1.5000 3 2 1 3 10 0.3125 22 29 51 7 1.3182 1 0 1.0476 1 0.0688 0.0906 1 1 12 19 0.5455 0.6552 1 0 2 0 0 0 2 1 0 0 0 0 2 3 11 8 13 6 4 5 7 8 9 3 1 3 1 1 1 1 2 1 1 1 
0 6 12839995 1 0 0 1 0 1 1 2 0.5000 0.5000 1 2 1 3 11 0.3438 22 33 55 11 1.5000 1 1 1.0476 1.0312 0.0688 0.1031 1 1 11 22 0.5000 0.6667 1 0 2 0 0 0 1 2 0 0 0 0 2 2 11 9 8 6 3 6 7 7 9 2 3 2 1 2 1 1 1 1 1 1 

1 7 12839996 1 0 1 0 0 0 0 0 0 0 0 1 1 2 5 0.1562 9 19 28 10 2.1111 0 0 1 1 0.0281 0.0594 1 1 4 14 0.4444 0.7368 1 0 0 0 0 0 1 0 0 0 0 0 2 0 7 0 6 0 3 4 7 7 7 2 1 2 1 1 1 1 2 1 2 1 
0 7 12839994 1 0 1 0 0 2 0 2 1.5000 1.5000 3 1 1 2 12 0.3750 21 25 46 4 1.1905 0 0 1 1 0.0656 0.0781 1 1 9 13 0.4286 0.5200 1 0 2 0 0 0 2 1 0 0 0 0 2 4 11 4 13 10 4 5 7 8 9 1 3 1 2 1 1 2 2 1 1 1 
1 7 12839996 1 0 1 0 0 1 2 3 1.5000 1.5000 3 2 1 3 10 0.3125 22 29 51 7 1.3182 1 0 1.0476 1 0.0688 0.0906 1 1 12 19 0.5455 0.6552 1 0 2 0 0 0 2 1 0 0 0 0 2 3 11 8 13 6 4 5 7 8 9 3 1 3 1 1 1 1 2 1 1 1 
1 7 12839996 1 0 0 1 0 1 1 2 0.5000 0.5000 1 2 1 3 11 0.3438 22 33 55 11 1.5000 1 1 1.0476 1.0312 0.0688 0.1031 1 1 11 22 0.5000 0.6667 1 0 2 0 0 0 1 2 0 0 0 0 2 2 11 9 8 6 3 6 7 7 9 2 3 2 1 2 1 1 1 1 1 1 

0 8 12919994 1 0 1 0 0 2 0 2 1.5000 1.5000 3 1 1 2 12 0.3750 21 25 46 4 1.1905 0 0 1 1 0.0652 0.0776 1 1 9 13 0.4286 0.5200 1 0 2 0 0 0 2 1 0 0 0 0 2 4 11 4 13 10 4 5 7 8 9 1 3 1 2 1 1 2 2 1 1 1 
1 8 12919996 1 0 1 0 0 1 2 3 1.5000 1.5000 3 2 1 3 10 0.3125 22 29 51 7 1.3182 1 0 1.0476 1 0.0683 0.0901 1 1 12 19 0.5455 0.6552 1 0 2 0 0 0 2 1 0 0 0 0 2 3 11 8 13 6 4 5 7 8 9 3 1 3 1 1 1 1 2 1 1 1 
1 8 12919996 0 1 1 0 0 1 1 2 0 1 1 1 1 2 6 0.1875 20 9 29 11 2.2222 1 0 1.0526 1 0.0621 0.0280 1 1 14 3 0.7000 0.3333 1 0 0 0 0 0 1 0 0 0 0 0 1 0 1 0 1 1 1 2 2 3 3 2 2 1 1 1 1 1 2 1 2 2 
1 8 12919996 1 0 0 1 0 1 1 2 0.5000 0.5000 1 2 1 3 11 0.3438 22 33 55 11 1.5000 1 1 1.0476 1.0312 0.0683 0.1025 1 1 11 22 0.5000 0.6667 1 0 2 0 0 0 1 2 0 0 0 0 2 2 11 9 8 6 3 6 7 7 9 2 3 2 1 2 1 1 1 1 1 1 

0 9 12839994 1 0 1 0 0 2 0 2 1.5000 1.5000 3 1 1 2 12 0.3750 21 25 46 4 1.1905 0 0 1 1 0.0656 0.0781 1 1 9 13 0.4286 0.5200 1 0 2 0 0 0 2 1 0 0 0 0 2 4 11 4 13 10 4 5 7 8 9 1 3 1 2 1 1 2 2 1 1 1 
0 9 12839996 1 0 1 0 0 1 2 3 1.5000 1.5000 3 2 1 3 10 0.3125 22 29 51 7 1.3182 1 0 1.0476 1 0.0688 0.0906 1 1 12 19 0.5455 0.6552 1 0 2 0 0 0 2 1 0 0 0 0 2 3 11 8 13 6 4 5 7 8 9 3 1 3 1 1 1 1 2 1 1 1 
0 9 12839996 1 0 0 1 0 1 1 2 0.5000 0.5000 1 2 1 3 11 0.3438 22 33 55 11 1.5000 1 1 1.0476 1.0312 0.0688 0.1031 1 1 11 22 0.5000 0.6667 1 0 2 0 0 0 1 2 0 0 0 0 2 2 11 9 8 6 3 6 7 7 9 2 3 2 1 2 1 1 1 1 1 1 
1 9 12839997 0 1 0 0 1 1 1 2 0 1 1 1 1 2 6 0.1875 10 19 29 9 1.9000 1 0 1.1111 1 0.0312 0.0594 1 1 4 13 0.4000 0.6842 1 0 0 0 0 0 1 0 0 0 0 0 1 0 3 0 3 0 2 4 5 4 5 4 1 2 1 1 2 1 2 1 2 0 

0 10 12839995 1 0 1 0 0 2 0 2 1.5000 1.5000 3 1 1 2 12 0.3750 21 25 46 4 1.1905 0 0 1 1 0.0656 0.0781 1 1 9 13 0.4286 0.5200 1 0 2 0 0 0 2 1 0 0 0 0 2 4 11 4 13 10 4 5 7 8 9 1 3 1 2 1 1 2 2 1 1 1 
1 10 12839997 1 0 1 0 0 1 2 3 1.5000 1.5000 3 2 1 3 10 0.3125 22 29 51 7 1.3182 1 0 1.0476 1 0.0688 0.0906 1 1 12 19 0.5455 0.6552 1 0 2 0 0 0 2 1 0 0 0 0 2 3 11 8 13 6 4 5 7 8 9 3 1 3 1 1 1 1 2 1 1 1 
1 10 12839997 1 0 0 1 0 1 1 2 0.5000 0.5000 1 2 1 3 11 0.3438 22 33 55 11 1.5000 1 1 1.0476 1.0312 0.0688 0.1031 1 1 11 22 0.5000 0.6667 1 0 2 0 0 0 1 2 0 0 0 0 2 2 11 9 8 6 3 6 7 7 9 2 3 2 1 2 1 1 1 1 1 1 

0 11 12839995 1 0 1 0 0 2 0 2 2.5000 2.5000 5 1 1 2 12 0.3750 21 25 46 4 1.1905 0 0 1 1 0.0656 0.0781 1 1 9 13 0.4286 0.5200 1 2 0 0 0 0 2 1 0 0 0 0 2 6 8 5 13 11 4 5 7 8 9 1 3 1 2 1 1 2 2 1 1 1 
1 11 12839998 1 0 0 1 0 2 1 3 0.5000 0.5000 1 2 1 3 12 0.3750 23 33 56 10 1.4348 2 1 1.0952 1.0312 0.0719 0.1031 1 1 11 21 0.4783 0.6364 1 1 1 0 0 0 1 2 0 0 0 0 2 3 5 10 11 13 3 6 7 7 9 2 3 2 3 1 3 1 4 2 2 0 
1 11 12839998 1 0 0 0 1 2 1 3 2.5000 2.5000 5 2 1 3 11 0.3438 23 29 52 6 1.2609 2 3 1.0952 1.1154 0.0719 0.0906 1 1 12 18 0.5217 0.6207 1 1 1 0 0 0 2 1 0 0 0 0 2 7 6 8 9 19 4 5 7 8 9 5 8 3 7 3 7 3 8 4 9 0 

0 12 12839996 1 0 1 0 0 2 0 2 2.5000 2.5000 5 1 2 3 12 0.3750 21 25 46 4 1.1905 0 0 1 1 0.0656 0.0781 1 1 9 13 0.4286 0.5200 1 0 1 1 0 0 1 2 0 0 0 0 2 4 8 8 12 11 4 5 7 8 9 1 3 1 2 1 1 2 2 1 1 1 
1 12 12839998 1 0 0 1 0 3 1 4 0 0 0 2 1 3 10 0.3125 23 29 52 6 1.2609 2 3 1.0952 1.1154 0.0719 0.0906 1 1 13 19 0.5652 0.6552 1 1 0 1 0 0 2 1 0 0 0 0 2 5 5 8 8 18 3 6 6 6 8 2 11 1 8 1 7 2 7 2 8 0 
0 12 12839995 0 1 0 0 1 3 0 3 0 0 0 2 2 4 11 0.3438 23 25 48 2 1.0870 2 0 1.0952 1 0.0719 0.0781 1 1 12 14 0.5217 0.5600 1 1 1 0 0 0 2 1 0 0 0 0 2 2 6 3 11 9 2 5 4 7 10 1 2 1 3 2 2 2 1 4 2 0 

1 13 12839997 1 0 1 0 0 2 0 2 2.5000 2.5000 5 1 2 3 12 0.3750 21 25 46 4 1.1905 0 0 1 1 0.0656 0.0781 1 1 9 13 0.4286 0.5200 1 0 1 0 0 0 1 1 0 0 0 0 2 4 8 8 12 11 4 5 7 8 9 1 3 1 2 1 1 2 2 1 1 1 
0 13 12839996 0 1 0 0 1 4 0 4 1 0 1 1 2 3 11 0.3438 23 25 48 2 1.0870 2 0 1.0952 1 0.0719 0.0781 1 1 12 14 0.5217 0.5600 1 0 1 0 0 0 1 1 0 0 0 0 2 1 6 4 11 9 2 5 4 7 10 1 2 1 3 2 2 2 1 4 2 0 

0 14 12839994 1 0 1 0 0 3 1 4 3.5000 3.5000 7 1 1 2 12 0.3750 21 25 46 4 1.1905 0 0 1 1 0.0656 0.0781 1 1 9 13 0.4286 0.5200 1 0 2 0 0 0 2 1 0 0 0 0 2 4 11 4 13 10 4 5 7 8 9 1 3 1 2 1 1 2 2 1 1 1 
0 14 12839996 1 0 1 0 0 4 3 7 3.5000 3.5000 7 2 1 3 10 0.3125 22 29 51 7 1.3182 1 0 1.0476 1 0.0688 0.0906 1 1 12 19 0.5455 0.6552 1 0 2 0 0 0 2 1 0 0 0 0 2 3 11 8 13 6 4 5 7 8 9 3 1 3 1 1 1 1 2 1 1 1 
0 14 12839996 1 0 0 1 0 4 2 6 1.5000 1.5000 3 2 1 3 11 0.3438 22 33 55 11 1.5000 1 1 1.0476 1.0312 0.0688 0.1031 1 1 11 22 0.5000 0.6667 1 0 2 0 0 0 1 2 0 0 0 0 2 2 11 9 8 6 3 6 7 7 9 2 3 2 1 2 1 1 1 1 1 1 
1 14 12839997 0 1 0 0 1 2 0 2 0 0 0 1 1 2 5 0.1562 10 11 21 1 1.1000 1 0 1.1111 1 0.0312 0.0344 1 1 5 6 0.5000 0.5455 1 0 0 0 0 0 1 0 0 0 0 0 1 0 3 1 3 1 3 6 6 7 9 2 1 2 2 1 2 1 2 1 2 0 

0 15 12839995 1 0 1 0 0 3 1 4 3.5000 3.5000 7 1 1 2 12 0.3750 21 25 46 4 1.1905 0 0 1 1 0.0656 0.0781 1 1 9 13 0.4286 0.5200 1 0 2 0 0 0 2 1 0 0 0 0 2 4 11 4 13 10 4 5 7 8 9 1 3 1 2 1 1 2 2 1 1 1 
1 15 12839997 1 0 1 0 0 4 3 7 3.5000 3.5000 7 2 1 3 10 0.3125 22 29 51 7 1.3182 1 0 1.0476 1 0.0688 0.0906 1 1 12 19 0.5455 0.6552 1 0 2 0 0 0 2 1 0 0 0 0 2 3 11 8 13 6 4 5 7 8 9 3 1 3 1 1 1 1 2 1 1 1 
1 15 12839997 1 0 0 1 0 4 2 6 1.5000 1.5000 3 2 1 3 11 0.3438 22 33 55 11 1.5000 1 1 1.0476 1.0312 0.0688 0.1031 1 1 11 22 0.5000 0.6667 1 0 2 0 0 0 1 2 0 0 0 0 2 2 11 9 8 6 3 6 7 7 9 2 3 2 1 2 1 1 1 1 1 1 

0 16 12839995 1 0 1 0 0 3 1 4 4.5000 4.5000 9 1 1 2 12 0.3750 21 25 46 4 1.1905 0 0 1 1 0.0656 0.0781 1 1 9 13 0.4286 0.5200 1 2 0 0 0 0 2 1 0 0 0 0 2 6 8 5 13 11 4 5 7 8 9 1 3 1 2 1 1 2 2 1 1 1 
1 16 12839998 1 0 0 1 0 5 2 7 1.5000 1.5000 3 2 1 3 12 0.3750 23 33 56 10 1.4348 2 1 1.0952 1.0312 0.0719 0.1031 1 1 11 21 0.4783 0.6364 1 1 1 0 0 0 1 2 0 0 0 0 2 3 5 10 11 13 3 6 7 7 9 2 3 2 3 1 3 1 4 2 2 0 
1 16 12839998 1 0 0 0 1 5 2 7 4.5000 4.5000 9 2 1 3 11 0.3438 23 29 52 6 1.2609 2 3 1.0952 1.1154 0.0719 0.0906 1 1 12 18 0.5217 0.6207 1 1 1 0 0 0 2 1 0 0 0 0 2 7 6 8 9 19 4 5 7 8 9 5 8 3 7 3 7 3 8 4 9 0 

0 17 12839996 1 0 1 0 0 3 1 4 4.5000 4.5000 9 1 2 3 12 0.3750 21 25 46 4 1.1905 0 0 1 1 0.0656 0.0781 1 1 9 13 0.4286 0.5200 1 0 1 1 0 0 1 2 0 0 0 0 2 4 8 8 12 11 4 5 7 8 9 1 3 1 2 1 1 2 2 1 1 1 
1 17 12839998 1 0 0 1 0 6 2 8 1 1 2 2 1 3 10 0.3125 23 29 52 6 1.2609 2 3 1.0952 1.1154 0.0719 0.0906 1 1 13 19 0.5652 0.6552 1 1 0 1 0 0 2 1 0 0 0 0 2 5 5 8 8 18 3 6 6 6 8 2 11 1 8 1 7 2 7 2 8 0 
0 17 12839995 0 1 0 0 1 6 1 7 1 0 1 2 2 4 11 0.3438 23 25 48 2 1.0870 2 0 1.0952 1 0.0719 0.0781 1 1 12 14 0.5217 0.5600 1 1 1 0 0 0 2 1 0 0 0 0 2 2 6 3 11 9 2 5 4 7 10 1 2 1 3 2 2 2 1 4 2 0 

1 18 12839997 1 0 1 0 0 3 1 4 4.5000 4.5000 9 1 2 3 12 0.3750 21 25 46 4 1.1905 0 0 1 1 0.0656 0.0781 1 1 9 13 0.4286 0.5200 1 0 1 0 0 0 1 1 0 0 0 0 2 4 8 8 12 11 4 5 7 8 9 1 3 1 2 1 1 2 2 1 1 1 
0 18 12839996 0 1 0 0 1 7 1 8 2 0 2 1 2 3 11 0.3438 23 25 48 2 1.0870 2 0 1.0952 1 0.0719 0.0781 1 1 12 14 0.5217 0.5600 1 0 1 0 0 0 1 1 0 0 0 0 2 1 6 4 11 9 2 5 4 7 10 1 2 1 3 2 2 2 1 4 2 0 

0 19 12839994 1 0 1 0 0 4 2 6 5.5000 5.5000 11 1 1 2 12 0.3750 21 25 46 4 1.1905 0 0 1 1 0.0656 0.0781 1 1 9 13 0.4286 0.5200 1 0 2 0 0 0 2 1 0 0 0 0 2 4 11 4 13 10 4 5 7 8 9 1 3 1 2 1 1 2 2 1 1 1 
0 19 12839996 1 0 1 0 0 7 4 11 5.5000 5.5000 11 2 1 3 10 0.3125 22 29 51 7 1.3182 1 0 1.0476 1 0.0688 0.0906 1 1 12 19 0.5455 0.6552 1 0 2 0 0 0 2 1 0 0 0 0 2 3 11 8 13 6 4 5 7 8 9 3 1 3 1 1 1 1 2 1 1 1 
0 19 12839996 1 0 0 1 0 7 3 10 2.5000 2.5000 5 2 1 3 11 0.3438 22 33 55 11 1.5000 1 1 1.0476 1.0312 0.0688 0.1031 1 1 11 22 0.5000 0.6667 1 0 2 0 0 0 1 2 0 0 0 0 2 2 11 9 8 6 3 6 7 7 9 2 3 2 1 2 1 1 1 1 1 1 
1 19 12839997 1 0 0 1 0 3 1 4 0.5000 0.5000 1 1 1 2 4 0.1250 10 11 21 1 1.1000 1 0 1.1111 1 0.0312 0.0344 1 1 6 7 0.6000 0.6364 1 0 0 0 0 0 1 0 0 0 0 0 2 1 5 1 5 1 3 6 6 7 10 1 1 1 1 1 2 1 2 1 2 0 

0 20 12839995 1 0 1 0 0 4 2 6 5.5000 5.5000 11 1 1 2 12 0.3750 21 25 46 4 1.1905 0 0 1 1 0.0656 0.0781 1 1 9 13 0.4286 0.5200 1 0 2 0 0 0 2 1 0 0 0 0 2 4 11 4 13 10 4 5 7 8 9 1 3 1 2 1 1 2 2 1 1 1 
1 20 12839997 1 0 1 0 0 7 4 11 5.5000 5.5000 11 2 1 3 10 0.3125 22 29 51 7 1.3182 1 0 1.0476 1 0.0688 0.0906 1 1 12 19 0.5455 0.6552 1 0 2 0 0 0 2 1 0 0 0 0 2 3 11 8 13 6 4 5 7 8 9 3 1 3 1 1 1 1 2 1 1 1 
1 20 12839997 1 0 0 1 0 7 3 10 2.5000 2.5000 5 2 1 3 11 0.3438 22 33 55 11 1.5000 1 1 1.0476 1.0312 0.0688 0.1031 1 1 11 22 0.5000 0.6667 1 0 2 0 0 0 1 2 0 0 0 0 2 2 11 9 8 6 3 6 7 7 9 2 3 2 1 2 1 1 1 1 1 1 

0 21 12839995 1 0 1 0 0 4 2 6 6.5000 6.5000 13 1 1 2 12 0.3750 21 25 46 4 1.1905 0 0 1 1 0.0656 0.0781 1 1 9 13 0.4286 0.5200 1 2 0 0 0 0 2 1 0 0 0 0 2 6 8 5 13 11 4 5 7 8 9 1 3 1 2 1 1 2 2 1 1 1 
1 21 12839998 1 0 0 1 0 8 3 11 2.5000 2.5000 5 2 1 3 12 0.3750 23 33 56 10 1.4348 2 1 1.0952 1.0312 0.0719 0.1031 1 1 11 21 0.4783 0.6364 1 1 1 0 0 0 1 2 0 0 0 0 2 3 5 10 11 13 3 6 7 7 9 2 3 2 3 1 3 1 4 2 2 0 
1 21 12839998 1 0 0 0 1 8 3 11 6.5000 6.5000 13 2 1 3 11 0.3438 23 29 52 6 1.2609 2 3 1.0952 1.1154 0.0719 0.0906 1 1 12 18 0.5217 0.6207 1 1 1 0 0 0 2 1 0 0 0 0 2 7 6 8 9 19 4 5 7 8 9 5 8 3 7 3 7 3 8 4 9 0 

0 22 12839996 1 0 1 0 0 4 2 6 6.5000 6.5000 13 1 2 3 12 0.3750 21 25 46 4 1.1905 0 0 1 1 0.0656 0.0781 1 1 9 13 0.4286 0.5200 1 0 1 1 0 0 1 2 0 0 0 0 2 4 8 8 12 11 4 5 7 8 9 1 3 1 2 1 1 2 2 1 1 1 
1 22 12839998 1 0 0 1 0 9 3 12 2 2 4 2 1 3 10 0.3125 23 29 52 6 1.2609 2 3 1.0952 1.1154 0.0719 0.0906 1 1 13 19 0.5652 0.6552 1 1 0 1 0 0 2 1 0 0 0 0 2 5 5 8 8 18 3 6 6 6 8 2 11 1 8 1 7 2 7 2 8 0 
0 22 12839995 0 1 0 0 1 9 2 11 2 0 2 2 2 4 11 0.3438 23 25 48 2 1.0870 2 0 1.0952 1 0.0719 0.0781 1 1 12 14 0.5217 0.5600 1 1 1 0 0 0 2 1 0 0 0 0 2 2 6 3 11 9 2 5 4 7 10 1 2 1 3 2 2 2 1 4 2 0 

1 23 12839997 1 0 1 0 0 4 2 6 6.5000 6.5000 13 1 2 3 12 0.3750 21 25 46 4 1.1905 0 0 1 1 0.0656 0.0781 1 1 9 13 0.4286 0.5200 1 0 1 0 0 0 1 1 0 0 0 0 2 4 8 8 12 11 4 5 7 8 9 1 3 1 2 1 1 2 2 1 1 1 
0 23 12839996 0 1 0 0 1 10 2 12 3 0 3 1 2 3 11 0.3438 23 25 48 2 1.0870 2 0 1.0952 1 0.0719 0.0781 1 1 12 14 0.5217 0.5600 1 0 1 0 0 0 1 1 0 0 0 0 2 1 6 4 11 9 2 5 4 7 10 1 2 1 3 2 2 2 1 4 2 0 

1 24 12879999 1 0 1 0 0 5 4 9 7.5000 7.5000 15 1 1 2 13 0.4062 22 33 55 11 1.5000 1 1 1.0476 1.0312 0.0685 0.1028 1 1 9 20 0.4091 0.6061 1 0 0 1 0 0 1 1 0 0 0 0 2 2 8 11 11 8 4 5 7 8 9 2 2 1 1 1 1 2 2 1 1 1 
0 24 12879998 0 1 0 0 1 10 3 13 3 0 3 1 1 2 11 0.3438 23 25 48 2 1.0870 2 0 1.0952 1 0.0717 0.0779 1 1 12 14 0.5217 0.5600 1 0 0 1 0 0 1 1 0 0 0 0 1 3 5 5 10 10 2 5 4 7 10 1 2 1 3 2 2 2 1 4 2 0 

1 25 12879999 1 0 1 0 0 5 4 9 7.5000 7.5000 15 1 1 2 13 0.4062 22 33 55 11 1.5000 1 1 1.0476 1.0312 0.0685 0.1028 1 1 9 20 0.4091 0.6061 1 0 0 1 0 0 1 1 0 0 0 0 2 2 8 11 11 8 4 5 7 8 9 2 2 1 1 1 1 2 2 1 1 1 
0 25 12879998 0 1 0 0 1 10 3 13 3 0 3 1 1 2 11 0.3438 23 25 48 2 1.0870 2 0 1.0952 1 0.0717 0.0779 1 1 12 14 0.5217 0.5600 1 0 0 1 0 0 1 1 0 0 0 0 1 3 5 5 10 10 2 5 4 7 10 1 2 1 3 2 2 2 1 4 2 0 

1 26 12879999 1 0 1 0 0 5 4 9 7.5000 7.5000 15 1 1 2 13 0.4062 22 33 55 11 1.5000 1 1 1.0476 1.0312 0.0685 0.1028 1 1 9 20 0.4091 0.6061 1 0 0 1 0 0 1 1 0 0 0 0 2 2 8 11 11 8 4 5 7 8 9 2 2 1 1 1 1 2 2 1 1 1 
0 26 12879998 0 1 0 0 1 10 3 13 3 0 3 1 1 2 11 0.3438 23 25 48 2 1.0870 2 0 1.0952 1 0.0717 0.0779 1 1 12 14 0.5217 0.5600 1 0 0 1 0 0 1 1 0 0 0 0 1 3 5 5 10 10 2 5 4 7 10 1 2 1 3 2 2 2 1 4 2 0 

0 27 12879994 1 0 1 0 0 4 2 6 1.5000 1.5000 3 1 1 2 5 0.1562 9 19 28 10 2.1111 0 0 1 1 0.0280 0.0592 1 1 4 14 0.4444 0.7368 1 0 0 0 0 0 1 0 0 0 0 0 2 0 7 0 6 0 3 4 7 7 7 2 1 2 1 1 1 1 2 1 2 1 
0 27 12879992 1 0 1 0 0 5 3 8 7.5000 7.5000 15 1 1 2 12 0.3750 21 25 46 4 1.1905 0 0 1 1 0.0654 0.0779 1 1 9 13 0.4286 0.5200 1 0 2 0 0 1 2 1 0 0 1 0 2 4 11 4 8 16 4 5 7 8 9 1 3 1 2 1 1 2 2 1 1 1 
0 27 12879994 1 0 1 0 0 10 5 15 7.5000 7.5000 15 2 1 3 10 0.3125 22 29 51 7 1.3182 1 0 1.0476 1 0.0685 0.0903 1 1 12 19 0.5455 0.6552 1 0 2 0 0 0 2 1 0 0 1 0 2 3 11 8 13 6 4 5 7 8 9 3 1 3 1 1 1 1 2 1 1 1 
1 27 12879995 1 0 1 0 0 1 2 3 0.5000 0.5000 1 2 1 3 6 0.1875 28 8 36 20 3.5000 1 1 1.0370 1.1429 0.0872 0.0249 1 1 22 2 0.7857 0.2500 1 0 0 0 0 0 1 0 0 0 0 0 2 1 3 2 3 8 3 3 6 10 10 2 1 2 1 1 1 1 1 1 0 1 
0 27 12879994 1 0 0 1 0 10 4 14 3.5000 3.5000 7 2 1 3 11 0.3438 22 33 55 11 1.5000 1 1 1.0476 1.0312 0.0685 0.1028 1 1 11 22 0.5000 0.6667 1 0 2 0 0 0 1 2 0 0 0 1 2 2 11 9 8 6 3 6 7 7 9 2 3 2 1 2 1 1 1 1 1 1 
1 27 12879995 1 0 0 1 0 1 0 1 0 0 0 2 1 3 13 0.4062 28 19 47 9 1.4737 1 0 1.0370 1 0.0872 0.0592 1 1 15 6 0.5357 0.3158 1 0 0 0 0 1 1 0 0 0 2 1 2 0 4 0 5 11 3 5 8 10 12 2 1 2 1 3 1 2 1 1 1 0 

0 28 12839992 1 0 1 0 0 4 2 6 1.5000 1.5000 3 1 1 2 5 0.1613 9 19 28 10 2.1111 0 0 1 1 0.0281 0.0594 1 1 4 14 0.4444 0.7368 1 0 0 0 0 0 1 0 0 0 0 0 2 0 7 0 6 0 3 4 7 7 7 2 1 2 1 1 1 1 2 1 2 1 
1 28 12839993 0 1 1 0 0 4 10 14 0 3.5000 3.5000 3 3 6 11 0.3548 32 21 53 11 1.5238 0 0 1 1 0.1000 0.0656 1 1 21 10 0.6562 0.4762 1 0 0 0 0 2 1 0 0 0 2 0 1 0 4 3 8 8 3 5 4 8 12 1 1 1 1 1 1 1 1 2 1 2 
0 28 12839991 1 0 1 0 0 4 3 7 7.5000 7.5000 15 3 1 4 12 0.3871 32 25 57 7 1.2800 0 0 1 1 0.1000 0.0781 1 1 20 13 0.6250 0.5200 1 0 2 0 0 0 2 1 0 0 0 0 2 4 7 8 12 11 4 5 7 8 9 1 3 1 2 1 1 2 2 1 1 1 
1 28 12839993 1 0 1 0 0 1 2 3 0.5000 0.5000 1 1 2 3 5 0.1613 27 7 34 20 3.8571 0 0 1 1 0.0844 0.0219 1 1 22 2 0.8148 0.2857 1 0 0 0 1 0 1 0 1 0 0 0 2 0 4 1 9 1 3 3 6 10 10 1 1 1 1 1 1 1 1 1 0 2 
1 28 12839993 0 1 1 0 0 10 5 15 7.5000 3.5000 11 3 1 4 10 0.3226 21 29 50 8 1.3810 0 0 1 1 0.0656 0.0906 1 1 11 19 0.5238 0.6552 1 0 1 0 0 1 2 0 0 0 1 0 1 2 5 6 10 5 3 4 5 7 9 2 1 1 1 1 1 1 2 1 1 2 
1 28 12839993 1 0 0 1 0 10 0 10 0 0 0 3 1 4 18 0.5806 21 11 32 10 1.9091 0 0 1 1 0.0656 0.0344 1 0 3 -7.0000 0.1429 -0.6364 1 0 0 0 0 0 1 0 0 0 0 0 2 2 4 2 4 4 3 5 6 6 8 3 0 3 0 2 0 2 0 1 0 0 
1 28 12839993 1 0 0 1 0 4 4 8 1 1 2 1 3 4 29 0.9355 29 32 61 3 1.1034 3 0 1.1154 1 0.0906 0.1000 0 1 0 3 0 0.0938 1 0 0 0 0 0 1 0 0 0 0 0 2 3 7 6 9 9 4 5 5 8 5 4 4 3 1 2 0 2 0 1 0 0 
1 28 12839993 1 0 0 1 0 5 2 7 1 1 2 1 2 3 3 0.0968 22 7 29 15 3.1429 1 0 1.0476 1 0.0688 0.0219 1 1 19 4 0.8636 0.5714 1 0 0 0 1 0 1 0 1 0 0 0 2 0 4 0 9 0 4 6 7 8 9 2 1 2 1 2 1 2 1 2 1 1 

0 29 12839993 1 0 1 0 0 4 2 6 1.5000 1.5000 3 1 1 2 5 0.1613 9 19 28 10 2.1111 0 0 1 1 0.0281 0.0594 1 1 4 14 0.4444 0.7368 1 0 0 0 0 0 1 0 0 0 0 0 2 0 7 0 6 0 3 4 7 7 7 2 1 2 1 1 1 1 2 1 2 1 
0 29 12839992 1 0 1 0 0 5 3 8 7.5000 7.5000 15 3 1 4 12 0.3871 32 25 57 7 1.2800 0 0 1 1 0.1000 0.0781 1 1 20 13 0.6250 0.5200 1 0 2 0 0 0 2 1 0 0 0 0 2 4 9 6 13 10 4 5 7 8 9 1 3 1 2 1 1 2 2 1 1 1 
1 29 12839994 1 0 1 0 0 1 2 3 0.5000 0.5000 1 1 2 3 5 0.1613 27 7 34 20 3.8571 0 0 1 1 0.0844 0.0219 1 1 22 2 0.8148 0.2857 1 0 0 0 1 0 1 0 1 0 0 0 2 0 4 1 9 1 3 3 6 10 10 1 1 1 1 1 1 1 1 1 0 2 
1 29 12839994 1 0 1 0 0 11 5 16 4 4 8 2 3 5 11 0.3548 22 32 54 10 1.4545 1 0 1.0476 1 0.0688 0.1000 1 1 11 21 0.5000 0.6562 1 1 1 0 0 0 2 1 0 0 0 0 2 2 9 11 8 6 3 6 7 7 9 1 3 1 2 1 1 1 1 2 1 1 
1 29 12839994 1 0 0 1 0 4 5 9 1 1 2 1 3 4 29 0.9355 29 32 61 3 1.1034 3 0 1.1154 1 0.0906 0.1000 0 1 0 3 0 0.0938 1 0 0 0 0 0 1 0 0 0 0 0 2 3 7 6 9 9 4 5 5 8 5 4 4 3 1 2 0 2 0 1 0 0 
1 29 12839994 1 0 0 1 0 5 2 7 1 1 2 1 2 3 3 0.0968 22 7 29 15 3.1429 1 0 1.0476 1 0.0688 0.0219 1 1 19 4 0.8636 0.5714 1 0 0 0 1 0 1 0 1 0 0 0 2 0 4 0 9 0 4 6 7 8 9 2 1 2 1 2 1 2 1 2 1 1 
0 29 12839993 0 1 0 1 0 11 5 16 7.5000 4 11.5000 2 1 3 10 0.3226 22 29 51 7 1.3182 1 0 1.0476 1 0.0688 0.0906 1 1 12 19 0.5455 0.6552 1 0 1 0 0 0 2 0 0 0 0 0 1 2 5 6 10 4 3 4 5 7 9 3 1 3 1 2 1 1 2 1 1 1 

0 30 12839994 1 0 1 0 0 4 2 6 1.5000 1.5000 3 1 1 2 5 0.1613 9 19 28 10 2.1111 0 0 1 1 0.0281 0.0594 1 1 4 14 0.4444 0.7368 1 0 0 0 0 0 1 0 0 0 0 0 2 0 7 0 6 0 3 4 7 7 7 2 1 2 1 1 1 1 2 1 2 1 
0 30 12839993 1 0 1 0 0 5 3 8 7.5000 7.5000 15 3 1 4 12 0.3871 32 25 57 7 1.2800 0 0 1 1 0.1000 0.0781 1 1 20 13 0.6250 0.5200 1 0 2 0 0 0 2 1 0 0 0 0 2 4 9 6 13 10 4 5 7 8 9 1 3 1 2 1 1 2 2 1 1 1 
1 30 12839995 1 0 1 0 0 11 5 16 4 4 8 2 3 5 11 0.3548 22 32 54 10 1.4545 1 0 1.0476 1 0.0688 0.1000 1 1 11 21 0.5000 0.6562 1 1 1 0 0 0 2 1 0 0 0 0 2 2 9 11 8 6 3 6 7 7 9 1 3 1 2 1 1 1 1 2 1 1 
1 30 12839995 0 1 1 0 0 3 2 5 0.5000 1.5000 2 1 1 2 6 0.1935 8 27 35 19 3.3750 1 0 1.1429 1 0.0250 0.0844 1 1 2 21 0.2500 0.7778 1 0 0 0 0 0 1 0 0 0 0 0 1 0 1 0 6 0 1 3 5 5 6 1 2 1 1 1 1 1 1 1 0 1 
1 30 12839995 1 0 0 1 0 4 5 9 1 1 2 1 3 4 29 0.9355 29 32 61 3 1.1034 3 0 1.1154 1 0.0906 0.1000 0 1 0 3 0 0.0938 1 0 0 0 0 0 1 0 0 0 0 0 2 3 7 6 9 9 4 5 5 8 5 4 4 3 1 2 0 2 0 1 0 0 
0 30 12839994 0 1 0 1 0 11 5 16 7.5000 4 11.5000 2 1 3 10 0.3226 22 29 51 7 1.3182 1 0 1.0476 1 0.0688 0.0906 1 1 12 19 0.5455 0.6552 1 0 1 0 0 0 2 0 0 0 0 0 1 2 5 6 10 4 3 4 5 7 9 3 1 3 1 2 1 1 2 1 1 1 

0 31 12839995 1 0 1 0 0 4 2 6 1.5000 1.5000 3 1 1 2 5 0.1613 9 19 28 10 2.1111 0 0 1 1 0.0281 0.0594 1 1 4 14 0.4444 0.7368 1 0 0 0 0 0 1 0 0 0 0 0 2 0 7 0 6 0 3 4 7 7 7 2 1 2 1 1 1 1 2 1 2 1 
0 31 12839993 1 0 1 0 0 6 3 9 7.5000 7.5000 15 2 1 3 12 0.3871 32 25 57 7 1.2800 0 0 1 1 0.1000 0.0781 1 1 20 13 0.6250 0.5200 1 0 1 0 0 0 2 0 0 0 0 0 2 5 7 8 12 11 4 5 7 8 9 1 3 1 2 1 1 2 2 1 1 1 
1 31 12839996 0 1 1 0 0 3 2 5 0.5000 1.5000 2 1 1 2 6 0.1935 8 27 35 19 3.3750 1 0 1.1429 1 0.0250 0.0844 1 1 2 21 0.2500 0.7778 1 0 0 0 0 0 1 0 0 0 0 0 1 0 1 0 6 0 1 3 5 5 6 1 2 1 1 1 1 1 1 1 0 1 
1 31 12839996 1 0 0 1 0 4 6 10 1 1 2 1 2 3 29 0.9355 29 32 61 3 1.1034 3 0 1.1154 1 0.0906 0.1000 0 1 0 3 0 0.0938 1 0 0 0 0 0 1 0 0 0 0 0 2 3 7 6 9 9 4 5 5 8 5 4 4 3 1 2 0 2 0 1 0 0 
0 31 12839994 0 1 0 1 0 12 5 17 7.5000 5 12.5000 1 1 2 10 0.3226 23 29 52 6 1.2609 2 0 1.0952 1 0.0719 0.0906 1 1 13 19 0.5652 0.6552 1 0 1 0 0 0 2 0 0 0 0 0 1 2 5 7 10 4 3 4 5 7 9 5 1 5 1 5 1 3 2 3 1 0 

0 32 12839996 1 0 1 0 0 4 2 6 1.5000 1.5000 3 1 1 2 5 0.1613 9 19 28 10 2.1111 0 0 1 1 0.0281 0.0594 1 1 4 14 0.4444 0.7368 1 0 0 0 0 0 1 0 0 0 0 0 2 0 7 0 6 0 3 4 7 7 7 2 1 2 1 1 1 1 2 1 2 1 
0 32 12839994 1 0 1 0 0 6 3 9 7.5000 7.5000 15 2 1 3 12 0.3871 32 25 57 7 1.2800 0 0 1 1 0.1000 0.0781 1 1 20 13 0.6250 0.5200 1 0 1 0 0 0 2 0 0 0 0 0 2 5 7 8 12 11 4 5 7 8 9 1 3 1 2 1 1 2 2 1 1 1 
1 32 12839997 1 0 0 1 0 4 6 10 1 1 2 1 2 3 29 0.9355 29 32 61 3 1.1034 3 0 1.1154 1 0.0906 0.1000 0 1 0 3 0 0.0938 1 0 0 0 0 0 1 0 0 0 0 0 2 3 7 6 9 9 4 5 5 8 5 4 4 3 1 2 0 2 0 1 0 0 
0 32 12839995 0 1 0 1 0 12 5 17 7.5000 5 12.5000 1 1 2 10 0.3226 23 29 52 6 1.2609 2 0 1.0952 1 0.0719 0.0906 1 1 13 19 0.5652 0.6552 1 0 1 0 0 0 2 0 0 0 0 0 1 2 5 7 10 4 3 4 5 7 9 5 1 5 1 5 1 3 2 3 1 0 

1 33 12839997 1 0 1 0 0 4 2 6 1.5000 1.5000 3 1 1 2 5 0.1613 9 19 28 10 2.1111 0 0 1 1 0.0281 0.0594 1 1 4 14 0.4444 0.7368 1 0 0 0 0 0 1 0 0 0 0 0 2 0 7 0 6 0 3 4 7 7 7 2 1 2 1 1 1 1 2 1 2 1 
0 33 12839994 1 0 1 0 0 7 3 10 7.5000 7.5000 15 1 1 2 12 0.3871 32 25 57 7 1.2800 0 0 1 1 0.1000 0.0781 1 1 20 13 0.6250 0.5200 1 0 1 0 0 0 2 0 0 0 0 0 2 5 7 8 12 11 4 5 7 8 9 1 3 1 2 1 1 2 2 1 1 1 
0 33 12839996 0 1 0 1 0 12 5 17 7.5000 5 12.5000 1 1 2 10 0.3226 23 29 52 6 1.2609 2 0 1.0952 1 0.0719 0.0906 1 1 13 19 0.5652 0.6552 1 0 1 0 0 0 2 0 0 0 0 0 1 2 5 7 10 4 3 4 5 7 9 5 1 5 1 5 1 3 2 3 1 0 

0 34 12919994 1 0 1 0 0 7 3 10 7.5000 7.5000 15 1 1 2 12 0.3871 32 25 57 7 1.2800 0 0 1 1 0.0994 0.0776 1 1 20 13 0.6250 0.5200 1 0 1 0 0 0 2 0 0 0 0 0 2 5 7 8 12 11 4 5 7 8 9 1 3 1 2 1 1 2 2 1 1 1 
1 34 12919997 0 1 1 0 0 3 5 8 0 2.5000 2.5000 1 1 2 6 0.1935 20 9 29 11 2.2222 1 0 1.0526 1 0.0621 0.0280 1 1 14 3 0.7000 0.3333 1 0 0 0 0 0 1 0 0 0 0 0 1 0 1 0 1 1 1 2 2 3 3 2 2 1 1 1 1 1 2 1 2 2 
0 34 12919996 0 1 0 1 0 12 5 17 7.5000 5 12.5000 1 1 2 10 0.3226 23 29 52 6 1.2609 2 0 1.0952 1 0.0714 0.0901 1 1 13 19 0.5652 0.6552 1 0 1 0 0 0 2 0 0 0 0 0 1 2 5 7 10 4 3 4 5 7 9 5 1 5 1 5 1 3 2 3 1 0 

0 35 12839994 1 0 1 0 0 7 3 10 7.5000 7.5000 15 1 1 2 12 0.3871 32 25 57 7 1.2800 0 0 1 1 0.1000 0.0781 1 1 20 13 0.6250 0.5200 1 0 1 0 0 0 2 0 0 0 0 0 2 5 7 8 12 11 4 5 7 8 9 1 3 1 2 1 1 2 2 1 1 1 
0 35 12839996 0 1 0 1 0 12 5 17 7.5000 5 12.5000 1 1 2 10 0.3226 23 29 52 6 1.2609 2 0 1.0952 1 0.0719 0.0906 1 1 13 19 0.5652 0.6552 1 0 1 0 0 0 2 0 0 0 0 0 1 2 5 7 10 4 3 4 5 7 9 5 1 5 1 5 1 3 2 3 1 0 
1 35 12839998 0 1 0 0 1 5 3 8 0.5000 2.5000 3 1 1 2 6 0.1935 10 19 29 9 1.9000 1 0 1.1111 1 0.0312 0.0594 1 1 4 13 0.4000 0.6842 1 0 0 0 0 0 1 0 0 0 0 0 1 0 3 0 3 0 2 4 5 4 5 4 1 2 1 1 2 1 2 1 2 0 

0 36 12839995 1 0 1 0 0 7 3 10 7.5000 7.5000 15 1 1 2 12 0.3871 32 25 57 7 1.2800 0 0 1 1 0.1000 0.0781 1 1 20 13 0.6250 0.5200 1 0 1 0 0 0 2 0 0 0 0 0 2 5 7 8 12 11 4 5 7 8 9 1 3 1 2 1 1 2 2 1 1 1 
1 36 12839997 0 1 0 1 0 12 5 17 7.5000 5 12.5000 1 1 2 10 0.3226 23 29 52 6 1.2609 2 0 1.0952 1 0.0719 0.0906 1 1 13 19 0.5652 0.6552 1 0 1 0 0 0 2 0 0 0 0 0 1 2 5 7 10 4 3 4 5 7 9 5 1 5 1 5 1 3 2 3 1 0 

0 37 12839995 1 0 1 0 0 7 3 10 8 8 16 2 1 3 12 0.3871 32 25 57 7 1.2800 0 0 1 1 0.1000 0.0781 1 1 20 13 0.6250 0.5200 2 1 0 0 0 0 3 0 0 0 0 0 2 6 7 6 12 11 4 5 7 8 9 1 3 1 2 1 1 2 2 1 1 1 
0 37 12839997 0 1 0 1 0 13 7 20 8 5.5000 13.5000 2 2 4 12 0.3871 23 32 55 9 1.3913 2 0 1.0952 1 0.0719 0.1000 1 1 11 20 0.4783 0.6250 2 1 0 0 0 0 3 0 0 0 0 0 2 4 6 4 10 8 3 4 5 7 9 1 4 1 3 1 3 2 4 1 2 0 
1 37 12839998 1 0 0 0 1 13 5 18 8 8 16 2 1 3 11 0.3548 23 29 52 6 1.2609 2 3 1.0952 1.1154 0.0719 0.0906 1 1 12 18 0.5217 0.6207 1 2 0 0 0 0 3 0 0 0 0 0 2 6 7 7 9 19 4 5 7 8 9 5 8 4 7 3 7 3 8 4 9 0 

0 38 12839996 1 0 1 0 0 7 3 10 9 9 18 2 1 3 12 0.3871 32 25 57 7 1.2800 0 0 1 1 0.1000 0.0781 1 1 20 13 0.6250 0.5200 2 0 0 0 0 0 2 0 0 0 0 0 2 4 7 8 12 10 4 5 7 8 9 1 3 1 2 1 1 2 2 1 1 1 
1 38 12839997 0 1 0 1 0 14 7 21 9 5.5000 14.5000 1 2 3 12 0.3871 23 32 55 9 1.3913 2 0 1.0952 1 0.0719 0.1000 1 1 11 20 0.4783 0.6250 2 0 0 0 0 0 2 0 0 0 0 0 2 2 6 6 10 7 3 4 5 7 9 1 4 1 3 1 3 2 4 1 2 0 

0 39 12839994 1 0 1 0 0 8 3 11 9.5000 9.5000 19 1 2 3 12 0.3871 32 25 57 7 1.2800 0 0 1 1 0.1000 0.0781 1 1 20 13 0.6250 0.5200 1 0 1 1 0 0 2 1 0 0 0 0 2 3 7 10 12 10 4 5 7 8 9 1 3 1 2 1 1 2 2 1 1 1 
1 39 12839997 1 0 0 1 0 15 6 21 9.5000 9.5000 19 2 1 3 9 0.2903 23 29 52 6 1.2609 2 3 1.0952 1.1154 0.0719 0.0906 1 1 14 20 0.6087 0.6897 1 0 0 2 0 0 2 1 0 0 0 0 2 2 5 16 10 9 4 5 7 8 9 1 10 2 6 1 5 1 5 2 6 0 
0 39 12839995 0 1 0 0 1 15 3 18 3 0 3 2 2 4 11 0.3548 23 25 48 2 1.0870 2 0 1.0952 1 0.0719 0.0781 1 1 12 14 0.5217 0.5600 1 0 1 1 0 0 1 2 0 0 0 0 1 2 6 5 11 9 2 5 4 7 10 1 2 1 3 2 2 3 1 4 2 0 

0 40 12839994 1 0 1 0 0 8 3 11 10.5000 10.5000 21 1 2 3 12 0.3871 32 25 57 7 1.2800 0 0 1 1 0.1000 0.0781 1 1 20 13 0.6250 0.5200 1 0 1 0 0 0 1 1 0 0 0 1 2 3 7 9 14 9 4 5 7 8 9 1 3 1 2 1 1 2 2 1 1 1 
0 40 12839995 0 1 0 0 1 16 3 19 3 0 3 1 2 3 11 0.3548 23 25 48 2 1.0870 2 0 1.0952 1 0.0719 0.0781 1 1 12 14 0.5217 0.5600 1 0 1 0 0 0 1 1 0 0 1 0 1 2 6 4 14 8 2 5 4 7 10 1 2 1 3 2 2 3 1 4 2 0 
1 40 12839998 0 1 0 0 1 7 0 7 0 0 0 1 1 2 3 0.0968 29 11 40 18 2.6364 3 0 1.1154 1 0.0906 0.0344 1 1 26 8 0.8966 0.7273 1 0 0 0 0 0 1 0 0 0 0 0 1 0 1 0 1 9 2 4 4 7 9 2 3 2 7 1 8 1 10 2 10 0 

0 41 12839995 1 0 1 0 0 8 3 11 10.5000 10.5000 21 1 2 3 12 0.3871 32 25 57 7 1.2800 0 0 1 1 0.1000 0.0781 1 1 20 13 0.6250 0.5200 1 0 1 0 0 0 1 1 0 0 0 0 2 3 7 9 14 9 4 5 7 8 9 1 3 1 2 1 1 2 2 1 1 1 
1 41 12839996 0 1 0 0 1 16 3 19 3 0 3 1 2 3 11 0.3548 23 25 48 2 1.0870 2 0 1.0952 1 0.0719 0.0781 1 1 12 14 0.5217 0.5600 1 0 1 0 0 0 1 1 0 0 0 0 1 2 6 4 14 8 2 5 4 7 10 1 2 1 3 2 2 3 1 4 2 0 

0 42 12839994 1 0 1 0 0 8 4 12 10.5000 10.5000 21 1 2 3 12 0.3871 32 25 57 7 1.2800 0 0 1 1 0.1000 0.0781 1 1 20 13 0.6250 0.5200 1 0 1 0 0 0 1 1 0 0 0 1 2 3 7 9 14 9 4 5 7 8 9 1 3 1 2 1 1 2 2 1 1 1 
1 42 12879998 1 0 0 1 0 8 0 8 0 0 0 1 1 2 3 0.0968 29 11 40 18 2.6364 3 0 1.1154 1 0.0906 0.0344 1 1 26 8 0.8966 0.7273 1 0 0 0 0 0 1 0 0 0 0 2 2 0 9 3 13 7 4 6 10 9 9 2 3 2 7 1 7 2 8 3 8 0 
0 42 12839995 0 1 0 0 1 17 4 21 3.5000 0.5000 4 1 2 3 11 0.3548 23 25 48 2 1.0870 2 0 1.0952 1 0.0719 0.0781 1 1 12 14 0.5217 0.5600 1 0 1 0 0 0 1 1 0 0 0 0 1 2 6 4 13 8 2 5 4 7 10 1 2 1 3 2 2 3 1 4 2 0 

0 43 12839994 1 0 1 0 0 8 4 12 10.5000 10.5000 21 1 2 3 12 0.3871 32 25 57 7 1.2800 0 0 1 1 0.1000 0.0781 1 1 20 13 0.6250 0.5200 1 0 1 1 0 0 1 2 0 0 0 0 2 5 7 8 12 11 4 5 7 8 9 1 3 1 2 1 1 2 2 1 1 1 
1 43 12839998 1 0 0 1 0 17 9 26 3.5000 3.5000 7 2 1 3 10 0.3226 23 29 52 6 1.2609 2 3 1.0952 1.1154 0.0719 0.0906 1 1 13 19 0.5652 0.6552 1 1 0 1 0 0 2 1 0 0 0 0 2 4 7 8 7 18 3 6 6 6 8 2 11 1 8 1 7 2 7 3 8 0 
0 43 12839995 0 1 0 0 1 17 4 21 3.5000 0.5000 4 2 2 4 11 0.3548 23 25 48 2 1.0870 2 0 1.0952 1 0.0719 0.0781 1 1 12 14 0.5217 0.5600 1 1 1 0 0 0 2 1 0 0 0 0 1 4 6 3 11 8 2 5 4 7 10 1 2 1 3 2 2 3 1 4 2 0 

0 44 12839995 1 0 1 0 0 8 4 12 10.5000 10.5000 21 1 2 3 12 0.3871 32 25 57 7 1.2800 0 0 1 1 0.1000 0.0781 1 1 20 13 0.6250 0.5200 1 0 1 0 0 0 1 1 0 0 0 0 2 5 7 8 12 11 4 5 7 8 9 1 3 1 2 1 1 2 2 1 1 1 
1 44 12839996 0 1 0 0 1 18 4 22 4.5000 0.5000 5 1 2 3 11 0.3548 23 25 48 2 1.0870 2 0 1.0952 1 0.0719 0.0781 1 1 12 14 0.5217 0.5600 1 0 1 0 0 0 1 1 0 0 0 0 1 3 6 4 11 8 2 5 4 7 10 1 2 1 3 2 2 3 1 4 2 0 

0 45 12839994 1 0 1 0 0 8 5 13 10.5000 10.5000 21 1 1 2 12 0.3871 32 25 57 7 1.2800 0 0 1 1 0.1000 0.0781 1 1 20 13 0.6250 0.5200 1 0 1 0 0 0 2 0 0 0 0 0 2 5 7 8 12 11 4 5 7 8 9 1 3 1 2 1 1 2 2 1 1 1 
0 45 12839996 0 1 0 1 0 19 6 25 10.5000 6 16.5000 1 1 2 10 0.3226 23 29 52 6 1.2609 2 0 1.0952 1 0.0719 0.0906 1 1 13 19 0.5652 0.6552 1 0 1 0 0 0 2 0 0 0 0 0 1 2 5 7 10 4 3 4 5 7 9 5 1 5 1 5 1 3 2 3 1 0 
1 45 12839998 0 1 0 0 1 6 2 8 0.5000 1.5000 2 1 1 2 5 0.1613 10 11 21 1 1.1000 1 0 1.1111 1 0.0312 0.0344 1 1 5 6 0.5000 0.5455 1 0 0 0 0 0 1 0 0 0 0 0 1 0 3 1 3 1 3 6 6 7 9 2 1 2 2 1 2 1 2 1 2 0 

0 46 12839995 1 0 1 0 0 8 5 13 10.5000 10.5000 21 1 1 2 12 0.3871 32 25 57 7 1.2800 0 0 1 1 0.1000 0.0781 1 1 20 13 0.6250 0.5200 1 0 1 0 0 0 2 0 0 0 0 0 2 5 7 8 12 11 4 5 7 8 9 1 3 1 2 1 1 2 2 1 1 1 
1 46 12839997 0 1 0 1 0 19 6 25 10.5000 6 16.5000 1 1 2 10 0.3226 23 29 52 6 1.2609 2 0 1.0952 1 0.0719 0.0906 1 1 13 19 0.5652 0.6552 1 0 1 0 0 0 2 0 0 0 0 0 1 2 5 7 10 4 3 4 5 7 9 5 1 5 1 5 1 3 2 3 1 0 

0 47 12839995 1 0 1 0 0 8 5 13 11 11 22 2 1 3 12 0.3871 32 25 57 7 1.2800 0 0 1 1 0.1000 0.0781 1 1 20 13 0.6250 0.5200 2 1 0 0 0 0 3 0 0 0 0 0 2 6 7 6 12 11 4 5 7 8 9 1 3 1 2 1 1 2 2 1 1 1 
0 47 12839997 0 1 0 1 0 20 8 28 11 6.5000 17.5000 2 2 4 12 0.3871 23 32 55 9 1.3913 2 0 1.0952 1 0.0719 0.1000 1 1 11 20 0.4783 0.6250 2 1 0 0 0 0 3 0 0 0 0 0 2 4 6 4 10 8 3 4 5 7 9 1 4 1 3 1 3 2 4 1 2 0 
1 47 12839998 1 0 0 0 1 20 10 30 11 11 22 2 1 3 11 0.3548 23 29 52 6 1.2609 2 3 1.0952 1.1154 0.0719 0.0906 1 1 12 18 0.5217 0.6207 1 2 0 0 0 0 3 0 0 0 0 0 2 6 7 7 9 19 4 5 7 8 9 5 8 4 7 3 7 3 8 4 9 0 

0 48 12839996 1 0 1 0 0 8 5 13 12 12 24 2 1 3 12 0.3871 32 25 57 7 1.2800 0 0 1 1 0.1000 0.0781 1 1 20 13 0.6250 0.5200 2 0 0 0 0 0 2 0 0 0 0 0 2 4 7 8 12 10 4 5 7 8 9 1 3 1 2 1 1 2 2 1 1 1 
1 48 12839997 0 1 0 1 0 21 8 29 12 6.5000 18.5000 1 2 3 12 0.3871 23 32 55 9 1.3913 2 0 1.0952 1 0.0719 0.1000 1 1 11 20 0.4783 0.6250 2 0 0 0 0 0 2 0 0 0 0 0 2 2 6 6 10 7 3 4 5 7 9 1 4 1 3 1 3 2 4 1 2 0 

0 49 12839994 1 0 1 0 0 9 5 14 12.5000 12.5000 25 1 2 3 12 0.3871 32 25 57 7 1.2800 0 0 1 1 0.1000 0.0781 1 1 20 13 0.6250 0.5200 1 0 1 1 0 0 2 1 0 0 0 0 2 3 7 10 12 10 4 5 7 8 9 1 3 1 2 1 1 2 2 1 1 1 
1 49 12839997 1 0 0 1 0 22 11 33 12.5000 12.5000 25 2 1 3 9 0.2903 23 29 52 6 1.2609 2 3 1.0952 1.1154 0.0719 0.0906 1 1 14 20 0.6087 0.6897 1 0 0 2 0 0 2 1 0 0 0 0 2 2 5 16 10 9 4 5 7 8 9 1 10 2 6 1 5 1 5 2 6 0 
0 49 12839995 0 1 0 0 1 22 5 27 5 1 6 2 2 4 11 0.3548 23 25 48 2 1.0870 2 0 1.0952 1 0.0719 0.0781 1 1 12 14 0.5217 0.5600 1 0 1 1 0 0 1 2 0 0 0 0 1 2 6 5 11 9 2 5 4 7 10 1 2 1 3 2 2 3 1 4 2 0 

0 50 12839994 1 0 1 0 0 9 5 14 13.5000 13.5000 27 1 2 3 12 0.3871 32 25 57 7 1.2800 0 0 1 1 0.1000 0.0781 1 1 20 13 0.6250 0.5200 1 0 1 0 0 0 1 1 0 0 0 1 2 3 7 9 14 9 4 5 7 8 9 1 3 1 2 1 1 2 2 1 1 1 
0 50 12839995 0 1 0 0 1 23 5 28 5 1 6 1 2 3 11 0.3548 23 25 48 2 1.0870 2 0 1.0952 1 0.0719 0.0781 1 1 12 14 0.5217 0.5600 1 0 1 0 0 0 1 1 0 0 1 0 1 2 6 4 14 8 2 5 4 7 10 1 2 1 3 2 2 3 1 4 2 0 
1 50 12839998 0 1 0 0 1 12 1 13 0.5000 0.5000 1 1 1 2 3 0.0968 29 11 40 18 2.6364 3 0 1.1154 1 0.0906 0.0344 1 1 26 8 0.8966 0.7273 1 0 0 0 0 0 1 0 0 0 0 0 1 0 1 0 1 9 2 4 4 7 9 2 3 2 7 1 8 1 10 2 10 0 

0 51 12839995 1 0 1 0 0 9 5 14 13.5000 13.5000 27 1 2 3 12 0.3871 32 25 57 7 1.2800 0 0 1 1 0.1000 0.0781 1 1 20 13 0.6250 0.5200 1 0 1 0 0 0 1 1 0 0 0 0 2 3 7 9 14 9 4 5 7 8 9 1 3 1 2 1 1 2 2 1 1 1 
1 51 12839996 0 1 0 0 1 23 5 28 5 1 6 1 2 3 11 0.3548 23 25 48 2 1.0870 2 0 1.0952 1 0.0719 0.0781 1 1 12 14 0.5217 0.5600 1 0 1 0 0 0 1 1 0 0 0 0 1 2 6 4 14 8 2 5 4 7 10 1 2 1 3 2 2 3 1 4 2 0 

0 52 12839994 1 0 1 0 0 9 6 15 13.5000 13.5000 27 1 2 3 12 0.3871 32 25 57 7 1.2800 0 0 1 1 0.1000 0.0781 1 1 20 13 0.6250 0.5200 1 0 1 0 0 0 1 1 0 0 0 1 2 3 7 9 14 9 4 5 7 8 9 1 3 1 2 1 1 2 2 1 1 1 
1 52 12879998 1 0 0 1 0 13 1 14 1 1 2 1 1 2 3 0.0968 29 11 40 18 2.6364 3 0 1.1154 1 0.0906 0.0344 1 1 26 8 0.8966 0.7273 1 0 0 0 0 0 1 0 0 0 0 2 2 0 9 3 13 7 4 6 10 9 9 2 3 2 7 1 7 2 8 3 8 0 
0 52 12839995 0 1 0 0 1 24 6 30 5.5000 1.5000 7 1 2 3 11 0.3548 23 25 48 2 1.0870 2 0 1.0952 1 0.0719 0.0781 1 1 12 14 0.5217 0.5600 1 0 1 0 0 0 1 1 0 0 0 0 1 2 6 4 13 8 2 5 4 7 10 1 2 1 3 2 2 3 1 4 2 0 

0 53 12839994 1 0 1 0 0 9 6 15 13.5000 13.5000 27 1 2 3 12 0.3871 32 25 57 7 1.2800 0 0 1 1 0.1000 0.0781 1 1 20 13 0.6250 0.5200 1 0 1 1 0 0 1 2 0 0 0 0 2 5 7 8 12 11 4 5 7 8 9 1 3 1 2 1 1 2 2 1 1 1 
1 53 12839998 1 0 0 1 0 24 14 38 5.5000 5.5000 11 2 1 3 10 0.3226 23 29 52 6 1.2609 2 3 1.0952 1.1154 0.0719 0.0906 1 1 13 19 0.5652 0.6552 1 1 0 1 0 0 2 1 0 0 0 0 2 4 7 8 7 18 3 6 6 6 8 2 11 1 8 1 7 2 7 3 8 0 
0 53 12839995 0 1 0 0 1 24 6 30 5.5000 1.5000 7 2 2 4 11 0.3548 23 25 48 2 1.0870 2 0 1.0952 1 0.0719 0.0781 1 1 12 14 0.5217 0.5600 1 1 1 0 0 0 2 1 0 0 0 0 1 4 6 3 11 8 2 5 4 7 10 1 2 1 3 2 2 3 1 4 2 0 

0 54 12839995 1 0 1 0 0 9 6 15 13.5000 13.5000 27 1 2 3 12 0.3871 32 25 57 7 1.2800 0 0 1 1 0.1000 0.0781 1 1 20 13 0.6250 0.5200 1 0 1 0 0 0 1 1 0 0 0 0 2 5 7 8 12 11 4 5 7 8 9 1 3 1 2 1 1 2 2 1 1 1 
1 54 12839996 0 1 0 0 1 25 6 31 6.5000 1.5000 8 1 2 3 11 0.3548 23 25 48 2 1.0870 2 0 1.0952 1 0.0719 0.0781 1 1 12 14 0.5217 0.5600 1 0 1 0 0 0 1 1 0 0 0 0 1 3 6 4 11 8 2 5 4 7 10 1 2 1 3 2 2 3 1 4 2 0 

0 55 12839994 1 0 1 0 0 9 7 16 13.5000 13.5000 27 1 1 2 12 0.3871 32 25 57 7 1.2800 0 0 1 1 0.1000 0.0781 1 1 20 13 0.6250 0.5200 1 0 1 0 0 0 2 0 0 0 0 0 2 5 7 8 12 11 4 5 7 8 9 1 3 1 2 1 1 2 2 1 1 1 
0 55 12839996 0 1 0 1 0 26 7 33 13.5000 7 20.5000 1 1 2 10 0.3226 23 29 52 6 1.2609 2 0 1.0952 1 0.0719 0.0906 1 1 13 19 0.5652 0.6552 1 0 1 0 0 0 2 0 0 0 0 0 1 2 5 7 10 4 3 4 5 7 9 5 1 5 1 5 1 3 2 3 1 0 
1 55 12839998 1 0 0 1 0 7 3 10 2 2 4 1 1 2 4 0.1290 10 11 21 1 1.1000 1 0 1.1111 1 0.0312 0.0344 1 1 6 7 0.6000 0.6364 1 0 0 0 0 0 1 0 0 0 0 0 2 1 5 1 5 1 3 6 6 7 10 1 1 1 1 1 2 1 2 1 2 0 

0 56 12839995 1 0 1 0 0 9 7 16 13.5000 13.5000 27 1 1 2 12 0.3871 32 25 57 7 1.2800 0 0 1 1 0.1000 0.0781 1 1 20 13 0.6250 0.5200 1 0 1 0 0 0 2 0 0 0 0 0 2 5 7 8 12 11 4 5 7 8 9 1 3 1 2 1 1 2 2 1 1 1 
1 56 12839997 0 1 0 1 0 26 7 33 13.5000 7 20.5000 1 1 2 10 0.3226 23 29 52 6 1.2609 2 0 1.0952 1 0.0719 0.0906 1 1 13 19 0.5652 0.6552 1 0 1 0 0 0 2 0 0 0 0 0 1 2 5 7 10 4 3 4 5 7 9 5 1 5 1 5 1 3 2 3 1 0 

0 57 12839995 1 0 1 0 0 9 7 16 14 14 28 2 1 3 12 0.3871 32 25 57 7 1.2800 0 0 1 1 0.1000 0.0781 1 1 20 13 0.6250 0.5200 2 1 0 0 0 0 3 0 0 0 0 0 2 6 7 6 12 11 4 5 7 8 9 1 3 1 2 1 1 2 2 1 1 1 
0 57 12839997 0 1 0 1 0 27 9 36 14 7.5000 21.5000 2 2 4 12 0.3871 23 32 55 9 1.3913 2 0 1.0952 1 0.0719 0.1000 1 1 11 20 0.4783 0.6250 2 1 0 0 0 0 3 0 0 0 0 0 2 4 6 4 10 8 3 4 5 7 9 1 4 1 3 1 3 2 4 1 2 0 
1 57 12839998 1 0 0 0 1 27 15 42 14 14 28 2 1 3 11 0.3548 23 29 52 6 1.2609 2 3 1.0952 1.1154 0.0719 0.0906 1 1 12 18 0.5217 0.6207 1 2 0 0 0 0 3 0 0 0 0 0 2 6 7 7 9 19 4 5 7 8 9 5 8 4 7 3 7 3 8 4 9 0 

0 58 12839996 1 0 1 0 0 9 7 16 15 15 30 2 1 3 12 0.3871 32 25 57 7 1.2800 0 0 1 1 0.1000 0.0781 1 1 20 13 0.6250 0.5200 2 0 0 0 0 0 2 0 0 0 0 0 2 4 7 8 12 10 4 5 7 8 9 1 3 1 2 1 1 2 2 1 1 1 
1 58 12839997 0 1 0 1 0 28 9 37 15 7.5000 22.5000 1 2 3 12 0.3871 23 32 55 9 1.3913 2 0 1.0952 1 0.0719 0.1000 1 1 11 20 0.4783 0.6250 2 0 0 0 0 0 2 0 0 0 0 0 2 2 6 6 10 7 3 4 5 7 9 1 4 1 3 1 3 2 4 1 2 0 

0 59 12839994 1 0 1 0 0 10 7 17 15.5000 15.5000 31 1 2 3 12 0.3871 32 25 57 7 1.2800 0 0 1 1 0.1000 0.0781 1 1 20 13 0.6250 0.5200 1 0 1 1 0 0 2 1 0 0 0 0 2 3 7 10 12 10 4 5 7 8 9 1 3 1 2 1 1 2 2 1 1 1 
1 59 12839997 1 0 0 1 0 29 16 45 15.5000 15.5000 31 2 1 3 9 0.2903 23 29 52 6 1.2609 2 3 1.0952 1.1154 0.0719 0.0906 1 1 14 20 0.6087 0.6897 1 0 0 2 0 0 2 1 0 0 0 0 2 2 5 16 10 9 4 5 7 8 9 1 10 2 6 1 5 1 5 2 6 0 
0 59 12839995 0 1 0 0 1 29 7 36 7 2 9 2 2 4 11 0.3548 23 25 48 2 1.0870 2 0 1.0952 1 0.0719 0.0781 1 1 12 14 0.5217 0.5600 1 0 1 1 0 0 1 2 0 0 0 0 1 2 6 5 11 9 2 5 4 7 10 1 2 1 3 2 2 3 1 4 2 0 

0 60 12839994 1 0 1 0 0 10 7 17 16.5000 16.5000 33 1 2 3 12 0.3871 32 25 57 7 1.2800 0 0 1 1 0.1000 0.0781 1 1 20 13 0.6250 0.5200 1 0 1 0 0 0 1 1 0 0 0 1 2 3 7 9 14 9 4 5 7 8 9 1 3 1 2 1 1 2 2 1 1 1 
0 60 12839995 0 1 0 0 1 30 7 37 7 2 9 1 2 3 11 0.3548 23 25 48 2 1.0870 2 0 1.0952 1 0.0719 0.0781 1 1 12 14 0.5217 0.5600 1 0 1 0 0 0 1 1 0 0 1 0 1 2 6 4 14 8 2 5 4 7 10 1 2 1 3 2 2 3 1 4 2 0 
1 60 12839998 0 1 0 0 1 17 2 19 1 1 2 1 1 2 3 0.0968 29 11 40 18 2.6364 3 0 1.1154 1 0.0906 0.0344 1 1 26 8 0.8966 0.7273 1 0 0 0 0 0 1 0 0 0 0 0 1 0 1 0 1 9 2 4 4 7 9 2 3 2 7 1 8 1 10 2 10 0 

0 61 12839995 1 0 1 0 0 10 7 17 16.5000 16.5000 33 1 2 3 12 0.3871 32 25 57 7 1.2800 0 0 1 1 0.1000 0.0781 1 1 20 13 0.6250 0.5200 1 0 1 0 0 0 1 1 0 0 0 0 2 3 7 9 14 9 4 5 7 8 9 1 3 1 2 1 1 2 2 1 1 1 
1 61 12839996 0 1 0 0 1 30 7 37 7 2 9 1 2 3 11 0.3548 23 25 48 2 1.0870 2 0 1.0952 1 0.0719 0.0781 1 1 12 14 0.5217 0.5600 1 0 1 0 0 0 1 1 0 0 0 0 1 2 6 4 14 8 2 5 4 7 10 1 2 1 3 2 2 3 1 4 2 0 

0 62 12839994 1 0 1 0 0 10 8 18 16.5000 16.5000 33 1 2 3 12 0.3871 32 25 57 7 1.2800 0 0 1 1 0.1000 0.0781 1 1 20 13 0.6250 0.5200 1 0 1 0 0 0 1 1 0 0 0 1 2 3 7 9 14 9 4 5 7 8 9 1 3 1 2 1 1 2 2 1 1 1 
1 62 12879998 1 0 0 1 0 18 2 20 2 2 4 1 1 2 3 0.0968 29 11 40 18 2.6364 3 0 1.1154 1 0.0906 0.0344 1 1 26 8 0.8966 0.7273 1 0 0 0 0 0 1 0 0 0 0 2 2 0 9 3 13 7 4 6 10 9 9 2 3 2 7 1 7 2 8 3 8 0 
0 62 12839995 0 1 0 0 1 31 8 39 7.5000 2.5000 10 1 2 3 11 0.3548 23 25 48 2 1.0870 2 0 1.0952 1 0.0719 0.0781 1 1 12 14 0.5217 0.5600 1 0 1 0 0 0 1 1 0 0 0 0 1 2 6 4 13 8 2 5 4 7 10 1 2 1 3 2 2 3 1 4 2 0 

0 63 12839994 1 0 1 0 0 10 8 18 16.5000 16.5000 33 1 2 3 12 0.3871 32 25 57 7 1.2800 0 0 1 1 0.1000 0.0781 1 1 20 13 0.6250 0.5200 1 0 1 1 0 0 1 2 0 0 0 0 2 5 7 8 12 11 4 5 7 8 9 1 3 1 2 1 1 2 2 1 1 1 
1 63 12839998 1 0 0 1 0 31 19 50 7.5000 7.5000 15 2 1 3 10 0.3226 23 29 52 6 1.2609 2 3 1.0952 1.1154 0.0719 0.0906 1 1 13 19 0.5652 0.6552 1 1 0 1 0 0 2 1 0 0 0 0 2 4 7 8 7 18 3 6 6 6 8 2 11 1 8 1 7 2 7 3 8 0 
0 63 12839995 0 1 0 0 1 31 8 39 7.5000 2.5000 10 2 2 4 11 0.3548 23 25 48 2 1.0870 2 0 1.0952 1 0.0719 0.0781 1 1 12 14 0.5217 0.5600 1 1 1 0 0 0 2 1 0 0 0 0 1 4 6 3 11 8 2 5 4 7 10 1 2 1 3 2 2 3 1 4 2 0 

0 64 12839995 1 0 1 0 0 10 8 18 16.5000 16.5000 33 1 2 3 12 0.3871 32 25 57 7 1.2800 0 0 1 1 0.1000 0.0781 1 1 20 13 0.6250 0.5200 1 0 1 0 0 0 1 1 0 0 0 0 2 5 7 8 12 11 4 5 7 8 9 1 3 1 2 1 1 2 2 1 1 1 
1 64 12839996 0 1 0 0 1 32 8 40 8.5000 2.5000 11 1 2 3 11 0.3548 23 25 48 2 1.0870 2 0 1.0952 1 0.0719 0.0781 1 1 12 14 0.5217 0.5600 1 0 1 0 0 0 1 1 0 0 0 0 1 3 6 4 11 8 2 5 4 7 10 1 2 1 3 2 2 3 1 4 2 0 

0 65 12879994 1 0 1 0 0 11 10 21 17.5000 17.5000 35 1 1 2 12 0.3871 32 25 57 7 1.2800 0 0 1 1 0.0997 0.0779 1 1 20 13 0.6250 0.5200 1 0 0 1 1 1 1 0 1 1 1 0 2 4 7 8 12 11 4 5 7 8 9 1 3 1 2 1 1 2 2 1 1 1 
1 65 12879997 0 1 1 0 0 33 3 36 0 0 0 3 1 4 13 0.4194 23 27 50 4 1.1739 2 0 1.0952 1 0.0717 0.0841 1 1 10 14 0.4348 0.5185 1 0 0 1 1 0 1 1 0 1 0 0 1 0 1 3 8 4 1 2 2 4 5 1 1 1 1 1 1 1 1 1 1 1 
1 65 12879997 1 0 0 1 0 33 5 38 0 0 0 3 1 4 11 0.3548 23 22 45 1 1.0455 2 1 1.0952 1.0476 0.0717 0.0685 1 1 12 11 0.5217 0.5000 1 0 0 2 1 0 1 1 2 0 0 0 2 2 4 11 10 9 3 3 6 8 9 2 1 2 1 2 1 1 1 1 1 1 
1 65 12879997 1 0 0 1 0 33 0 33 0 0 0 3 1 4 13 0.4194 23 19 42 4 1.2105 2 0 1.0952 1 0.0717 0.0592 1 1 10 6 0.4348 0.3158 2 0 0 0 1 1 2 0 1 0 1 0 2 2 4 2 7 10 3 5 8 10 12 2 1 2 1 3 1 2 1 1 1 0 

0 66 12879993 1 0 1 0 0 14 13 27 20.5000 20.5000 41 1 2 3 12 0.3871 32 25 57 7 1.2800 0 0 1 1 0.0997 0.0779 1 1 20 13 0.6250 0.5200 1 0 3 0 0 0 3 1 0 0 0 0 2 4 9 7 13 9 4 5 7 8 9 1 3 1 2 1 1 2 2 1 1 1 
0 66 12879988 1 0 1 0 0 20 8 28 20.5000 20.5000 41 2 1 3 10 0.3226 29 29 58 0 1 3 0 1.1154 1 0.0903 0.0903 1 1 19 19 0.6552 0.6552 2 0 2 0 0 0 3 1 0 0 0 0 2 2 11 9 13 6 4 5 7 8 9 5 1 2 1 1 1 2 2 3 1 1 
1 66 12879996 0 1 0 1 0 20 33 53 9 20.5000 29.5000 2 2 4 10 0.3226 29 23 52 6 1.2609 3 2 1.1154 1.0952 0.0903 0.0717 1 1 19 13 0.6552 0.5652 1 1 0 0 0 0 2 0 0 0 0 0 1 3 4 4 3 9 2 4 4 4 5 2 5 1 2 1 1 2 2 3 3 0 
0 66 12879994 0 1 0 0 1 33 13 46 9 3 12 2 2 4 11 0.3548 23 25 48 2 1.0870 2 0 1.0952 1 0.0717 0.0779 1 1 12 14 0.5217 0.5600 1 1 2 0 0 0 2 2 0 0 0 0 1 2 9 3 12 8 2 5 4 7 10 1 2 1 3 2 2 3 1 4 2 0 

0 67 12879994 1 0 1 0 0 14 13 27 20.5000 20.5000 41 1 1 2 12 0.3871 32 25 57 7 1.2800 0 0 1 1 0.0997 0.0779 1 1 20 13 0.6250 0.5200 1 0 0 1 1 1 1 0 1 1 1 0 2 2 7 9 14 9 4 5 7 8 9 1 3 1 2 1 1 2 2 1 1 1 
1 67 12879997 0 1 1 0 0 33 3 36 0 0 0 3 1 4 13 0.4194 23 27 50 4 1.1739 2 0 1.0952 1 0.0717 0.0841 1 1 10 14 0.4348 0.5185 1 0 0 1 1 0 1 1 0 1 0 0 1 0 1 3 8 1 1 2 2 4 5 1 1 1 1 1 1 1 1 1 1 1 
1 67 12879997 1 0 0 1 0 33 5 38 0 0 0 3 1 4 11 0.3548 23 22 45 1 1.0455 2 1 1.0952 1.0476 0.0717 0.0685 1 1 12 11 0.5217 0.5000 1 0 0 2 1 0 1 1 2 0 0 0 2 2 3 11 9 13 3 3 6 8 9 2 1 2 1 2 1 1 1 1 1 1 
1 67 12879997 1 0 0 1 0 33 0 33 0 0 0 3 1 4 13 0.4194 23 19 42 4 1.2105 2 0 1.0952 1 0.0717 0.0592 1 1 10 6 0.4348 0.3158 2 0 0 0 1 1 2 0 1 0 1 0 2 2 4 2 7 10 3 5 8 10 12 2 1 2 1 3 1 2 1 1 1 0 

0 68 12879993 1 0 1 0 0 14 13 27 20.5000 20.5000 41 1 2 3 12 0.3871 32 25 57 7 1.2800 0 0 1 1 0.0997 0.0779 1 1 20 13 0.6250 0.5200 1 0 3 0 0 0 3 1 0 0 0 0 2 4 9 7 13 9 4 5 7 8 9 1 3 1 2 1 1 2 2 1 1 1 
0 68 12879988 1 0 1 0 0 20 8 28 20.5000 20.5000 41 2 1 3 10 0.3226 29 29 58 0 1 3 0 1.1154 1 0.0903 0.0903 1 1 19 19 0.6552 0.6552 2 0 2 0 0 0 3 1 0 0 0 0 2 2 11 9 13 6 4 5 7 8 9 5 1 2 1 1 1 2 2 3 1 1 
1 68 12879996 0 1 0 1 0 20 33 53 9 20.5000 29.5000 2 2 4 10 0.3226 29 23 52 6 1.2609 3 2 1.1154 1.0952 0.0903 0.0717 1 1 19 13 0.6552 0.5652 1 1 0 0 0 0 2 0 0 0 0 0 1 3 4 4 3 9 2 4 4 4 5 2 5 1 2 1 1 2 2 3 3 0 
0 68 12879994 0 1 0 0 1 33 13 46 9 3 12 2 2 4 11 0.3548 23 25 48 2 1.0870 2 0 1.0952 1 0.0717 0.0779 1 1 12 14 0.5217 0.5600 1 1 2 0 0 0 2 2 0 0 0 0 1 2 9 3 12 8 2 5 4 7 10 1 2 1 3 2 2 3 1 4 2 0 

0 69 12879994 1 0 1 0 0 14 13 27 20.5000 20.5000 41 1 1 2 12 0.3871 32 25 57 7 1.2800 0 0 1 1 0.0997 0.0779 1 1 20 13 0.6250 0.5200 1 0 0 1 1 1 1 0 1 1 1 0 2 4 7 8 12 11 4 5 7 8 9 1 3 1 2 1 1 2 2 1 1 1 
1 69 12879997 0 1 1 0 0 33 3 36 0 0 0 3 1 4 13 0.4194 23 27 50 4 1.1739 2 0 1.0952 1 0.0717 0.0841 1 1 10 14 0.4348 0.5185 1 0 0 1 1 0 1 1 0 1 0 0 1 0 1 3 8 4 1 2 2 4 5 1 1 1 1 1 1 1 1 1 1 1 
1 69 12879997 1 0 0 1 0 33 5 38 0 0 0 3 1 4 11 0.3548 23 22 45 1 1.0455 2 1 1.0952 1.0476 0.0717 0.0685 1 1 12 11 0.5217 0.5000 1 0 0 2 1 0 1 1 2 0 0 0 2 2 4 11 10 9 3 3 6 8 9 2 1 2 1 2 1 1 1 1 1 1 
1 69 12879997 1 0 0 1 0 33 0 33 0 0 0 3 1 4 13 0.4194 23 19 42 4 1.2105 2 0 1.0952 1 0.0717 0.0592 1 1 10 6 0.4348 0.3158 2 0 0 0 1 1 2 0 1 0 1 0 2 2 4 2 7 10 3 5 8 10 12 2 1 2 1 3 1 2 1 1 1 0 

0 70 12879994 1 0 1 0 0 14 13 27 20.5000 20.5000 41 1 1 2 12 0.3871 32 25 57 7 1.2800 0 0 1 1 0.0997 0.0779 1 1 20 13 0.6250 0.5200 1 0 0 1 1 1 1 0 1 1 1 0 2 2 7 9 14 9 4 5 7 8 9 1 3 1 2 1 1 2 2 1 1 1 
1 70 12879997 0 1 1 0 0 33 3 36 0 0 0 3 1 4 13 0.4194 23 27 50 4 1.1739 2 0 1.0952 1 0.0717 0.0841 1 1 10 14 0.4348 0.5185 1 0 0 1 1 0 1 1 0 1 0 0 1 0 1 3 8 1 1 2 2 4 5 1 1 1 1 1 1 1 1 1 1 1 
1 70 12879997 1 0 0 1 0 33 5 38 0 0 0 3 1 4 11 0.3548 23 22 45 1 1.0455 2 1 1.0952 1.0476 0.0717 0.0685 1 1 12 11 0.5217 0.5000 1 0 0 2 1 0 1 1 2 0 0 0 2 2 3 11 9 13 3 3 6 8 9 2 1 2 1 2 1 1 1 1 1 1 
1 70 12879997 1 0 0 1 0 33 0 33 0 0 0 3 1 4 13 0.4194 23 19 42 4 1.2105 2 0 1.0952 1 0.0717 0.0592 1 1 10 6 0.4348 0.3158 2 0 0 0 1 1 2 0 1 0 1 0 2 2 4 2 7 10 3 5 8 10 12 2 1 2 1 3 1 2 1 1 1 0 

0 71 12879993 1 0 1 0 0 15 14 29 21.5000 21.5000 43 1 2 3 12 0.3871 32 25 57 7 1.2800 0 0 1 1 0.0997 0.0779 1 1 20 13 0.6250 0.5200 1 0 3 0 0 0 3 1 0 0 0 0 2 4 9 7 13 9 4 5 7 8 9 1 3 1 2 1 1 2 2 1 1 1 
0 71 12879988 1 0 1 0 0 20 8 28 21.5000 21.5000 43 2 1 3 10 0.3226 29 29 58 0 1 3 0 1.1154 1 0.0903 0.0903 1 1 19 19 0.6552 0.6552 2 0 2 0 0 0 3 1 0 0 0 0 2 2 11 9 13 6 4 5 7 8 9 5 1 2 1 1 1 2 2 3 1 1 
1 71 12879996 0 1 0 1 0 20 33 53 9 21.5000 30.5000 2 2 4 10 0.3226 29 23 52 6 1.2609 3 2 1.1154 1.0952 0.0903 0.0717 1 1 19 13 0.6552 0.5652 1 1 0 0 0 0 2 0 0 0 0 0 1 3 4 4 3 9 2 4 4 4 5 2 5 1 2 1 1 2 2 3 3 0 
0 71 12879994 0 1 0 0 1 33 14 47 9 3 12 2 2 4 11 0.3548 23 25 48 2 1.0870 2 0 1.0952 1 0.0717 0.0779 1 1 12 14 0.5217 0.5600 1 1 2 0 0 0 2 2 0 0 0 0 1 2 9 3 12 8 2 5 4 7 10 1 2 1 3 2 2 3 1 4 2 0 

0 72 12879994 1 0 1 0 0 15 14 29 21.5000 21.5000 43 1 1 2 12 0.3871 32 25 57 7 1.2800 0 0 1 1 0.0997 0.0779 1 1 20 13 0.6250 0.5200 1 0 0 1 1 1 1 0 1 1 1 0 2 4 7 8 12 11 4 5 7 8 9 1 3 1 2 1 1 2 2 1 1 1 
1 72 12879997 0 1 1 0 0 33 3 36 0 0 0 3 1 4 13 0.4194 23 27 50 4 1.1739 2 0 1.0952 1 0.0717 0.0841 1 1 10 14 0.4348 0.5185 1 0 0 1 1 0 1 1 0 1 0 0 1 0 1 3 8 4 1 2 2 4 5 1 1 1 1 1 1 1 1 1 1 1 
1 72 12879997 1 0 0 1 0 33 5 38 0 0 0 3 1 4 11 0.3548 23 22 45 1 1.0455 2 1 1.0952 1.0476 0.0717 0.0685 1 1 12 11 0.5217 0.5000 1 0 0 2 1 0 1 1 2 0 0 0 2 2 4 11 10 9 3 3 6 8 9 2 1 2 1 2 1 1 1 1 1 1 
1 72 12879997 1 0 0 1 0 33 0 33 0 0 0 3 1 4 13 0.4194 23 19 42 4 1.2105 2 0 1.0952 1 0.0717 0.0592 1 1 10 6 0.4348 0.3158 2 0 0 0 1 1 2 0 1 0 1 0 2 2 4 2 7 10 3 5 8 10 12 2 1 2 1 3 1 2 1 1 1 0 

0 73 12879994 1 0 1 0 0 16 15 31 22.5000 22.5000 45 1 1 2 12 0.3871 32 25 57 7 1.2800 0 0 1 1 0.0997 0.0779 1 1 20 13 0.6250 0.5200 1 0 0 1 1 1 1 0 1 1 1 0 2 2 7 9 14 9 4 5 7 8 9 1 3 1 2 1 1 2 2 1 1 1 
1 73 12879997 0 1 1 0 0 33 3 36 0 0 0 3 1 4 13 0.4194 23 27 50 4 1.1739 2 0 1.0952 1 0.0717 0.0841 1 1 10 14 0.4348 0.5185 1 0 0 1 1 0 1 1 0 1 0 0 1 0 1 3 8 1 1 2 2 4 5 1 1 1 1 1 1 1 1 1 1 1 
1 73 12879997 1 0 0 1 0 33 5 38 0 0 0 3 1 4 11 0.3548 23 22 45 1 1.0455 2 1 1.0952 1.0476 0.0717 0.0685 1 1 12 11 0.5217 0.5000 1 0 0 2 1 0 1 1 2 0 0 0 2 2 3 11 9 13 3 3 6 8 9 2 1 2 1 2 1 1 1 1 1 1 
1 73 12879997 1 0 0 1 0 33 0 33 0 0 0 3 1 4 13 0.4194 23 19 42 4 1.2105 2 0 1.0952 1 0.0717 0.0592 1 1 10 6 0.4348 0.3158 2 0 0 0 1 1 2 0 1 0 1 0 2 2 4 2 7 10 3 5 8 10 12 2 1 2 1 3 1 2 1 1 1 0 

1 74 12880000 1 0 1 0 0 15 5 20 22.5000 22.5000 45 3 1 4 13 0.4194 26 22 48 4 1.1818 1 1 1.0400 1.0476 0.0810 0.0685 1 1 13 9 0.5000 0.4091 1 0 1 1 0 0 1 2 0 0 0 0 2 2 6 11 12 10 4 5 7 8 9 2 5 1 2 1 1 2 2 1 1 1 
0 74 12879995 1 0 0 1 0 15 16 31 8 8 16 3 1 4 11 0.3548 26 32 58 6 1.2308 1 0 1.0400 1 0.0810 0.0997 1 1 15 21 0.5769 0.6562 1 1 0 1 0 0 2 1 0 0 0 0 2 3 6 12 8 7 3 6 7 7 9 1 4 1 5 1 5 1 2 2 1 0 
0 74 12879998 1 0 0 0 1 15 33 48 8 8 16 3 1 4 12 0.3871 26 23 49 3 1.1304 1 2 1.0400 1.0952 0.0810 0.0717 1 1 14 11 0.5385 0.4783 1 1 1 0 0 0 2 1 0 0 0 0 2 3 5 7 13 13 3 6 7 7 9 1 5 2 5 3 2 4 1 2 2 0 

1 75 12880000 1 0 1 0 0 15 5 20 22.5000 22.5000 45 3 1 4 13 0.4194 26 22 48 4 1.1818 1 1 1.0400 1.0476 0.0810 0.0685 1 1 13 9 0.5000 0.4091 1 0 1 1 0 0 1 2 0 0 0 0 2 2 9 11 10 8 4 5 7 8 9 2 5 1 2 1 1 2 2 1 1 1 
0 75 12879995 1 0 0 1 0 15 16 31 8 8 16 3 1 4 11 0.3548 26 32 58 6 1.2308 1 0 1.0400 1 0.0810 0.0997 1 1 15 21 0.5769 0.6562 1 1 0 1 0 0 2 1 0 0 0 0 2 5 6 13 6 8 3 6 7 7 9 1 4 1 5 1 5 1 2 2 1 0 
0 75 12879998 1 0 0 0 1 15 33 48 8 8 16 3 1 4 12 0.3871 26 23 49 3 1.1304 1 2 1.0400 1.0952 0.0810 0.0717 1 1 14 11 0.5385 0.4783 1 1 1 0 0 0 2 1 0 0 0 0 2 3 8 7 13 11 3 6 7 7 9 1 5 2 5 3 2 4 1 2 2 0 

1 76 12880000 1 0 1 0 0 15 5 20 22.5000 22.5000 45 3 1 4 13 0.4194 26 22 48 4 1.1818 1 1 1.0400 1.0476 0.0810 0.0685 1 1 13 9 0.5000 0.4091 1 0 1 1 0 0 1 2 0 0 0 0 2 2 9 11 10 8 4 5 7 8 9 2 5 1 2 1 1 2 2 1 1 1 
0 76 12879995 1 0 0 1 0 15 16 31 8 8 16 3 1 4 11 0.3548 26 32 58 6 1.2308 1 0 1.0400 1 0.0810 0.0997 1 1 15 21 0.5769 0.6562 1 1 0 1 0 0 2 1 0 0 0 0 2 5 6 13 6 8 3 6 7 7 9 1 4 1 5 1 5 1 2 2 1 0 
0 76 12879998 1 0 0 0 1 15 33 48 8 8 16 3 1 4 12 0.3871 26 23 49 3 1.1304 1 2 1.0400 1.0952 0.0810 0.0717 1 1 14 11 0.5385 0.4783 1 1 1 0 0 0 2 1 0 0 0 0 2 3 8 7 13 11 3 6 7 7 9 1 5 2 5 3 2 4 1 2 2 0 

1 77 12880000 1 0 1 0 0 15 5 20 22.5000 22.5000 45 3 1 4 13 0.4194 26 22 48 4 1.1818 1 1 1.0400 1.0476 0.0810 0.0685 1 1 13 9 0.5000 0.4091 1 0 1 1 0 0 1 2 0 0 0 0 2 2 6 11 12 10 4 5 7 8 9 2 5 1 2 1 1 2 2 1 1 1 
0 77 12879995 1 0 0 1 0 15 16 31 8 8 16 3 1 4 11 0.3548 26 32 58 6 1.2308 1 0 1.0400 1 0.0810 0.0997 1 1 15 21 0.5769 0.6562 1 1 0 1 0 0 2 1 0 0 0 0 2 3 6 12 8 7 3 6 7 7 9 1 4 1 5 1 5 1 2 2 1 0 
0 77 12879998 1 0 0 0 1 15 33 48 8 8 16 3 1 4 12 0.3871 26 23 49 3 1.1304 1 2 1.0400 1.0952 0.0810 0.0717 1 1 14 11 0.5385 0.4783 1 1 1 0 0 0 2 1 0 0 0 0 2 3 5 7 13 13 3 6 7 7 9 1 5 2 5 3 2 4 1 2 2 0 

1 78 12880000 1 0 1 0 0 15 5 20 22.5000 22.5000 45 3 1 4 13 0.4194 26 22 48 4 1.1818 1 1 1.0400 1.0476 0.0810 0.0685 1 1 13 9 0.5000 0.4091 1 0 1 1 0 0 1 2 0 0 0 0 2 2 6 11 12 10 4 5 7 8 9 2 5 1 2 1 1 2 2 1 1 1 
0 78 12879995 1 0 0 1 0 15 16 31 8 8 16 3 1 4 11 0.3548 26 32 58 6 1.2308 1 0 1.0400 1 0.0810 0.0997 1 1 15 21 0.5769 0.6562 1 1 0 1 0 0 2 1 0 0 0 0 2 3 6 12 8 7 3 6 7 7 9 1 4 1 5 1 5 1 2 2 1 0 
0 78 12879998 1 0 0 0 1 15 33 48 8 8 16 3 1 4 12 0.3871 26 23 49 3 1.1304 1 2 1.0400 1.0952 0.0810 0.0717 1 1 14 11 0.5385 0.4783 1 1 1 0 0 0 2 1 0 0 0 0 2 3 5 7 13 13 3 6 7 7 9 1 5 2 5 3 2 4 1 2 2 0 

1 79 12880000 1 0 1 0 0 15 5 20 22.5000 22.5000 45 3 1 4 13 0.4194 26 22 48 4 1.1818 1 1 1.0400 1.0476 0.0810 0.0685 1 1 13 9 0.5000 0.4091 1 0 1 1 0 0 1 2 0 0 0 0 2 2 9 11 10 8 4 5 7 8 9 2 5 1 2 1 1 2 2 1 1 1 
0 79 12879995 1 0 0 1 0 15 16 31 8 8 16 3 1 4 11 0.3548 26 32 58 6 1.2308 1 0 1.0400 1 0.0810 0.0997 1 1 15 21 0.5769 0.6562 1 1 0 1 0 0 2 1 0 0 0 0 2 5 6 13 6 8 3 6 7 7 9 1 4 1 5 1 5 1 2 2 1 0 
0 79 12879998 1 0 0 0 1 15 33 48 8 8 16 3 1 4 12 0.3871 26 23 49 3 1.1304 1 2 1.0400 1.0952 0.0810 0.0717 1 1 14 11 0.5385 0.4783 1 1 1 0 0 0 2 1 0 0 0 0 2 3 8 7 13 11 3 6 7 7 9 1 5 2 5 3 2 4 1 2 2 0 

0 80 12879994 1 0 1 0 0 8 4 12 3 3 6 1 1 2 5 0.1613 9 19 28 10 2.1111 0 0 1 1 0.0280 0.0592 1 1 4 14 0.4444 0.7368 1 0 0 0 0 0 1 0 0 0 0 0 2 0 7 0 6 0 3 4 7 7 7 2 1 2 1 1 1 1 2 1 2 1 
0 80 12879992 1 0 1 0 0 16 15 31 22.5000 22.5000 45 2 1 3 12 0.3871 32 25 57 7 1.2800 0 0 1 1 0.0997 0.0779 1 1 20 13 0.6250 0.5200 1 0 1 0 0 1 2 0 0 0 1 0 2 5 7 8 7 17 4 5 7 8 9 1 3 1 2 1 1 2 2 1 1 1 
1 80 12879995 1 0 1 0 0 3 4 7 2 2 4 2 1 3 6 0.1935 28 8 36 20 3.5000 1 1 1.0370 1.1429 0.0872 0.0249 1 1 22 2 0.7857 0.2500 1 0 0 0 0 0 1 0 0 0 0 0 2 1 3 2 3 8 3 3 6 10 10 2 2 2 1 1 1 1 1 1 0 1 
1 80 12879995 1 0 0 1 0 20 16 36 2 2 4 1 2 3 29 0.9355 29 32 61 3 1.1034 3 0 1.1154 1 0.0903 0.0997 0 1 0 3 0 0.0938 1 0 0 0 0 0 1 0 0 0 0 0 2 3 7 6 9 9 4 5 5 8 5 4 4 3 1 2 0 2 0 1 0 0 
0 80 12879993 0 1 0 1 0 33 8 41 22.5000 8 30.5000 1 1 2 10 0.3226 23 29 52 6 1.2609 2 0 1.0952 1 0.0717 0.0903 1 1 13 19 0.5652 0.6552 1 0 1 0 0 0 2 0 0 0 1 0 1 2 5 7 10 4 3 4 5 7 9 5 1 5 1 5 1 3 2 3 1 0 
1 80 12879995 1 0 0 1 0 3 0 3 0 0 0 2 1 3 13 0.4194 28 19 47 9 1.4737 1 0 1.0370 1 0.0872 0.0592 1 1 15 6 0.5357 0.3158 1 0 0 0 0 1 1 0 0 0 2 0 2 0 4 0 8 8 3 5 8 10 12 2 1 2 1 3 1 2 1 1 1 0 

0 81 12879995 1 0 1 0 0 8 4 12 3 3 6 1 1 2 5 0.1562 9 19 28 10 2.1111 0 0 1 1 0.0280 0.0592 1 1 4 14 0.4444 0.7368 1 0 0 0 0 0 1 0 0 0 0 0 2 0 7 0 6 0 3 4 7 7 7 2 1 2 1 1 1 1 2 1 2 1 
0 81 12879996 0 1 1 0 0 4 3 7 1 2 3 1 1 2 6 0.1875 8 27 35 19 3.3750 1 0 1.1429 1 0.0249 0.0841 1 1 2 21 0.2500 0.7778 1 0 0 0 0 0 1 0 0 0 0 0 1 0 1 0 6 0 1 3 5 5 6 1 2 1 1 1 1 1 1 1 0 1 
1 81 12879997 1 0 1 0 0 16 5 21 22.5000 22.5000 45 2 1 3 13 0.4062 33 22 55 11 1.5000 1 1 1.0312 1.0476 0.1028 0.0685 1 1 20 9 0.6061 0.4091 1 0 1 1 0 0 2 1 0 0 0 0 2 2 7 13 9 9 4 5 7 8 9 2 1 1 1 1 1 2 2 1 1 1 
1 81 12879997 0 1 1 0 0 16 33 49 0.5000 8 8.5000 2 2 4 12 0.3750 33 22 55 11 1.5000 1 1 1.0312 1.0476 0.1028 0.0685 1 1 21 10 0.6364 0.4545 1 0 0 0 0 1 1 0 0 0 2 0 1 0 1 5 6 9 3 5 4 8 12 2 2 1 1 1 1 1 1 2 1 1 
0 81 12879995 0 1 0 1 0 33 8 41 22.5000 8 30.5000 2 1 3 10 0.3125 22 29 51 7 1.3182 1 0 1.0476 1 0.0685 0.0903 1 1 12 19 0.5455 0.6552 1 0 0 1 0 0 2 0 0 0 1 0 1 2 5 6 10 5 3 4 5 7 9 3 1 3 1 2 1 1 2 1 1 1 

0 82 12839992 1 0 1 0 0 8 4 12 3 3 6 1 1 2 5 0.1613 9 19 28 10 2.1111 0 0 1 1 0.0281 0.0594 1 1 4 14 0.4444 0.7368 1 0 0 0 0 0 1 0 0 0 0 0 2 0 7 0 6 0 3 4 7 7 7 2 1 2 1 1 1 1 2 1 2 1 
0 82 12839991 1 0 1 0 0 16 15 31 22.5000 22.5000 45 3 1 4 12 0.3871 32 25 57 7 1.2800 0 0 1 1 0.1000 0.0781 1 1 20 13 0.6250 0.5200 1 0 2 0 0 1 2 1 0 0 1 0 2 4 9 6 8 16 4 5 7 8 9 1 3 1 2 1 1 2 2 1 1 1 
1 82 12839993 1 0 1 0 0 33 16 49 8 8 16 2 3 5 11 0.3548 22 32 54 10 1.4545 1 0 1.0476 1 0.0688 0.1000 1 1 11 21 0.5000 0.6562 1 1 1 0 0 0 2 1 0 0 0 1 2 2 9 11 8 6 3 6 7 7 9 1 3 1 2 1 1 1 1 2 1 1 
1 82 12839993 0 1 1 0 0 3 4 7 0 2 2 2 2 4 6 0.1935 28 7 35 21 4 1 0 1.0370 1 0.0875 0.0219 1 1 22 1 0.7857 0.1429 1 0 0 0 0 0 1 0 0 0 0 0 1 1 1 1 1 1 2 4 5 5 5 2 1 1 1 1 1 1 0 1 0 1 
1 82 12839993 1 0 0 1 0 20 16 36 2 2 4 1 3 4 29 0.9355 29 32 61 3 1.1034 3 0 1.1154 1 0.0906 0.1000 0 1 0 3 0 0.0938 1 0 0 0 0 0 1 0 0 0 0 0 2 3 7 6 9 9 4 5 5 8 5 4 4 3 1 2 0 2 0 1 0 0 
1 82 12839993 1 0 0 1 0 5 4 9 1 1 2 1 2 3 3 0.0968 22 7 29 15 3.1429 1 0 1.0476 1 0.0688 0.0219 1 1 19 4 0.8636 0.5714 1 0 0 0 0 1 1 0 1 0 0 1 2 0 4 0 6 4 4 6 7 8 9 2 1 2 1 2 1 2 1 2 1 1 
0 82 12839992 0 1 0 1 0 33 8 41 22.5000 8 30.5000 2 1 3 10 0.3226 22 29 51 7 1.3182 1 0 1.0476 1 0.0688 0.0906 1 1 12 19 0.5455 0.6552 1 0 1 0 0 0 2 0 0 0 1 0 1 2 5 6 10 4 3 4 5 7 9 3 1 3 1 2 1 1 2 1 1 1 
1 82 12839993 1 0 0 1 0 3 0 3 0 0 0 2 1 3 13 0.4194 28 19 47 9 1.4737 1 0 1.0370 1 0.0875 0.0594 1 1 15 6 0.5357 0.3158 1 0 0 0 0 1 1 0 0 0 2 2 2 0 4 0 7 10 3 5 8 10 12 2 1 2 1 3 1 2 1 1 1 0 

0 83 12839993 1 0 1 0 0 8 4 12 3 3 6 1 1 2 5 0.1613 9 19 28 10 2.1111 0 0 1 1 0.0281 0.0594 1 1 4 14 0.4444 0.7368 1 0 0 0 0 0 1 0 0 0 0 0 2 0 7 0 6 0 3 4 7 7 7 2 1 2 1 1 1 1 2 1 2 1 
0 83 12839991 1 0 1 0 0 17 15 32 22.5000 22.5000 45 2 1 3 12 0.3871 32 25 57 7 1.2800 0 0 1 1 0.1000 0.0781 1 1 20 13 0.6250 0.5200 1 0 1 0 0 1 2 0 0 0 1 0 2 5 7 8 7 17 4 5 7 8 9 1 3 1 2 1 1 2 2 1 1 1 
1 83 12839994 0 1 1 0 0 3 4 7 0 2 2 2 2 4 6 0.1935 28 7 35 21 4 1 0 1.0370 1 0.0875 0.0219 1 1 22 1 0.7857 0.1429 1 0 0 0 0 0 1 0 0 0 0 0 1 1 1 1 1 1 2 4 5 5 5 2 1 1 1 1 1 1 0 1 0 1 
1 83 12839994 1 0 0 1 0 20 17 37 2 2 4 1 2 3 29 0.9355 29 32 61 3 1.1034 3 0 1.1154 1 0.0906 0.1000 0 1 0 3 0 0.0938 1 0 0 0 0 0 1 0 0 0 0 0 2 3 7 6 9 9 4 5 5 8 5 4 4 3 1 2 0 2 0 1 0 0 
1 83 12839994 1 0 0 1 0 5 4 9 1 1 2 1 2 3 3 0.0968 22 7 29 15 3.1429 1 0 1.0476 1 0.0688 0.0219 1 1 19 4 0.8636 0.5714 1 0 0 0 0 1 1 0 1 0 0 1 2 0 4 0 6 4 4 6 7 8 9 2 1 2 1 2 1 2 1 2 1 1 
1 83 12839994 1 0 0 1 0 3 0 3 0 0 0 2 1 3 13 0.4194 28 19 47 9 1.4737 1 0 1.0370 1 0.0875 0.0594 1 1 15 6 0.5357 0.3158 1 0 0 0 0 1 1 0 0 0 2 1 2 0 4 0 8 8 3 5 8 10 12 2 1 2 1 3 1 2 1 1 1 0 
0 83 12839992 0 1 0 1 0 34 8 42 22.5000 9 31.5000 1 1 2 10 0.3226 23 29 52 6 1.2609 2 0 1.0952 1 0.0719 0.0906 1 1 13 19 0.5652 0.6552 1 0 1 0 0 0 2 0 0 0 1 0 1 2 5 7 10 4 3 4 5 7 9 5 1 5 1 5 1 3 2 3 1 0 

0 84 12879994 1 0 1 0 0 8 4 12 3 3 6 1 1 2 5 0.1613 9 19 28 10 2.1111 0 0 1 1 0.0280 0.0592 1 1 4 14 0.4444 0.7368 1 0 0 0 0 0 1 0 0 0 0 0 2 0 7 0 6 0 3 4 7 7 7 2 1 2 1 1 1 1 2 1 2 1 
0 84 12879992 1 0 1 0 0 17 15 32 22.5000 22.5000 45 2 1 3 12 0.3871 32 25 57 7 1.2800 0 0 1 1 0.0997 0.0779 1 1 20 13 0.6250 0.5200 1 0 1 0 0 1 2 0 0 0 1 0 2 5 7 8 7 17 4 5 7 8 9 1 3 1 2 1 1 2 2 1 1 1 
1 84 12879995 1 0 1 0 0 5 4 9 2.5000 2.5000 5 1 2 3 6 0.1935 8 28 36 20 3.5000 1 1 1.1429 1.0370 0.0249 0.0872 1 1 2 22 0.2500 0.7857 1 0 0 0 0 0 1 0 0 0 0 0 2 0 4 2 3 8 3 3 6 10 10 2 2 1 2 1 1 1 1 1 0 1 
1 84 12879995 1 0 0 1 0 20 17 37 2 2 4 1 2 3 29 0.9355 29 32 61 3 1.1034 3 0 1.1154 1 0.0903 0.0997 0 1 0 3 0 0.0938 1 0 0 0 0 0 1 0 0 0 0 0 2 3 7 6 9 9 4 5 5 8 5 4 4 3 1 2 0 2 0 1 0 0 
1 84 12879995 1 0 0 1 0 4 0 4 0 0 0 2 1 3 13 0.4194 28 19 47 9 1.4737 1 0 1.0370 1 0.0872 0.0592 1 1 15 6 0.5357 0.3158 1 0 0 0 0 1 1 0 0 0 2 0 2 0 4 0 8 8 3 5 8 10 12 2 1 2 1 3 1 2 1 1 1 0 
0 84 12879993 0 1 0 1 0 34 8 42 22.5000 9 31.5000 1 1 2 10 0.3226 23 29 52 6 1.2609 2 0 1.0952 1 0.0717 0.0903 1 1 13 19 0.5652 0.6552 1 0 1 0 0 0 2 0 0 0 1 0 1 2 5 7 10 4 3 4 5 7 9 5 1 5 1 5 1 3 2 3 1 0 

0 85 12879994 1 0 1 0 0 8 4 12 3 3 6 1 1 2 5 0.1613 9 19 28 10 2.1111 0 0 1 1 0.0280 0.0592 1 1 4 14 0.4444 0.7368 1 0 0 0 0 0 1 0 0 0 0 0 2 0 7 0 6 0 3 4 7 7 7 2 1 2 1 1 1 1 2 1 2 1 
0 85 12879992 1 0 1 0 0 17 15 32 22.5000 22.5000 45 2 1 3 12 0.3871 32 25 57 7 1.2800 0 0 1 1 0.0997 0.0779 1 1 20 13 0.6250 0.5200 1 0 1 0 0 0 2 0 0 0 1 0 2 5 7 8 7 11 4 5 7 8 9 1 3 1 2 1 1 2 2 1 1 1 
1 85 12879995 1 0 0 1 0 20 17 37 2 2 4 1 2 3 29 0.9355 29 32 61 3 1.1034 3 0 1.1154 1 0.0903 0.0997 0 1 0 3 0 0.0938 1 0 0 0 0 0 1 0 0 0 0 0 2 3 7 6 9 9 4 5 5 8 5 4 4 3 1 2 0 2 0 1 0 0 
1 85 12879995 1 0 0 1 0 5 5 10 1 1 2 1 1 2 3 0.0968 22 7 29 15 3.1429 1 0 1.0476 1 0.0685 0.0218 1 1 19 4 0.8636 0.5714 1 0 0 0 0 0 1 0 0 0 1 0 2 0 4 0 6 0 4 6 7 8 9 2 1 2 1 2 1 2 1 2 1 1 
0 85 12879993 0 1 0 1 0 34 8 42 22.5000 9 31.5000 1 1 2 10 0.3226 23 29 52 6 1.2609 2 0 1.0952 1 0.0717 0.0903 1 1 13 19 0.5652 0.6552 1 0 1 0 0 0 2 0 0 0 1 0 1 2 5 7 10 4 3 4 5 7 9 5 1 5 1 5 1 3 2 3 1 0 
1 85 12879995 0 1 0 0 1 4 0 4 0 0 0 1 1 2 14 0.4516 29 19 48 10 1.5263 2 0 1.0741 1 0.0903 0.0592 1 1 15 5 0.5172 0.2632 1 0 0 0 0 0 1 0 0 0 1 0 1 0 1 0 1 0 2 5 6 8 12 2 2 3 3 2 4 1 3 1 3 0 

0 86 12879993 1 0 1 0 0 8 4 12 3 3 6 1 1 2 5 0.1562 9 19 28 10 2.1111 0 0 1 1 0.0280 0.0592 1 1 4 14 0.4444 0.7368 1 0 0 0 0 0 1 0 0 0 0 0 2 0 7 0 6 0 3 4 7 7 7 2 1 2 1 1 1 1 2 1 2 1 
0 86 12879994 0 1 1 0 0 4 5 9 0.5000 2.5000 3 2 2 4 6 0.1875 28 7 35 21 4 1 0 1.0370 1 0.0872 0.0218 1 1 22 1 0.7857 0.1429 1 0 0 0 0 0 1 0 0 0 0 0 1 1 1 1 1 1 2 4 5 5 5 2 1 1 1 1 1 1 0 1 0 1 
1 86 12879995 1 0 1 0 0 17 5 22 22.5000 22.5000 45 2 2 4 13 0.4062 33 22 55 11 1.5000 1 1 1.0312 1.0476 0.1028 0.0685 1 1 20 9 0.6061 0.4091 1 0 1 1 1 0 2 1 0 0 1 0 2 2 7 9 14 7 4 5 7 8 9 2 1 1 1 1 1 2 2 1 1 1 
1 86 12879995 0 1 1 0 0 17 34 51 0.5000 9 9.5000 2 2 4 12 0.3750 33 22 55 11 1.5000 1 1 1.0312 1.0476 0.1028 0.0685 1 1 21 10 0.6364 0.4545 1 0 0 0 0 2 1 0 0 0 3 0 1 0 1 5 5 11 3 5 4 8 12 2 2 1 1 1 1 1 1 2 1 1 
0 86 12879994 1 0 0 1 0 5 5 10 1 1 2 2 2 4 3 0.0938 22 7 29 15 3.1429 1 0 1.0476 1 0.0685 0.0218 1 1 19 4 0.8636 0.5714 1 0 0 0 0 1 1 0 1 0 0 1 2 0 4 0 6 4 4 6 7 8 9 2 1 2 1 2 1 2 1 2 1 1 
0 86 12879993 0 1 0 1 0 34 8 42 22.5000 9 31.5000 2 1 3 10 0.3125 22 29 51 7 1.3182 1 0 1.0476 1 0.0685 0.0903 1 1 12 19 0.5455 0.6552 1 0 0 1 0 0 2 0 0 0 2 0 1 2 5 6 10 5 3 4 5 7 9 3 1 3 1 2 1 1 2 1 1 1 
0 86 12879994 1 0 0 1 0 4 0 4 0 0 0 2 1 3 13 0.4062 28 19 47 9 1.4737 1 0 1.0370 1 0.0872 0.0592 1 1 15 6 0.5357 0.3158 1 0 0 0 1 1 1 0 0 0 3 1 2 0 4 0 8 8 3 5 8 10 12 2 1 2 1 3 1 2 1 1 1 0 

0 87 12879993 1 0 1 0 0 8 4 12 3 3 6 1 1 2 5 0.1562 9 19 28 10 2.1111 0 0 1 1 0.0280 0.0592 1 1 4 14 0.4444 0.7368 1 0 0 0 0 0 1 0 0 0 0 0 2 0 7 0 6 0 3 4 7 7 7 2 1 2 1 1 1 1 2 1 2 1 
0 87 12879994 1 0 1 0 0 4 5 9 2.5000 2.5000 5 1 2 3 5 0.1562 27 7 34 20 3.8571 0 0 1 1 0.0841 0.0218 1 1 22 2 0.8148 0.2857 1 0 0 0 1 0 1 0 1 0 0 0 2 0 4 1 9 1 3 3 6 10 10 1 1 1 1 1 1 1 1 1 0 2 
0 87 12879994 0 1 1 0 0 34 8 42 22.5000 9 31.5000 3 1 4 10 0.3125 21 29 50 8 1.3810 0 0 1 1 0.0654 0.0903 1 1 11 19 0.5238 0.6552 1 0 0 1 0 1 2 0 0 0 1 0 1 2 5 6 10 6 3 4 5 7 9 2 1 1 1 1 1 1 2 1 1 2 
1 87 12879995 1 0 1 0 0 17 5 22 22.5000 22.5000 45 2 2 4 13 0.4062 33 22 55 11 1.5000 1 1 1.0312 1.0476 0.1028 0.0685 1 1 20 9 0.6061 0.4091 1 0 0 1 1 0 2 0 1 0 0 0 2 2 7 10 12 8 4 5 7 8 9 2 1 1 1 1 1 2 2 1 1 1 
1 87 12879995 1 0 1 0 0 17 34 51 0.5000 0.5000 1 2 3 5 11 0.3438 33 21 54 12 1.5714 1 0 1.0312 1 0.1028 0.0654 1 1 22 10 0.6667 0.4762 1 0 1 0 1 0 1 1 1 0 0 0 2 1 7 9 13 8 4 6 6 9 12 2 1 2 1 1 1 1 1 1 1 1 
0 87 12879994 1 0 0 1 0 34 3 37 0 0 0 3 1 4 18 0.5625 21 11 32 10 1.9091 0 0 1 1 0.0654 0.0343 1 0 3 -7.0000 0.1429 -0.6364 1 0 0 0 0 0 1 0 0 0 0 0 2 2 4 2 4 4 3 5 6 6 8 3 0 3 0 2 0 2 0 1 0 0 
0 87 12879994 1 0 0 1 0 5 5 10 1 1 2 2 2 4 3 0.0938 22 7 29 15 3.1429 1 0 1.0476 1 0.0685 0.0218 1 1 19 4 0.8636 0.5714 1 0 0 0 1 0 1 0 1 0 0 0 2 0 4 0 9 0 4 6 7 8 9 2 1 2 1 2 1 2 1 2 1 1 

0 88 12879993 1 0 1 0 0 8 4 12 3 3 6 1 1 2 5 0.1562 9 19 28 10 2.1111 0 0 1 1 0.0280 0.0592 1 1 4 14 0.4444 0.7368 1 0 0 0 0 0 1 0 0 0 0 0 2 0 7 0 6 0 3 4 7 7 7 2 1 2 1 1 1 1 2 1 2 1 
0 88 12879993 1 0 1 0 0 4 5 9 2.5000 2.5000 5 1 2 3 5 0.1562 27 7 34 20 3.8571 0 0 1 1 0.0841 0.0218 1 1 22 2 0.8148 0.2857 1 0 1 0 0 0 1 1 0 0 0 0 2 0 4 4 6 2 3 3 6 10 10 1 1 1 1 1 1 1 1 1 0 2 
0 88 12879994 0 1 1 0 0 34 8 42 22.5000 9 31.5000 3 1 4 10 0.3125 21 29 50 8 1.3810 0 0 1 1 0.0654 0.0903 1 1 11 19 0.5238 0.6552 1 0 0 1 0 1 2 0 0 0 1 0 1 2 4 7 9 6 3 4 5 7 9 2 1 1 1 1 1 1 2 1 1 2 
1 88 12879995 1 0 1 0 0 5 17 22 22.5000 22.5000 45 2 2 4 13 0.4062 22 33 55 11 1.5000 1 1 1.0476 1.0312 0.0685 0.1028 1 1 9 20 0.4091 0.6061 1 0 0 2 0 0 2 1 0 0 0 0 2 2 7 11 11 7 4 5 7 8 9 1 2 1 1 1 1 2 2 1 1 1 
0 88 12879994 0 1 1 0 0 5 5 10 1 1 2 2 2 4 4 0.1250 22 7 29 15 3.1429 1 0 1.0476 1 0.0685 0.0218 1 1 18 3 0.8182 0.4286 1 0 1 0 0 0 1 1 0 0 0 0 1 0 4 0 2 1 1 2 2 3 5 2 1 1 1 1 1 1 1 1 1 2 
0 88 12879994 1 0 0 1 0 34 3 37 0 0 0 3 1 4 18 0.5625 21 11 32 10 1.9091 0 0 1 1 0.0654 0.0343 1 0 3 -7.0000 0.1429 -0.6364 1 0 0 0 0 0 1 0 0 0 0 0 2 2 4 2 4 4 3 5 6 6 8 3 0 3 0 2 0 2 0 1 0 0 
0 88 12879994 0 1 0 1 0 17 34 51 0.5000 9 9.5000 2 3 5 11 0.3438 33 21 54 12 1.5714 1 0 1.0312 1 0.1028 0.0654 1 1 22 10 0.6667 0.4762 1 0 0 0 0 1 1 0 0 0 2 0 1 0 4 3 8 6 3 5 4 8 12 2 1 2 1 2 1 1 1 1 1 1 

0 89 12839991 1 0 1 0 0 8 4 12 3 3 6 1 1 2 5 0.1562 9 19 28 10 2.1111 0 0 1 1 0.0281 0.0594 1 1 4 14 0.4444 0.7368 1 0 0 0 0 0 1 0 0 0 0 0 2 0 7 0 6 0 3 4 7 7 7 2 1 2 1 1 1 1 2 1 2 1 
0 89 12839992 1 0 1 0 0 6 5 11 1 1 2 2 2 4 3 0.0938 21 7 28 14 3 0 0 1 1 0.0656 0.0219 1 1 18 4 0.8571 0.5714 1 0 0 0 1 0 1 0 1 0 0 0 2 0 4 0 9 0 4 6 7 8 9 1 1 1 1 1 1 1 1 1 1 1 
0 89 12839989 1 0 1 0 0 6 15 21 23.5000 23.5000 47 2 1 3 12 0.3750 21 25 46 4 1.1905 0 0 1 1 0.0656 0.0781 1 1 9 13 0.4286 0.5200 1 0 2 0 0 0 2 1 0 0 0 1 2 2 8 5 17 8 4 5 7 8 9 1 3 1 2 1 1 2 2 1 1 1 
0 89 12839992 1 0 1 0 0 4 5 9 2.5000 2.5000 5 1 2 3 5 0.1562 27 7 34 20 3.8571 0 0 1 1 0.0844 0.0219 1 1 22 2 0.8148 0.2857 1 0 0 0 1 0 1 0 1 0 0 0 2 0 4 1 9 1 3 3 6 10 10 1 1 1 1 1 1 1 1 1 0 2 
1 89 12839993 1 0 1 0 0 8 20 28 2 2 4 2 2 4 28 0.8750 30 26 56 4 1.1538 1 0 1.0345 1 0.0938 0.0813 1 0 2 -2.0000 0.0667 -0.0769 1 0 0 0 0 0 1 0 0 0 0 0 2 2 5 7 6 9 4 5 5 8 5 0 5 0 2 0 1 0 1 0 0 3 
0 89 12839992 1 0 0 1 0 34 3 37 0 0 0 3 1 4 18 0.5625 21 11 32 10 1.9091 0 0 1 1 0.0656 0.0344 1 0 3 -7.0000 0.1429 -0.6364 1 0 0 0 0 0 1 0 0 0 1 0 2 2 4 2 4 4 3 5 6 6 8 3 0 3 0 2 0 2 0 1 0 0 
0 89 12839992 1 0 0 1 0 3 20 23 3 3 6 1 2 3 3 0.0938 11 26 37 15 2.3636 0 0 1 1 0.0344 0.0813 1 1 8 23 0.7273 0.8846 1 0 0 0 0 0 1 0 0 1 2 1 2 0 9 3 13 7 4 6 10 9 9 2 2 2 2 1 2 2 3 3 3 0 
0 89 12839992 0 1 0 1 0 8 34 42 9 23.5000 32.5000 2 3 5 10 0.3125 30 21 51 9 1.4286 1 0 1.0345 1 0.0938 0.0656 1 1 20 11 0.6667 0.5238 1 1 0 0 0 0 2 0 0 0 1 0 1 3 4 5 3 3 2 4 5 5 6 2 3 1 2 1 2 1 3 1 3 1 
0 89 12839992 0 1 0 1 0 18 34 52 0.5000 9 9.5000 1 3 4 11 0.3438 33 21 54 12 1.5714 1 0 1.0312 1 0.1031 0.0656 1 1 22 10 0.6667 0.4762 1 0 0 0 0 2 1 0 0 1 2 0 1 0 4 4 3 8 3 5 4 8 12 2 1 2 1 2 1 1 1 1 1 1 

0 90 12839991 1 0 1 0 0 8 4 12 3 3 6 1 1 2 5 0.1562 9 19 28 10 2.1111 0 0 1 1 0.0281 0.0594 1 1 4 14 0.4444 0.7368 1 0 0 0 0 0 1 0 0 0 0 0 2 0 7 0 6 0 3 4 7 7 7 2 1 2 1 1 1 1 2 1 2 1 
0 90 12839992 1 0 1 0 0 6 5 11 1 1 2 2 2 4 3 0.0938 21 7 28 14 3 0 0 1 1 0.0656 0.0219 1 1 18 4 0.8571 0.5714 1 0 0 0 1 0 1 0 1 0 0 0 2 0 4 0 9 0 4 6 7 8 9 1 1 1 1 1 1 1 1 1 1 1 
0 90 12839989 1 0 1 0 0 6 15 21 23.5000 23.5000 47 2 1 3 12 0.3750 21 25 46 4 1.1905 0 0 1 1 0.0656 0.0781 1 1 9 13 0.4286 0.5200 1 0 1 1 0 0 1 2 0 0 0 1 2 4 5 7 16 9 4 5 7 8 9 1 3 1 2 1 1 2 2 1 1 1 
0 90 12839992 1 0 1 0 0 4 5 9 2.5000 2.5000 5 1 2 3 5 0.1562 27 7 34 20 3.8571 0 0 1 1 0.0844 0.0219 1 1 22 2 0.8148 0.2857 1 0 0 0 1 0 1 0 1 0 0 0 2 0 4 1 9 1 3 3 6 10 10 1 1 1 1 1 1 1 1 1 0 2 
1 90 12839993 1 0 1 0 0 9 21 30 3 3 6 2 2 4 29 0.9062 31 26 57 5 1.1923 2 0 1.0690 1 0.0969 0.0813 1 0 2 -3.0000 0.0645 -0.1154 1 0 0 0 0 0 1 0 0 0 0 0 2 2 5 7 7 12 4 5 5 8 5 0 5 0 2 0 1 0 1 0 0 2 
0 90 12839992 1 0 0 1 0 34 3 37 0 0 0 3 1 4 18 0.5625 21 11 32 10 1.9091 0 0 1 1 0.0656 0.0344 1 0 3 -7.0000 0.1429 -0.6364 1 0 0 0 0 0 1 0 0 0 1 0 2 2 4 2 4 4 3 5 6 6 8 3 0 3 0 2 0 2 0 1 0 0 
0 90 12839992 1 0 0 1 0 3 21 24 3 3 6 1 2 3 3 0.0938 11 26 37 15 2.3636 0 0 1 1 0.0344 0.0813 1 1 8 23 0.7273 0.8846 1 0 0 0 0 0 1 0 0 1 2 1 2 0 9 3 13 7 4 6 10 9 9 2 2 2 2 1 2 2 3 3 3 0 
0 90 12839992 0 1 0 1 0 18 34 52 0.5000 9 9.5000 1 3 4 11 0.3438 33 21 54 12 1.5714 1 0 1.0312 1 0.1031 0.0656 1 1 22 10 0.6667 0.4762 1 0 0 0 0 1 1 0 0 1 1 0 1 0 4 4 4 6 3 5 4 8 12 2 1 2 1 2 1 1 1 1 1 1 
0 90 12839992 1 0 0 1 0 9 34 43 9 9 18 2 3 5 10 0.3125 31 21 52 10 1.4762 2 0 1.0690 1 0.0969 0.0656 1 1 21 11 0.6774 0.5238 1 1 0 1 0 0 2 1 0 0 1 0 2 4 6 12 6 14 3 6 7 7 9 2 6 1 5 1 4 1 5 1 5 0 

0 91 12839991 1 0 1 0 0 8 4 12 3 3 6 1 1 2 5 0.1562 9 19 28 10 2.1111 0 0 1 1 0.0281 0.0594 1 1 4 14 0.4444 0.7368 1 0 0 0 0 0 1 0 0 0 0 0 2 0 7 0 6 0 3 4 7 7 7 2 1 2 1 1 1 1 2 1 2 1 
0 91 12839992 1 0 1 0 0 6 5 11 1 1 2 2 2 4 3 0.0938 21 7 28 14 3 0 0 1 1 0.0656 0.0219 1 1 18 4 0.8571 0.5714 1 0 0 0 1 0 1 0 1 0 0 0 2 0 4 0 9 0 4 6 7 8 9 1 1 1 1 1 1 1 1 1 1 1 
0 91 12839989 1 0 1 0 0 6 15 21 23.5000 23.5000 47 2 1 3 12 0.3750 21 25 46 4 1.1905 0 0 1 1 0.0656 0.0781 1 1 9 13 0.4286 0.5200 1 0 1 1 0 0 1 2 0 0 0 1 2 4 5 7 16 9 4 5 7 8 9 1 3 1 2 1 1 2 2 1 1 1 
0 91 12839992 1 0 1 0 0 4 5 9 2.5000 2.5000 5 1 2 3 5 0.1562 27 7 34 20 3.8571 0 0 1 1 0.0844 0.0219 1 1 22 2 0.8148 0.2857 1 0 0 0 1 0 1 0 1 0 0 0 2 0 4 1 9 1 3 3 6 10 10 1 1 1 1 1 1 1 1 1 0 2 
1 91 12839993 1 0 1 0 0 10 22 32 4 4 8 2 2 4 30 0.9375 32 26 58 6 1.2308 3 0 1.1034 1 0.1000 0.0813 1 0 2 -4.0000 0.0625 -0.1538 1 0 0 0 0 0 1 0 0 0 0 0 2 2 5 7 10 10 4 5 5 8 5 0 5 0 2 0 1 0 1 0 0 1 
0 91 12839992 1 0 0 1 0 34 3 37 0 0 0 3 1 4 18 0.5625 21 11 32 10 1.9091 0 0 1 1 0.0656 0.0344 1 0 3 -7.0000 0.1429 -0.6364 1 0 0 0 0 0 1 0 0 0 1 0 2 2 4 2 4 4 3 5 6 6 8 3 0 3 0 2 0 2 0 1 0 0 
0 91 12839992 1 0 0 1 0 3 22 25 3 3 6 1 2 3 3 0.0938 11 26 37 15 2.3636 0 0 1 1 0.0344 0.0813 1 1 8 23 0.7273 0.8846 1 0 0 0 0 0 1 0 0 1 2 1 2 0 9 3 13 7 4 6 10 9 9 2 2 2 2 1 2 2 3 3 3 0 
0 91 12839992 0 1 0 1 0 18 34 52 0.5000 9 9.5000 1 3 4 11 0.3438 33 21 54 12 1.5714 1 0 1.0312 1 0.1031 0.0656 1 1 22 10 0.6667 0.4762 1 0 0 0 0 1 1 0 0 1 1 0 1 0 4 4 4 6 3 5 4 8 12 2 1 2 1 2 1 1 1 1 1 1 
0 91 12839992 1 0 0 1 0 10 34 44 9 9 18 2 3 5 10 0.3125 32 21 53 11 1.5238 3 0 1.1034 1 0.1000 0.0656 1 1 22 11 0.6875 0.5238 1 1 0 1 0 0 2 1 0 0 1 0 2 4 6 12 6 14 3 6 7 7 9 2 8 1 8 1 7 1 7 1 7 0 

0 92 12839992 1 0 1 0 0 8 4 12 3 3 6 1 1 2 5 0.1562 9 19 28 10 2.1111 0 0 1 1 0.0281 0.0594 1 1 4 14 0.4444 0.7368 1 0 0 0 0 0 1 0 0 0 0 0 2 0 7 0 6 0 3 4 7 7 7 2 1 2 1 1 1 1 2 1 2 1 
0 92 12839993 1 0 1 0 0 6 5 11 1 1 2 2 2 4 3 0.0938 21 7 28 14 3 0 0 1 1 0.0656 0.0219 1 1 18 4 0.8571 0.5714 1 0 0 0 1 0 1 0 1 0 0 0 2 0 4 0 9 0 4 6 7 8 9 1 1 1 1 1 1 1 1 1 1 1 
0 92 12839990 1 0 1 0 0 6 15 21 23.5000 23.5000 47 2 1 3 12 0.3750 21 25 46 4 1.1905 0 0 1 1 0.0656 0.0781 1 1 9 13 0.4286 0.5200 1 0 1 0 0 0 1 1 0 0 0 1 2 2 8 5 17 9 4 5 7 8 9 1 3 1 2 1 1 2 2 1 1 1 
0 92 12839993 1 0 1 0 0 4 5 9 2.5000 2.5000 5 1 2 3 5 0.1562 27 7 34 20 3.8571 0 0 1 1 0.0844 0.0219 1 1 22 2 0.8148 0.2857 1 0 0 0 1 0 1 0 1 0 0 0 2 0 4 1 9 1 3 3 6 10 10 1 1 1 1 1 1 1 1 1 0 2 
0 92 12839993 1 0 0 1 0 34 3 37 0 0 0 2 1 3 18 0.5625 21 11 32 10 1.9091 0 0 1 1 0.0656 0.0344 1 0 3 -7.0000 0.1429 -0.6364 1 0 0 0 0 0 1 0 0 0 1 0 2 2 4 2 4 4 3 5 6 6 8 3 0 3 0 2 0 2 0 1 0 0 
0 92 12839993 1 0 0 1 0 3 23 26 3 3 6 1 2 3 3 0.0938 11 26 37 15 2.3636 0 0 1 1 0.0344 0.0813 1 1 8 23 0.7273 0.8846 1 0 0 0 0 0 1 0 0 1 1 1 2 0 7 3 11 12 4 6 10 9 9 2 2 2 2 1 2 2 3 3 3 0 
0 92 12839992 0 1 0 1 0 18 34 52 0.5000 9 9.5000 1 2 3 11 0.3438 33 21 54 12 1.5714 1 0 1.0312 1 0.1031 0.0656 1 1 22 10 0.6667 0.4762 1 0 0 0 0 1 1 0 0 1 1 0 1 2 5 4 4 6 3 5 4 8 12 2 1 2 1 2 1 1 1 1 1 1 
1 92 12839994 1 0 0 1 0 11 23 34 5 5 10 1 2 3 31 0.9688 33 26 59 7 1.2692 4 0 1.1379 1 0.1031 0.0813 1 0 2 -5.0000 0.0606 -0.1923 1 0 0 0 0 0 1 0 0 0 0 0 2 2 5 8 9 10 4 5 5 8 5 0 6 0 4 0 2 0 1 0 0 0 

0 93 12839992 1 0 1 0 0 8 4 12 3 3 6 1 1 2 5 0.1562 9 19 28 10 2.1111 0 0 1 1 0.0281 0.0594 1 1 4 14 0.4444 0.7368 1 0 0 0 0 0 1 0 0 0 0 0 2 0 7 0 6 0 3 4 7 7 7 2 1 2 1 1 1 1 2 1 2 1 
1 93 12839993 1 0 1 0 0 6 5 11 1 1 2 2 2 4 3 0.0938 21 7 28 14 3 0 0 1 1 0.0656 0.0219 1 1 18 4 0.8571 0.5714 1 0 0 0 1 0 1 0 1 0 0 0 2 0 4 0 9 0 4 6 7 8 9 1 1 1 1 1 1 1 1 1 1 1 
0 93 12839990 1 0 1 0 0 6 15 21 23.5000 23.5000 47 2 1 3 12 0.3750 21 25 46 4 1.1905 0 0 1 1 0.0656 0.0781 1 1 9 13 0.4286 0.5200 1 0 2 0 0 0 2 1 0 0 0 1 2 2 8 5 17 8 4 5 7 8 9 1 3 1 2 1 1 2 2 1 1 1 
1 93 12839993 1 0 1 0 0 4 5 9 2.5000 2.5000 5 1 2 3 5 0.1562 27 7 34 20 3.8571 0 0 1 1 0.0844 0.0219 1 1 22 2 0.8148 0.2857 1 0 0 0 1 0 1 0 1 0 0 0 2 0 4 1 9 1 3 3 6 10 10 1 1 1 1 1 1 1 1 1 0 2 
1 93 12839993 0 1 1 0 0 12 34 46 9 23.5000 32.5000 1 3 4 10 0.3125 33 21 54 12 1.5714 4 0 1.1379 1 0.1031 0.0656 1 1 23 11 0.6970 0.5238 1 1 0 0 0 0 2 0 0 0 1 0 1 3 4 5 3 3 2 4 5 5 6 2 1 1 1 1 1 1 2 1 1 1 
1 93 12839993 1 0 0 1 0 34 3 37 0 0 0 3 1 4 18 0.5625 21 11 32 10 1.9091 0 0 1 1 0.0656 0.0344 1 0 3 -7.0000 0.1429 -0.6364 1 0 0 0 0 0 1 0 0 0 1 0 2 2 4 2 4 4 3 5 6 6 8 3 0 3 0 2 0 2 0 1 0 0 
1 93 12839993 1 0 0 1 0 3 24 27 3 3 6 1 1 2 3 0.0938 11 26 37 15 2.3636 0 0 1 1 0.0344 0.0813 1 1 8 23 0.7273 0.8846 1 0 0 0 0 0 1 0 0 1 2 1 2 0 9 3 13 7 4 6 10 9 9 2 2 2 2 1 2 2 3 3 3 0 
1 93 12839993 0 1 0 1 0 18 34 52 0.5000 9 9.5000 1 3 4 11 0.3438 33 21 54 12 1.5714 1 0 1.0312 1 0.1031 0.0656 1 1 22 10 0.6667 0.4762 1 0 0 0 0 2 1 0 0 1 2 0 1 0 4 4 3 8 3 5 4 8 12 2 1 2 1 2 1 1 1 1 1 1 

0 94 12839993 1 0 1 0 0 8 4 12 3 3 6 1 1 2 5 0.1562 9 19 28 10 2.1111 0 0 1 1 0.0281 0.0594 1 1 4 14 0.4444 0.7368 1 0 0 0 0 0 1 0 0 0 0 0 2 0 7 0 6 0 3 4 7 7 7 2 1 2 1 1 1 1 2 1 2 1 
0 94 12839991 1 0 1 0 0 7 15 22 23.5000 23.5000 47 1 1 2 12 0.3750 21 25 46 4 1.1905 0 0 1 1 0.0656 0.0781 1 1 9 13 0.4286 0.5200 1 0 2 0 0 0 2 1 0 0 0 1 2 2 8 5 17 8 4 5 7 8 9 1 3 1 2 1 1 2 2 1 1 1 
1 94 12839994 0 1 1 0 0 12 34 46 9 23.5000 32.5000 1 3 4 10 0.3125 33 21 54 12 1.5714 4 0 1.1379 1 0.1031 0.0656 1 1 23 11 0.6970 0.5238 1 1 0 0 0 0 2 0 0 0 1 0 1 3 4 5 3 3 2 4 5 5 6 2 1 1 1 1 1 1 2 1 1 1 
1 94 12839994 0 1 1 0 0 6 4 10 1 2.5000 3.5000 1 1 2 6 0.1875 8 27 35 19 3.3750 1 0 1.1429 1 0.0250 0.0844 1 1 2 21 0.2500 0.7778 1 0 0 0 0 0 1 0 0 0 0 0 1 0 1 0 6 0 1 3 5 5 6 1 1 1 1 1 1 1 1 1 0 1 
1 94 12839994 1 0 0 1 0 34 3 37 0 0 0 3 1 4 18 0.5625 21 11 32 10 1.9091 0 0 1 1 0.0656 0.0344 1 0 3 -7.0000 0.1429 -0.6364 1 0 0 0 0 0 1 0 0 0 1 0 2 2 4 2 4 4 3 5 6 6 8 3 0 3 0 2 0 2 0 1 0 0 
1 94 12839994 1 0 0 1 0 3 24 27 3 3 6 1 1 2 3 0.0938 11 26 37 15 2.3636 0 0 1 1 0.0344 0.0813 1 1 8 23 0.7273 0.8846 1 0 0 0 0 0 1 0 0 1 2 1 2 0 9 3 13 7 4 6 10 9 9 2 2 2 2 1 2 2 3 3 3 0 
1 94 12839994 0 1 0 1 0 18 34 52 0.5000 9 9.5000 1 3 4 11 0.3438 33 21 54 12 1.5714 1 0 1.0312 1 0.1031 0.0656 1 1 22 10 0.6667 0.4762 1 0 0 0 0 2 1 0 0 1 2 0 1 0 4 4 3 8 3 5 4 8 12 2 1 2 1 2 1 1 1 1 1 1 

0 95 12879994 1 0 1 0 0 8 4 12 3 3 6 1 1 2 5 0.1562 9 19 28 10 2.1111 0 0 1 1 0.0280 0.0592 1 1 4 14 0.4444 0.7368 1 0 0 0 0 0 1 0 0 0 0 0 2 0 7 0 6 0 3 4 7 7 7 2 1 2 1 1 1 1 2 1 2 1 
0 95 12879992 1 0 1 0 0 7 15 22 24 24 48 1 1 2 12 0.3750 21 25 46 4 1.1905 0 0 1 1 0.0654 0.0779 1 1 9 13 0.4286 0.5200 1 0 2 0 0 0 2 1 0 0 0 1 2 2 11 2 18 7 4 5 7 8 9 1 3 1 2 1 1 2 2 1 1 1 
1 95 12879995 0 1 1 0 0 6 4 10 1 2.5000 3.5000 1 1 2 6 0.1875 8 27 35 19 3.3750 1 0 1.1429 1 0.0249 0.0841 1 1 2 21 0.2500 0.7778 1 0 0 0 0 0 1 0 0 0 0 0 1 0 1 0 6 0 1 3 5 5 6 1 1 1 1 1 1 1 1 1 0 1 
1 95 12879995 1 0 1 0 0 35 13 48 24 24 48 2 1 3 10 0.3125 22 33 55 11 1.5000 1 4 1.0476 1.1379 0.0685 0.1028 1 1 12 23 0.5455 0.6970 1 0 2 0 0 0 2 1 0 0 0 1 2 1 14 5 15 4 4 5 7 8 9 3 1 3 1 1 1 1 2 1 1 1 
1 95 12879995 1 0 0 1 0 3 24 27 3 3 6 1 1 2 3 0.0938 11 26 37 15 2.3636 0 0 1 1 0.0343 0.0810 1 1 8 23 0.7273 0.8846 1 0 0 0 0 0 1 0 0 0 1 2 2 0 9 3 13 7 4 6 10 9 9 2 2 2 2 1 2 2 3 3 3 0 
1 95 12879995 1 0 0 1 0 35 18 53 9.5000 9.5000 19 2 1 3 11 0.3438 22 33 55 11 1.5000 1 1 1.0476 1.0312 0.0685 0.1028 1 1 11 22 0.5000 0.6667 1 0 2 0 0 0 1 2 0 0 1 0 2 1 11 5 13 4 3 6 7 7 9 2 3 2 1 2 1 1 1 1 1 1 

0 96 12879993 1 0 1 0 0 8 4 12 3 3 6 1 1 2 5 0.1515 9 19 28 10 2.1111 0 0 1 1 0.0280 0.0592 1 1 4 14 0.4444 0.7368 1 0 0 0 0 0 1 0 0 0 0 0 2 0 7 0 6 0 3 4 7 7 7 2 1 2 1 1 1 1 2 1 2 1 
0 96 12879991 1 0 1 0 0 7 15 22 24 24 48 1 1 2 12 0.3636 21 25 46 4 1.1905 0 0 1 1 0.0654 0.0779 1 1 9 13 0.4286 0.5200 1 0 1 0 0 0 1 1 0 0 0 1 2 2 8 5 17 8 4 5 7 8 9 1 3 1 2 1 1 2 2 1 1 1 
0 96 12879994 0 1 1 0 0 6 4 10 1 2.5000 3.5000 1 1 2 6 0.1818 8 27 35 19 3.3750 1 0 1.1429 1 0.0249 0.0841 1 1 2 21 0.2500 0.7778 1 0 0 0 0 0 1 0 0 0 0 0 1 0 1 0 6 0 1 3 5 5 6 1 1 1 1 1 1 1 1 1 0 1 
0 96 12879994 1 0 0 1 0 35 3 38 0 0 0 2 1 3 18 0.5455 21 11 32 10 1.9091 0 0 1 1 0.0654 0.0343 1 0 3 -7.0000 0.1429 -0.6364 1 0 0 0 0 0 1 0 0 0 1 0 2 2 4 2 4 4 3 5 6 6 8 3 0 3 0 2 0 2 0 1 0 0 
0 96 12879994 1 0 0 1 0 3 24 27 3 3 6 1 2 3 3 0.0909 11 26 37 15 2.3636 0 0 1 1 0.0343 0.0810 1 1 8 23 0.7273 0.8846 1 0 0 0 0 0 1 0 0 1 1 1 2 0 7 3 11 8 4 6 10 9 9 2 2 2 2 1 2 2 3 3 3 0 
0 96 12879993 0 1 0 1 0 18 35 53 0.5000 9.5000 10 1 2 3 11 0.3333 33 21 54 12 1.5714 1 0 1.0312 1 0.1028 0.0654 1 1 22 10 0.6667 0.4762 1 0 0 0 0 1 1 0 0 1 1 0 1 2 4 5 3 7 3 5 4 8 12 2 1 2 1 2 1 1 1 1 1 1 
1 96 12879995 1 0 0 1 0 13 24 37 6 6 12 1 2 3 32 0.9697 34 26 60 8 1.3077 5 0 1.1724 1 0.1059 0.0810 1 0 2 -6.0000 0.0588 -0.2308 1 0 0 0 0 0 1 0 0 0 0 0 2 2 6 8 9 10 4 5 5 8 5 0 6 0 4 0 2 0 1 0 0 0 

0 97 12839990 1 0 1 0 0 8 4 12 3 3 6 1 1 2 5 0.1613 9 19 28 10 2.1111 0 0 1 1 0.0281 0.0594 1 1 4 14 0.4444 0.7368 1 0 0 0 0 0 1 0 0 0 0 0 2 0 7 0 6 0 3 4 7 7 7 2 1 2 1 1 1 1 2 1 2 1 
0 97 12839991 0 1 1 0 0 18 35 53 0.5000 9.5000 10 3 3 6 11 0.3548 32 21 53 11 1.5238 0 0 1 1 0.1000 0.0656 1 1 21 10 0.6562 0.4762 1 0 0 0 0 2 1 0 0 1 2 0 1 0 4 3 5 8 3 5 4 8 12 1 1 1 1 1 1 1 1 2 1 2 
0 97 12839989 1 0 1 0 0 18 15 33 24 24 48 3 1 4 12 0.3871 32 25 57 7 1.2800 0 0 1 1 0.1000 0.0781 1 1 20 13 0.6250 0.5200 1 0 2 0 0 0 2 1 0 0 0 1 2 2 7 6 17 8 4 5 7 8 9 1 3 1 2 1 1 2 2 1 1 1 
0 97 12839991 1 0 1 0 0 4 6 10 2.5000 2.5000 5 1 2 3 5 0.1613 27 7 34 20 3.8571 0 0 1 1 0.0844 0.0219 1 1 22 2 0.8148 0.2857 1 0 0 0 1 0 1 0 1 0 0 0 2 0 4 1 9 1 3 3 6 10 10 1 1 1 1 1 1 1 1 1 0 2 
0 97 12839992 1 0 1 0 0 13 24 37 6 6 12 2 3 5 28 0.9032 30 26 56 4 1.1538 1 0 1.0345 1 0.0938 0.0813 1 0 2 -2.0000 0.0667 -0.0769 1 1 0 0 0 0 2 0 0 0 0 0 2 4 5 9 6 11 4 5 5 8 5 0 5 0 2 0 1 0 1 0 0 3 
0 97 12839991 1 0 0 1 0 35 3 38 0 0 0 3 1 4 18 0.5806 21 11 32 10 1.9091 0 0 1 1 0.0656 0.0344 1 0 3 -7.0000 0.1429 -0.6364 1 0 0 0 0 0 1 0 0 0 1 0 2 2 4 2 4 4 3 5 6 6 8 3 0 3 0 2 0 2 0 1 0 0 
1 97 12839993 1 0 0 1 0 18 24 42 6 6 12 3 3 6 29 0.9355 32 26 58 6 1.2308 0 0 1 1 0.1000 0.0813 1 0 3 -3.0000 0.0938 -0.1154 1 1 0 0 0 0 2 0 0 0 0 0 2 4 6 7 10 8 4 5 5 8 5 4 0 3 0 2 0 2 0 1 0 0 
0 97 12839991 1 0 0 1 0 3 24 27 3 3 6 1 3 4 3 0.0968 11 26 37 15 2.3636 0 0 1 1 0.0344 0.0813 1 1 8 23 0.7273 0.8846 1 0 0 0 0 0 1 0 0 1 2 1 2 0 9 3 13 7 4 6 10 9 9 2 2 2 2 1 2 2 3 3 3 0 
0 97 12839991 0 1 0 1 0 13 35 48 9.5000 24 33.5000 2 3 5 10 0.3226 30 21 51 9 1.4286 1 0 1.0345 1 0.0938 0.0656 1 1 20 11 0.6667 0.5238 1 1 0 0 0 0 2 0 0 0 1 0 1 3 3 4 5 3 2 4 5 5 6 2 3 1 2 1 2 1 3 1 3 1 
0 97 12839991 1 0 0 1 0 7 6 13 2 2 4 1 2 3 3 0.0968 22 7 29 15 3.1429 1 0 1.0476 1 0.0688 0.0219 1 1 19 4 0.8636 0.5714 1 0 0 0 1 0 1 0 1 0 0 0 2 0 4 0 9 0 4 6 7 8 9 2 1 2 1 2 1 2 1 2 1 1 

0 98 12839991 1 0 1 0 0 8 4 12 3 3 6 1 1 2 5 0.1613 9 19 28 10 2.1111 0 0 1 1 0.0281 0.0594 1 1 4 14 0.4444 0.7368 1 0 0 0 0 0 1 0 0 0 0 0 2 0 7 0 6 0 3 4 7 7 7 2 1 2 1 1 1 1 2 1 2 1 
0 98 12839992 1 0 1 0 0 4 6 10 2.5000 2.5000 5 1 2 3 5 0.1613 27 7 34 20 3.8571 0 0 1 1 0.0844 0.0219 1 1 22 2 0.8148 0.2857 1 0 0 0 1 0 1 0 1 0 0 0 2 0 4 1 9 1 3 3 6 10 10 1 1 1 1 1 1 1 1 1 0 2 
1 98 12839993 1 0 1 0 0 13 25 38 7 7 14 2 2 4 28 0.9032 30 26 56 4 1.1538 1 0 1.0345 1 0.0938 0.0813 1 0 2 -2.0000 0.0667 -0.0769 1 0 0 0 0 0 1 0 0 0 0 0 2 2 5 7 6 13 4 5 5 8 5 0 5 0 2 0 1 0 1 0 0 3 
0 98 12839992 0 1 1 0 0 19 35 54 0.5000 9.5000 10 2 3 5 11 0.3548 32 21 53 11 1.5238 0 0 1 1 0.1000 0.0656 1 1 21 10 0.6562 0.4762 1 0 0 0 0 2 1 0 0 1 2 0 1 0 4 3 5 8 3 5 4 8 12 1 1 1 1 1 1 1 1 2 1 2 
0 98 12839989 1 0 1 0 0 19 15 34 24 24 48 2 1 3 12 0.3871 32 25 57 7 1.2800 0 0 1 1 0.1000 0.0781 1 1 20 13 0.6250 0.5200 1 0 2 0 0 0 2 1 0 0 0 1 2 2 7 6 17 8 4 5 7 8 9 1 3 1 2 1 1 2 2 1 1 1 
0 98 12839992 1 0 0 1 0 35 3 38 0 0 0 3 1 4 18 0.5806 21 11 32 10 1.9091 0 0 1 1 0.0656 0.0344 1 0 3 -7.0000 0.1429 -0.6364 1 0 0 0 0 0 1 0 0 0 1 0 2 2 4 2 4 4 3 5 6 6 8 3 0 3 0 2 0 2 0 1 0 0 
0 98 12839992 1 0 0 1 0 3 25 28 3 3 6 1 2 3 3 0.0968 11 26 37 15 2.3636 0 0 1 1 0.0344 0.0813 1 1 8 23 0.7273 0.8846 1 0 0 0 0 0 1 0 0 1 2 1 2 0 9 3 13 7 4 6 10 9 9 2 2 2 2 1 2 2 3 3 3 0 
0 98 12839992 0 1 0 1 0 13 35 48 9.5000 24 33.5000 2 3 5 10 0.3226 30 21 51 9 1.4286 1 0 1.0345 1 0.0938 0.0656 1 1 20 11 0.6667 0.5238 1 1 0 0 0 0 2 0 0 0 1 0 1 3 3 4 5 3 2 4 5 5 6 2 3 1 2 1 2 1 3 1 3 1 
0 98 12839992 1 0 0 1 0 7 6 13 2 2 4 1 2 3 3 0.0968 22 7 29 15 3.1429 1 0 1.0476 1 0.0688 0.0219 1 1 19 4 0.8636 0.5714 1 0 0 0 1 0 1 0 1 0 0 0 2 0 4 0 9 0 4 6 7 8 9 2 1 2 1 2 1 2 1 2 1 1 

0 99 12839991 1 0 1 0 0 8 4 12 3 3 6 1 1 2 5 0.1613 9 19 28 10 2.1111 0 0 1 1 0.0281 0.0594 1 1 4 14 0.4444 0.7368 1 0 0 0 0 0 1 0 0 0 0 0 2 0 7 0 6 0 3 4 7 7 7 2 1 2 1 1 1 1 2 1 2 1 
0 99 12839992 1 0 1 0 0 4 6 10 2.5000 2.5000 5 1 2 3 5 0.1613 27 7 34 20 3.8571 0 0 1 1 0.0844 0.0219 1 1 22 2 0.8148 0.2857 1 0 0 0 1 0 1 0 1 0 0 0 2 0 4 1 9 1 3 3 6 10 10 1 1 1 1 1 1 1 1 1 0 2 
0 99 12839992 0 1 1 0 0 19 35 54 0.5000 9.5000 10 2 3 5 11 0.3548 32 21 53 11 1.5238 0 0 1 1 0.1000 0.0656 1 1 21 10 0.6562 0.4762 1 0 0 0 0 1 1 0 0 1 1 0 1 0 4 3 6 6 3 5 4 8 12 1 1 1 1 1 1 1 1 2 1 2 
0 99 12839989 1 0 1 0 0 19 15 34 24 24 48 2 1 3 12 0.3871 32 25 57 7 1.2800 0 0 1 1 0.1000 0.0781 1 1 20 13 0.6250 0.5200 1 0 1 1 0 0 1 2 0 0 0 1 2 4 4 8 16 9 4 5 7 8 9 1 3 1 2 1 1 2 2 1 1 1 
1 99 12839993 1 0 1 0 0 14 26 40 8 8 16 2 2 4 29 0.9355 31 26 57 5 1.1923 2 0 1.0690 1 0.0969 0.0813 1 0 2 -3.0000 0.0645 -0.1154 1 0 0 0 0 0 1 0 0 0 0 0 2 2 5 7 10 9 4 5 5 8 5 0 5 0 2 0 1 0 1 0 0 2 
0 99 12839992 1 0 0 1 0 35 3 38 0 0 0 3 1 4 18 0.5806 21 11 32 10 1.9091 0 0 1 1 0.0656 0.0344 1 0 3 -7.0000 0.1429 -0.6364 1 0 0 0 0 0 1 0 0 0 1 0 2 2 4 2 4 4 3 5 6 6 8 3 0 3 0 2 0 2 0 1 0 0 
0 99 12839992 1 0 0 1 0 3 26 29 3 3 6 1 2 3 3 0.0968 11 26 37 15 2.3636 0 0 1 1 0.0344 0.0813 1 1 8 23 0.7273 0.8846 1 0 0 0 0 0 1 0 0 1 2 1 2 0 9 3 13 7 4 6 10 9 9 2 2 2 2 1 2 2 3 3 3 0 
0 99 12839992 1 0 0 1 0 7 6 13 2 2 4 1 2 3 3 0.0968 22 7 29 15 3.1429 1 0 1.0476 1 0.0688 0.0219 1 1 19 4 0.8636 0.5714 1 0 0 0 1 0 1 0 1 0 0 0 2 0 4 0 9 0 4 6 7 8 9 2 1 2 1 2 1 2 1 2 1 1 
0 99 12839992 1 0 0 1 0 14 35 49 9.5000 9.5000 19 2 3 5 10 0.3226 31 21 52 10 1.4762 2 0 1.0690 1 0.0969 0.0656 1 1 21 11 0.6774 0.5238 1 1 0 1 0 0 2 1 0 0 1 0 2 4 5 11 8 14 3 6 7 7 9 2 6 1 5 1 4 1 5 1 5 0 

0 100 12839991 1 0 1 0 0 8 4 12 3 3 6 1 1 2 5 0.1613 9 19 28 10 2.1111 0 0 1 1 0.0281 0.0594 1 1 4 14 0.4444 0.7368 1 0 0 0 0 0 1 0 0 0 0 0 2 0 7 0 6 0 3 4 7 7 7 2 1 2 1 1 1 1 2 1 2 1 
0 100 12839992 1 0 1 0 0 4 6 10 2.5000 2.5000 5 1 2 3 5 0.1613 27 7 34 20 3.8571 0 0 1 1 0.0844 0.0219 1 1 22 2 0.8148 0.2857 1 0 0 0 1 0 1 0 1 0 0 0 2 0 4 1 9 1 3 3 6 10 10 1 1 1 1 1 1 1 1 1 0 2 
0 100 12839992 0 1 1 0 0 19 35 54 0.5000 9.5000 10 2 3 5 11 0.3548 32 21 53 11 1.5238 0 0 1 1 0.1000 0.0656 1 1 21 10 0.6562 0.4762 1 0 0 0 0 1 1 0 0 1 1 0 1 0 4 3 6 6 3 5 4 8 12 1 1 1 1 1 1 1 1 2 1 2 
0 100 12839989 1 0 1 0 0 19 15 34 24 24 48 2 1 3 12 0.3871 32 25 57 7 1.2800 0 0 1 1 0.1000 0.0781 1 1 20 13 0.6250 0.5200 1 0 1 1 0 0 1 2 0 0 0 1 2 4 4 8 16 9 4 5 7 8 9 1 3 1 2 1 1 2 2 1 1 1 
1 100 12839993 1 0 1 0 0 15 27 42 9 9 18 2 2 4 30 0.9677 32 26 58 6 1.2308 3 0 1.1034 1 0.1000 0.0813 1 0 2 -4.0000 0.0625 -0.1538 1 0 0 0 0 0 1 0 0 0 0 0 2 2 5 9 8 11 4 5 5 8 5 0 5 0 2 0 1 0 1 0 0 1 
0 100 12839992 1 0 0 1 0 35 3 38 0 0 0 3 1 4 18 0.5806 21 11 32 10 1.9091 0 0 1 1 0.0656 0.0344 1 0 3 -7.0000 0.1429 -0.6364 1 0 0 0 0 0 1 0 0 0 1 0 2 2 4 2 4 4 3 5 6 6 8 3 0 3 0 2 0 2 0 1 0 0 
0 100 12839992 1 0 0 1 0 3 27 30 3 3 6 1 2 3 3 0.0968 11 26 37 15 2.3636 0 0 1 1 0.0344 0.0813 1 1 8 23 0.7273 0.8846 1 0 0 0 0 0 1 0 0 1 2 1 2 0 9 3 13 7 4 6 10 9 9 2 2 2 2 1 2 2 3 3 3 0 
0 100 12839992 1 0 0 1 0 7 6 13 2 2 4 1 2 3 3 0.0968 22 7 29 15 3.1429 1 0 1.0476 1 0.0688 0.0219 1 1 19 4 0.8636 0.5714 1 0 0 0 1 0 1 0 1 0 0 0 2 0 4 0 9 0 4 6 7 8 9 2 1 2 1 2 1 2 1 2 1 1 
0 100 12839992 1 0 0 1 0 15 35 50 9.5000 9.5000 19 2 3 5 10 0.3226 32 21 53 11 1.5238 3 0 1.1034 1 0.1000 0.0656 1 1 22 11 0.6875 0.5238 1 1 0 1 0 0 2 1 0 0 1 0 2 4 5 11 8 14 3 6 7 7 9 2 8 1 8 1 7 1 7 1 7 0 

0 101 12839992 1 0 1 0 0 8 4 12 3 3 6 1 1 2 5 0.1562 9 19 28 10 2.1111 0 0 1 1 0.0281 0.0594 1 1 4 14 0.4444 0.7368 1 0 0 0 0 0 1 0 0 0 0 0 2 0 7 0 6 0 3 4 7 7 7 2 1 2 1 1 1 1 2 1 2 1 
0 101 12839993 1 0 1 0 0 4 6 10 2.5000 2.5000 5 1 2 3 5 0.1562 27 7 34 20 3.8571 0 0 1 1 0.0844 0.0219 1 1 22 2 0.8148 0.2857 1 0 0 0 1 0 1 0 1 0 0 0 2 0 4 1 9 1 3 3 6 10 10 1 1 1 1 1 1 1 1 1 0 2 
0 101 12839992 0 1 1 0 0 19 35 54 0.5000 9.5000 10 2 2 4 11 0.3438 32 21 53 11 1.5238 0 0 1 1 0.1000 0.0656 1 1 21 10 0.6562 0.4762 1 0 0 0 0 1 1 0 0 1 1 0 1 2 5 3 6 6 3 5 4 8 12 1 1 1 1 1 1 1 1 2 1 2 
0 101 12839990 1 0 1 0 0 19 15 34 24 24 48 2 1 3 12 0.3750 32 25 57 7 1.2800 0 0 1 1 0.1000 0.0781 1 1 20 13 0.6250 0.5200 1 0 1 0 0 0 1 1 0 0 0 1 2 2 7 6 17 9 4 5 7 8 9 1 3 1 2 1 1 2 2 1 1 1 
0 101 12839993 1 0 0 1 0 35 3 38 0 0 0 2 1 3 18 0.5625 21 11 32 10 1.9091 0 0 1 1 0.0656 0.0344 1 0 3 -7.0000 0.1429 -0.6364 1 0 0 0 0 0 1 0 0 0 1 0 2 2 4 2 4 4 3 5 6 6 8 3 0 3 0 2 0 2 0 1 0 0 
0 101 12839993 1 0 0 1 0 3 28 31 3 3 6 1 2 3 3 0.0938 11 26 37 15 2.3636 0 0 1 1 0.0344 0.0813 1 1 8 23 0.7273 0.8846 1 0 0 0 0 0 1 0 0 1 1 1 2 0 7 3 11 12 4 6 10 9 9 2 2 2 2 1 2 2 3 3 3 0 
0 101 12839993 1 0 0 1 0 7 6 13 2 2 4 1 2 3 3 0.0938 22 7 29 15 3.1429 1 0 1.0476 1 0.0688 0.0219 1 1 19 4 0.8636 0.5714 1 0 0 0 1 0 1 0 1 0 0 0 2 0 4 0 9 0 4 6 7 8 9 2 1 2 1 2 1 2 1 2 1 1 
1 101 12839994 1 0 0 1 0 16 28 44 10 10 20 1 2 3 31 0.9688 33 26 59 7 1.2692 4 0 1.1379 1 0.1031 0.0813 1 0 2 -5.0000 0.0606 -0.1923 1 0 0 0 0 0 1 0 0 0 0 0 2 2 6 7 10 9 4 5 5 8 5 0 6 0 4 0 2 0 1 0 0 0 

0 102 12839992 1 0 1 0 0 8 4 12 3 3 6 1 1 2 5 0.1562 9 19 28 10 2.1111 0 0 1 1 0.0281 0.0594 1 1 4 14 0.4444 0.7368 1 0 0 0 0 0 1 0 0 0 0 0 2 0 7 0 6 0 3 4 7 7 7 2 1 2 1 1 1 1 2 1 2 1 
0 102 12839993 1 0 1 0 0 4 6 10 2.5000 2.5000 5 1 2 3 5 0.1562 27 7 34 20 3.8571 0 0 1 1 0.0844 0.0219 1 1 22 2 0.8148 0.2857 1 0 0 0 1 0 1 0 1 0 0 0 2 0 4 1 9 1 3 3 6 10 10 1 1 1 1 1 1 1 1 1 0 2 
0 102 12839993 0 1 1 0 0 19 35 54 0.5000 9.5000 10 2 3 5 11 0.3438 32 21 53 11 1.5238 0 0 1 1 0.1000 0.0656 1 1 21 10 0.6562 0.4762 1 0 0 0 0 2 1 0 0 1 2 0 1 0 4 3 5 8 3 5 4 8 12 1 1 1 1 1 1 1 1 2 1 2 
1 102 12879990 1 0 1 0 0 19 15 34 24 24 48 2 1 3 12 0.3750 32 25 57 7 1.2800 0 0 1 1 0.1000 0.0781 1 1 20 13 0.6250 0.5200 1 0 2 0 0 0 2 1 0 0 0 1 2 2 7 6 17 8 4 5 7 8 9 1 3 1 2 1 1 2 2 1 1 1 
0 102 12839993 0 1 1 0 0 17 35 52 9.5000 24 33.5000 1 3 4 10 0.3125 33 21 54 12 1.5714 4 0 1.1379 1 0.1031 0.0656 1 1 23 11 0.6970 0.5238 1 1 0 0 0 0 2 0 0 0 1 0 1 3 3 4 5 3 2 4 5 5 6 2 1 1 1 1 1 1 2 1 1 1 
0 102 12839993 1 0 0 1 0 35 3 38 0 0 0 3 1 4 18 0.5625 21 11 32 10 1.9091 0 0 1 1 0.0656 0.0344 1 0 3 -7.0000 0.1429 -0.6364 1 0 0 0 0 0 1 0 0 0 1 0 2 2 4 2 4 4 3 5 6 6 8 3 0 3 0 2 0 2 0 1 0 0 
0 102 12839993 1 0 0 1 0 3 29 32 3 3 6 1 1 2 3 0.0938 11 26 37 15 2.3636 0 0 1 1 0.0344 0.0813 1 1 8 23 0.7273 0.8846 1 0 0 0 0 0 1 0 0 1 2 1 2 0 9 3 13 7 4 6 10 9 9 2 2 2 2 1 2 2 3 3 3 0 
0 102 12839993 1 0 0 1 0 7 6 13 2 2 4 1 2 3 3 0.0938 22 7 29 15 3.1429 1 0 1.0476 1 0.0688 0.0219 1 1 19 4 0.8636 0.5714 1 0 0 0 1 0 1 0 1 0 0 0 2 0 4 0 9 0 4 6 7 8 9 2 1 2 1 2 1 2 1 2 1 1 

0 103 12919992 1 0 1 0 0 8 4 12 3 3 6 1 1 2 5 0.1562 9 19 28 10 2.1111 0 0 1 1 0.0280 0.0590 1 1 4 14 0.4444 0.7368 1 0 0 0 0 0 1 0 0 0 0 0 2 0 7 0 6 0 3 4 7 7 7 2 1 2 1 1 1 1 2 1 2 1 
1 103 12919993 1 0 1 0 0 4 6 10 2.5000 2.5000 5 1 2 3 5 0.1562 27 7 34 20 3.8571 0 0 1 1 0.0839 0.0217 1 1 22 2 0.8148 0.2857 1 0 0 0 1 0 1 0 1 0 0 0 2 0 4 1 9 1 3 3 6 10 10 1 1 1 1 1 1 1 1 1 0 2 
1 103 12919993 0 1 1 0 0 20 35 55 0.5000 9.5000 10 1 3 4 11 0.3438 32 21 53 11 1.5238 0 0 1 1 0.0994 0.0652 1 1 21 10 0.6562 0.4762 1 0 0 0 0 1 1 0 0 1 2 0 1 0 5 2 5 7 3 5 4 8 12 1 1 1 1 1 1 1 1 2 1 2 
1 103 12919993 0 1 1 0 0 17 35 52 9.5000 25 34.5000 1 3 4 10 0.3125 33 21 54 12 1.5714 4 0 1.1379 1 0.1025 0.0652 1 1 23 11 0.6970 0.5238 1 1 0 0 0 0 2 0 0 0 1 0 1 3 5 3 5 3 2 4 5 5 6 2 1 1 1 1 1 1 2 1 1 1 
1 103 12919993 1 0 1 0 0 16 7 23 25 25 50 1 2 3 13 0.4062 26 22 48 4 1.1818 1 1 1.0400 1.0476 0.0807 0.0683 1 1 13 9 0.5000 0.4091 1 0 0 2 0 0 2 1 0 0 0 1 2 2 4 10 10 14 4 5 7 8 9 2 5 1 2 1 1 2 2 1 1 1 
1 103 12919993 1 0 0 1 0 35 3 38 0 0 0 3 1 4 18 0.5625 21 11 32 10 1.9091 0 0 1 1 0.0652 0.0342 1 0 3 -7.0000 0.1429 -0.6364 1 0 0 0 0 0 1 0 0 0 1 0 2 2 4 2 4 4 3 5 6 6 8 3 0 3 0 2 0 2 0 1 0 0 
1 103 12919993 1 0 0 1 0 3 29 32 3 3 6 1 1 2 3 0.0938 11 26 37 15 2.3636 0 0 1 1 0.0342 0.0807 1 1 8 23 0.7273 0.8846 1 0 0 0 0 0 1 0 0 1 2 1 2 0 9 3 13 7 4 6 10 9 9 2 2 2 2 1 2 2 3 3 3 0 
1 103 12919993 1 0 0 1 0 7 6 13 2 2 4 2 2 4 3 0.0938 22 7 29 15 3.1429 1 0 1.0476 1 0.0683 0.0217 1 1 19 4 0.8636 0.5714 1 0 0 0 1 0 1 0 1 0 0 0 2 0 4 0 9 0 4 6 7 8 9 2 1 2 1 2 1 2 1 2 1 1 

0 104 12879992 1 0 1 0 0 8 4 12 3 3 6 1 1 2 5 0.1562 9 19 28 10 2.1111 0 0 1 1 0.0280 0.0592 1 1 4 14 0.4444 0.7368 1 0 0 0 0 0 1 0 0 0 0 0 2 0 7 0 6 0 3 4 7 7 7 2 1 2 1 1 1 1 2 1 2 1 
0 104 12879993 1 0 1 0 0 4 6 10 2.5000 2.5000 5 1 2 3 5 0.1562 27 7 34 20 3.8571 0 0 1 1 0.0841 0.0218 1 1 22 2 0.8148 0.2857 1 0 0 0 1 0 1 0 1 0 0 0 2 0 4 1 9 1 3 3 6 10 10 1 1 1 1 1 1 1 1 1 0 2 
0 104 12879993 0 1 1 0 0 17 35 52 9.5000 25 34.5000 1 3 4 10 0.3125 33 21 54 12 1.5714 4 0 1.1379 1 0.1028 0.0654 1 1 23 11 0.6970 0.5238 1 1 0 0 0 0 2 0 0 0 1 0 1 3 4 4 5 3 2 4 5 5 6 2 1 1 1 1 1 1 2 1 1 1 
1 104 12879994 1 0 1 0 0 20 7 27 25 25 50 2 2 4 13 0.4062 33 22 55 11 1.5000 1 1 1.0312 1.0476 0.1028 0.0685 1 1 20 9 0.6061 0.4091 1 0 0 2 0 0 2 1 0 0 0 1 2 2 4 11 9 14 4 5 7 8 9 2 2 1 1 1 1 2 2 1 1 1 
0 104 12879993 1 0 0 1 0 35 3 38 0 0 0 3 1 4 18 0.5625 21 11 32 10 1.9091 0 0 1 1 0.0654 0.0343 1 0 3 -7.0000 0.1429 -0.6364 1 0 0 0 0 0 1 0 0 0 1 0 2 2 4 2 4 4 3 5 6 6 8 3 0 3 0 2 0 2 0 1 0 0 
0 104 12879993 1 0 0 1 0 3 29 32 3 3 6 1 1 2 3 0.0938 11 26 37 15 2.3636 0 0 1 1 0.0343 0.0810 1 1 8 23 0.7273 0.8846 1 0 0 0 0 0 1 0 0 1 2 1 2 0 9 3 13 7 4 6 10 9 9 2 2 2 2 1 2 2 3 3 3 0 
0 104 12879993 1 0 0 1 0 7 6 13 2 2 4 2 2 4 3 0.0938 22 7 29 15 3.1429 1 0 1.0476 1 0.0685 0.0218 1 1 19 4 0.8636 0.5714 1 0 0 0 1 0 1 0 1 0 0 0 2 0 4 0 9 0 4 6 7 8 9 2 1 2 1 2 1 2 1 2 1 1 
0 104 12879993 0 1 0 1 0 20 35 55 0.5000 9.5000 10 2 3 5 11 0.3438 33 21 54 12 1.5714 1 0 1.0312 1 0.1028 0.0654 1 1 22 10 0.6667 0.4762 1 0 0 0 0 1 1 0 0 1 2 0 1 0 4 3 5 7 3 5 4 8 12 2 1 2 1 2 1 1 1 1 1 1 

0 105 12879992 1 0 1 0 0 8 4 12 3 3 6 1 1 2 5 0.1562 9 19 28 10 2.1111 0 0 1 1 0.0280 0.0592 1 1 4 14 0.4444 0.7368 1 0 0 0 0 0 1 0 0 0 0 0 2 0 7 0 6 0 3 4 7 7 7 2 1 2 1 1 1 1 2 1 2 1 
0 105 12879992 1 0 1 0 0 4 6 10 2.5000 2.5000 5 1 2 3 5 0.1562 27 7 34 20 3.8571 0 0 1 1 0.0841 0.0218 1 1 22 2 0.8148 0.2857 1 0 1 0 0 0 1 1 0 0 0 0 2 0 4 4 6 2 3 3 6 10 10 1 1 1 1 1 1 1 1 1 0 2 
0 105 12879993 0 1 1 0 0 17 35 52 9.5000 25 34.5000 1 3 4 10 0.3125 33 21 54 12 1.5714 4 0 1.1379 1 0.1028 0.0654 1 1 23 11 0.6970 0.5238 1 1 0 0 0 0 2 0 0 0 1 0 1 3 4 3 6 2 2 4 5 5 6 2 1 1 1 1 1 1 2 1 1 1 
1 105 12879994 1 0 1 0 0 7 20 27 25 25 50 2 2 4 13 0.4062 22 33 55 11 1.5000 1 1 1.0476 1.0312 0.0685 0.1028 1 1 9 20 0.4091 0.6061 1 0 0 2 0 0 2 1 0 0 0 1 2 2 4 11 9 13 4 5 7 8 9 1 2 1 1 1 1 2 2 1 1 1 
0 105 12879993 0 1 1 0 0 7 6 13 1 2 3 2 2 4 4 0.1250 22 7 29 15 3.1429 1 0 1.0476 1 0.0685 0.0218 1 1 18 3 0.8182 0.4286 1 0 1 0 0 0 1 1 0 0 0 0 1 0 4 0 2 1 1 2 2 3 5 2 1 1 1 1 1 1 1 1 1 2 
0 105 12879993 1 0 0 1 0 35 3 38 0 0 0 3 1 4 18 0.5625 21 11 32 10 1.9091 0 0 1 1 0.0654 0.0343 1 0 3 -7.0000 0.1429 -0.6364 1 0 0 0 0 0 1 0 0 0 1 0 2 2 4 2 4 4 3 5 6 6 8 3 0 3 0 2 0 2 0 1 0 0 
0 105 12879993 1 0 0 1 0 3 29 32 3 3 6 1 1 2 3 0.0938 11 26 37 15 2.3636 0 0 1 1 0.0343 0.0810 1 1 8 23 0.7273 0.8846 1 0 0 0 0 0 1 0 0 1 2 1 2 0 9 3 13 7 4 6 10 9 9 2 2 2 2 1 2 2 3 3 3 0 
0 105 12879993 0 1 0 1 0 20 35 55 0.5000 9.5000 10 2 3 5 11 0.3438 33 21 54 12 1.5714 1 0 1.0312 1 0.1028 0.0654 1 1 22 10 0.6667 0.4762 1 0 0 0 0 1 1 0 0 1 2 0 1 0 4 3 5 6 3 5 4 8 12 2 1 2 1 2 1 1 1 1 1 1 

0 106 12919994 1 0 1 0 0 7 16 23 25 25 50 1 1 2 12 0.3750 21 25 46 4 1.1905 0 0 1 1 0.0652 0.0776 1 1 9 13 0.4286 0.5200 1 1 1 0 0 0 2 1 0 0 0 0 2 6 8 6 12 11 4 5 7 8 9 1 3 1 2 1 1 2 2 1 1 1 
0 106 12919995 0 1 1 0 0 17 35 52 9.5000 25 34.5000 2 2 4 11 0.3438 30 22 52 8 1.3636 1 1 1.0345 1.0476 0.0932 0.0683 1 1 19 11 0.6333 0.5000 2 0 0 0 0 0 2 0 0 0 0 0 2 1 5 3 4 2 2 4 5 5 6 3 2 1 1 1 1 1 2 1 1 1 
1 106 12919996 1 0 1 0 0 17 29 46 11 11 22 2 1 3 28 0.8750 30 29 59 1 1.0345 1 3 1.0345 1.1154 0.0932 0.0901 1 1 2 1 0.0667 0.0345 1 0 0 0 0 0 1 0 0 0 0 0 2 1 5 5 8 7 4 5 5 8 5 8 3 4 2 1 1 0 1 0 0 1 
1 106 12919996 1 0 0 1 0 35 20 55 9.5000 9.5000 19 2 1 3 11 0.3438 22 33 55 11 1.5000 1 1 1.0476 1.0312 0.0683 0.1025 1 1 11 22 0.5000 0.6667 2 0 1 0 0 0 2 1 0 0 0 0 2 4 9 10 7 7 3 6 7 7 9 2 3 2 1 2 1 1 1 1 1 1 

0 107 12919994 1 0 1 0 0 7 16 23 25 25 50 1 1 2 12 0.3750 21 25 46 4 1.1905 0 0 1 1 0.0652 0.0776 1 1 9 13 0.4286 0.5200 1 1 1 0 0 0 2 1 0 0 0 0 2 6 8 6 12 11 4 5 7 8 9 1 3 1 2 1 1 2 2 1 1 1 
0 107 12919995 0 1 1 0 0 17 35 52 9.5000 25 34.5000 2 2 4 11 0.3438 30 22 52 8 1.3636 1 1 1.0345 1.0476 0.0932 0.0683 1 1 19 11 0.6333 0.5000 2 0 0 0 0 0 2 0 0 0 0 0 2 1 5 3 4 2 2 4 5 5 6 3 2 1 1 1 1 1 2 1 1 1 
1 107 12919996 1 0 1 0 0 17 29 46 11 11 22 2 1 3 28 0.8750 30 29 59 1 1.0345 1 3 1.0345 1.1154 0.0932 0.0901 1 1 2 1 0.0667 0.0345 1 0 0 0 0 0 1 0 0 0 0 0 2 1 5 5 8 7 4 5 5 8 5 8 3 4 2 1 1 0 1 0 0 1 
1 107 12919996 1 0 0 1 0 35 20 55 9.5000 9.5000 19 2 1 3 11 0.3438 22 33 55 11 1.5000 1 1 1.0476 1.0312 0.0683 0.1025 1 1 11 22 0.5000 0.6667 2 0 1 0 0 0 2 1 0 0 0 0 2 4 9 10 7 7 3 6 7 7 9 2 3 2 1 2 1 1 1 1 1 1 

0 108 12919994 1 0 1 0 0 7 16 23 25 25 50 1 1 2 12 0.3750 21 25 46 4 1.1905 0 0 1 1 0.0652 0.0776 1 1 9 13 0.4286 0.5200 1 1 1 0 0 0 2 1 0 0 0 0 2 6 8 6 12 11 4 5 7 8 9 1 3 1 2 1 1 2 2 1 1 1 
0 108 12919995 0 1 1 0 0 17 35 52 9.5000 25 34.5000 2 2 4 11 0.3438 30 22 52 8 1.3636 1 1 1.0345 1.0476 0.0932 0.0683 1 1 19 11 0.6333 0.5000 2 0 0 0 0 0 2 0 0 0 0 0 2 1 5 3 4 2 2 4 5 5 6 3 2 1 1 1 1 1 2 1 1 1 
1 108 12919996 1 0 1 0 0 17 29 46 11 11 22 2 1 3 28 0.8750 30 29 59 1 1.0345 1 3 1.0345 1.1154 0.0932 0.0901 1 1 2 1 0.0667 0.0345 1 0 0 0 0 0 1 0 0 0 0 0 2 1 5 5 8 7 4 5 5 8 5 8 3 4 2 1 1 0 1 0 0 1 
1 108 12919996 1 0 0 1 0 35 20 55 9.5000 9.5000 19 2 1 3 11 0.3438 22 33 55 11 1.5000 1 1 1.0476 1.0312 0.0683 0.1025 1 1 11 22 0.5000 0.6667 2 0 1 0 0 0 2 1 0 0 0 0 2 4 9 10 7 7 3 6 7 7 9 2 3 2 1 2 1 1 1 1 1 1 

0 109 12879993 1 0 1 0 0 8 4 12 3 3 6 1 1 2 5 0.1562 9 19 28 10 2.1111 0 0 1 1 0.0280 0.0592 1 1 4 14 0.4444 0.7368 1 0 0 0 0 0 1 0 0 0 0 0 2 0 7 0 6 0 3 4 7 7 7 2 1 2 1 1 1 1 2 1 2 1 
0 109 12879991 1 0 1 0 0 7 16 23 25 25 50 1 1 2 12 0.3750 21 25 46 4 1.1905 0 0 1 1 0.0654 0.0779 1 1 9 13 0.4286 0.5200 1 0 1 1 0 0 1 2 0 0 0 0 2 6 5 9 11 12 4 5 7 8 9 1 3 1 2 1 1 2 2 1 1 1 
1 109 12879994 0 1 1 0 0 6 4 10 1 2.5000 3.5000 1 1 2 6 0.1875 8 27 35 19 3.3750 1 0 1.1429 1 0.0249 0.0841 1 1 2 21 0.2500 0.7778 1 0 0 0 0 0 1 0 0 0 0 0 1 0 1 0 6 0 1 3 5 5 6 1 1 1 1 1 1 1 1 1 0 1 
1 109 12879994 1 0 1 0 0 17 35 52 9.5000 9.5000 19 2 3 5 10 0.3125 30 21 51 9 1.4286 1 0 1.0345 1 0.0935 0.0654 1 1 20 11 0.6667 0.5238 1 1 0 1 0 0 2 1 0 0 0 0 2 4 10 8 8 12 3 6 7 7 9 2 3 1 2 1 1 1 1 1 2 1 
1 109 12879994 1 0 1 0 0 17 29 46 11 11 22 2 1 3 28 0.8750 30 29 59 1 1.0345 1 3 1.0345 1.1154 0.0935 0.0903 1 1 2 1 0.0667 0.0345 1 0 0 0 0 0 1 0 0 0 0 0 2 1 5 5 8 7 4 5 5 8 5 8 3 4 2 1 1 0 1 0 0 1 
1 109 12879994 1 0 0 1 0 35 3 38 0 0 0 3 1 4 18 0.5625 21 11 32 10 1.9091 0 0 1 1 0.0654 0.0343 1 0 3 -7.0000 0.1429 -0.6364 1 0 0 0 0 0 1 0 0 0 0 0 2 2 4 2 4 4 3 5 6 6 8 3 0 3 0 2 0 2 0 1 0 0 
1 109 12879994 0 1 0 1 0 20 35 55 0.5000 9.5000 10 1 3 4 11 0.3438 33 21 54 12 1.5714 1 0 1.0312 1 0.1028 0.0654 1 1 22 10 0.6667 0.4762 1 0 0 0 0 1 1 0 0 0 1 0 1 0 4 4 7 6 3 5 4 8 12 2 1 2 1 2 1 1 1 1 1 1 

