0 1 306 1 0 1 0 0 0 0 0 0 0 0 1 1 2 9 0.3333 12 4 16 8 3 0 0 1 1 0.0392 0.0131 1 0 3 -5.0000 0.2500 -1.2500 1 0 0 0 0 0 1 0 0 0 0 0 2 2 5 6 5 9 4 5 5 8 5 3 0 2 0 1 0 1 0 1 0 6 
0 1 306 1 0 1 0 0 0 0 0 0 0 0 2 1 3 6 0.2222 13 6 19 7 2.1667 0 0 1 1 0.0425 0.0196 1 0 7 0 0.5385 0 1 0 0 0 0 0 1 0 0 0 1 0 2 3 3 4 3 4 3 4 7 8 7 1 0 2 0 1 0 1 0 2 0 2 
0 1 306 0 1 1 0 0 0 0 0 0 0 0 2 1 3 2 0.0741 13 14 27 1 1.0769 0 0 1 1 0.0425 0.0458 1 1 11 12 0.8462 0.8571 1 0 0 0 0 0 1 0 0 0 0 0 1 0 1 0 4 0 2 4 4 7 7 1 1 1 1 1 1 1 1 1 1 2 
1 1 307 1 0 1 0 0 0 0 0 0 0 0 2 1 3 12 0.4444 28 28 56 0 1 0 0 1 1 0.0915 0.0915 1 1 16 16 0.5714 0.5714 1 0 0 0 0 0 1 0 0 1 0 0 2 0 4 4 12 2 3 5 7 8 8 2 2 2 1 1 1 1 2 2 2 1 
0 1 306 1 0 1 0 0 0 0 0 0 0 0 2 1 3 15 0.5556 28 25 53 3 1.1200 0 0 1 1 0.0915 0.0817 1 1 13 10 0.4643 0.4000 1 0 0 0 0 0 1 0 0 1 0 0 2 0 7 4 7 2 4 5 7 8 9 1 1 2 1 1 1 1 1 1 1 1 
0 1 306 1 0 0 1 0 0 0 0 0 0 0 1 1 2 12 0.4444 15 28 43 13 1.8667 0 0 1 1 0.0490 0.0915 1 1 3 16 0.2000 0.5714 1 0 0 0 0 0 1 0 0 0 0 0 2 0 4 0 4 2 4 5 5 8 10 1 2 1 2 1 2 2 2 1 2 0 
0 1 306 0 1 0 1 0 0 0 0 0 0 0 1 1 2 13 0.4815 25 19 44 6 1.3158 0 0 1 1 0.0817 0.0621 1 1 12 6 0.4800 0.3158 1 0 0 0 0 0 1 0 0 0 0 0 1 0 2 2 3 2 2 5 5 7 10 2 2 2 1 2 1 3 1 4 1 0 

0 2 307 1 0 1 0 0 0 0 0 0 0 0 1 1 2 9 0.3214 12 4 16 8 3 0 0 1 1 0.0391 0.0130 1 0 3 -5.0000 0.2500 -1.2500 1 0 0 0 0 0 1 0 0 0 0 0 2 2 5 6 5 9 4 5 5 8 5 3 0 2 0 1 0 1 0 1 0 6 
0 2 307 1 0 1 0 0 0 0 0 0 0 0 2 1 3 6 0.2143 13 6 19 7 2.1667 0 0 1 1 0.0423 0.0195 1 0 7 0 0.5385 0 1 0 0 0 0 0 1 0 0 0 1 0 2 3 3 4 3 4 3 4 7 8 7 1 0 2 0 1 0 1 0 2 0 2 
0 2 307 0 1 1 0 0 0 0 0 0 0 0 2 1 3 2 0.0714 13 14 27 1 1.0769 0 0 1 1 0.0423 0.0456 1 1 11 12 0.8462 0.8571 1 0 0 0 0 0 1 0 0 0 0 0 1 0 1 0 4 0 2 4 4 7 7 1 1 1 1 1 1 1 1 1 1 2 
1 2 308 1 0 1 0 0 1 0 1 0 0 0 2 1 3 15 0.5357 28 25 53 3 1.1200 0 0 1 1 0.0912 0.0814 1 1 13 10 0.4643 0.4000 1 0 0 0 1 0 1 0 1 0 0 0 2 0 7 4 7 6 4 5 7 8 9 1 1 2 1 1 1 1 1 1 1 1 
0 2 307 0 1 1 0 0 1 1 2 0 1 1 1 2 3 13 0.4643 29 28 57 1 1.0357 1 0 1.0357 1 0.0945 0.0912 1 1 16 15 0.5517 0.5357 1 0 0 0 1 0 1 0 1 0 0 0 1 2 6 1 4 1 2 2 3 4 7 2 3 1 1 1 1 2 2 1 2 1 
0 2 307 1 0 0 1 0 0 0 0 0 0 0 1 1 2 12 0.4286 15 28 43 13 1.8667 0 0 1 1 0.0489 0.0912 1 1 3 16 0.2000 0.5714 1 0 0 0 0 0 1 0 0 0 0 0 2 0 4 0 4 2 4 5 5 8 10 1 2 1 2 1 2 2 2 1 2 0 
0 2 307 0 1 0 1 0 0 0 0 0 0 0 1 1 2 13 0.4643 25 19 44 6 1.3158 0 0 1 1 0.0814 0.0619 1 1 12 6 0.4800 0.3158 1 0 0 0 0 0 1 0 0 0 0 0 1 0 2 2 3 2 2 5 5 7 10 2 2 2 1 2 1 3 1 4 1 0 

