0 1 10 32 0 358 345 13 15 1 0 1 0 0 0 0 0 0 1 5 17 0.5312 20 12 0.0559 0.0335 1 0 3 -5.0000 0.1500 -0.4167 1 0 0 0 0 0 1 0 0 0 1 1 2 2 4 4 6 7 3 6 8 10 8 
0 1 11 32 0 358 345 13 15 1 0 1 0 0 0 0 0 0 1 4 29 0.9062 31 23 0.0866 0.0642 1 0 2 -6.0000 0.0645 -0.2609 1 0 0 0 0 0 1 0 0 0 0 0 2 3 4 6 5 7 4 4 5 6 7 
0 1 12 32 0 358 345 13 15 1 0 1 0 0 0 0 0 0 4 5 4 0.1250 23 12 0.0642 0.0335 1 1 19 8 0.8261 0.6667 1 0 1 0 1 1 1 1 2 0 0 0 2 0 4 4 4 8 4 3 5 8 9 
0 1 12 32 0 358 345 13 15 1 0 1 0 0 0 0 0 0 4 5 6 0.1875 23 12 0.0642 0.0335 1 1 17 6 0.7391 0.5000 1 1 0 0 1 0 2 0 1 1 0 1 2 2 4 6 5 4 4 4 6 7 10 
0 1 9 32 0 358 345 13 15 1 0 1 0 0 0 0 0 0 2 7 12 0.3750 17 21 0.0475 0.0587 1 1 5 9 0.2941 0.4286 3 0 1 0 1 0 3 1 2 1 1 0 3 0 6 1 6 3 3 4 8 9 7 
0 1 10 32 0 358 345 13 15 1 0 1 0 0 0 0 0 0 2 6 12 0.3750 17 23 0.0475 0.0642 1 1 5 11 0.2941 0.4783 3 0 1 0 1 0 3 1 2 1 1 0 3 0 6 1 6 3 3 4 8 9 7 
0 1 9 32 0 358 345 13 15 1 0 1 0 0 0 0 0 0 2 7 6 0.1875 9 21 0.0251 0.0587 1 1 3 15 0.3333 0.7143 1 0 0 0 0 0 1 0 0 0 1 0 2 0 4 0 7 1 2 5 8 10 16 
0 1 9 32 0 358 345 13 15 1 0 1 0 0 0 0 0 0 7 6 12 0.3750 21 23 0.0587 0.0642 1 1 9 11 0.4286 0.4783 3 0 1 0 1 0 3 1 2 1 1 0 3 0 6 1 6 3 3 4 8 9 7 
0 1 9 32 0 358 345 13 15 1 0 1 0 0 0 0 0 0 7 6 13 0.4062 21 23 0.0587 0.0642 1 1 8 10 0.3810 0.4348 1 0 4 0 1 0 1 4 1 2 0 0 2 0 7 3 6 2 2 4 7 9 9 
0 1 9 32 0 358 345 13 15 1 0 1 0 0 0 0 0 0 7 6 14 0.4375 21 23 0.0587 0.0642 1 1 7 9 0.3333 0.3913 1 0 2 0 4 0 1 2 4 0 1 0 2 1 4 3 9 2 3 5 5 7 11 
0 1 9 32 0 358 345 13 15 1 0 1 0 0 0 0 0 0 7 6 15 0.4688 21 23 0.0587 0.0642 1 1 6 8 0.2857 0.3478 1 0 2 0 1 0 1 2 1 3 0 1 2 2 4 2 4 2 3 4 6 7 6 
0 1 9 32 0 358 345 13 15 1 0 1 0 0 0 0 0 0 7 6 16 0.5000 21 23 0.0587 0.0642 1 1 5 7 0.2381 0.3043 1 0 1 0 1 0 1 1 1 1 3 0 2 2 4 2 4 2 3 5 6 5 7 
0 1 12 32 0 358 345 13 15 1 0 0 1 0 0 0 0 0 4 5 3 0.0938 23 12 0.0642 0.0335 1 1 20 9 0.8696 0.7500 1 0 1 0 0 0 1 1 0 2 0 0 2 0 4 4 4 2 3 6 6 7 10 
1 1 14 32 0 358 345 13 15 1 0 0 1 0 0 0 0 0 2 1 2 0.0625 9 22 0.0251 0.0615 1 1 7 20 0.7778 0.9091 1 0 0 0 0 0 1 0 3 1 2 1 2 0 4 2 4 2 4 6 6 7 11 
0 1 12 32 0 358 345 13 15 0 1 0 1 0 0 0 0 0 5 1 7 0.2188 12 19 0.0335 0.0531 1 1 5 12 0.4167 0.6316 1 1 0 0 0 1 2 0 1 1 0 0 1 2 4 2 2 9 3 3 5 6 9 

0 2 4 32 1 359 346 13 9 1 0 1 0 0 0 0 0 0 1 5 17 0.5312 20 12 0.0557 0.0334 1 0 3 -5.0000 0.1500 -0.4167 1 0 0 0 0 0 1 0 0 0 1 1 2 2 4 4 6 7 3 6 8 10 8 
0 2 5 32 1 359 346 13 9 1 0 1 0 0 0 0 0 0 1 4 29 0.9062 31 23 0.0864 0.0641 1 0 2 -6.0000 0.0645 -0.2609 1 0 0 0 0 0 1 0 0 0 0 0 2 3 4 6 5 7 4 4 5 6 7 
0 2 6 32 1 359 346 13 9 1 0 1 0 0 0 0 0 0 4 5 4 0.1250 23 12 0.0641 0.0334 1 1 19 8 0.8261 0.6667 1 0 1 0 1 1 1 1 2 0 0 0 2 0 4 4 4 8 4 3 5 8 9 
0 2 6 32 1 359 346 13 9 1 0 1 0 0 0 0 0 0 4 5 6 0.1875 23 12 0.0641 0.0334 1 1 17 6 0.7391 0.5000 1 1 0 0 1 0 2 0 1 1 0 1 2 2 4 6 5 4 4 4 6 7 10 
1 2 10 32 1 359 346 13 9 1 0 1 0 0 1 0 1 1 1 1 12 0.3750 17 23 0.0474 0.0641 1 1 5 11 0.2941 0.4783 1 0 0 0 0 0 1 0 1 0 0 0 2 2 5 2 5 4 3 4 8 9 7 
0 2 6 32 1 359 346 13 9 1 0 0 1 0 0 0 0 0 4 5 3 0.0938 23 12 0.0641 0.0334 1 1 20 9 0.8696 0.7500 1 0 1 0 0 0 1 1 0 2 0 0 2 0 4 4 4 2 3 6 6 7 10 
0 2 8 32 1 359 346 13 9 1 0 0 1 0 0 0 0 0 2 1 2 0.0625 9 22 0.0251 0.0613 1 1 7 20 0.7778 0.9091 1 0 0 0 0 0 1 0 1 0 1 0 2 0 4 2 4 2 4 6 6 7 11 
0 2 6 32 1 359 346 13 9 0 1 0 1 0 0 0 0 0 5 1 7 0.2188 12 19 0.0334 0.0529 1 1 5 12 0.4167 0.6316 1 1 0 0 0 1 2 0 1 1 0 0 1 2 4 2 2 9 3 3 5 6 9 
0 2 8 32 1 359 346 13 9 1 0 0 1 0 1 0 0 0 1 2 6 0.1875 22 9 0.0613 0.0251 1 1 16 3 0.7273 0.3333 1 0 0 0 0 0 1 0 0 0 1 0 2 0 4 0 7 1 2 5 8 10 16 

0 3 10 32 1 360 346 14 15 1 0 1 0 0 0 0 0 0 1 5 17 0.5312 20 12 0.0556 0.0333 1 0 3 -5.0000 0.1500 -0.4167 1 0 0 0 0 0 1 0 0 0 1 1 2 2 4 4 6 7 3 6 8 10 8 
0 3 11 32 1 360 346 14 15 1 0 1 0 0 0 0 0 0 1 4 29 0.9062 31 23 0.0861 0.0639 1 0 2 -6.0000 0.0645 -0.2609 1 0 0 0 0 0 1 0 0 0 0 0 2 3 4 6 5 7 4 4 5 6 7 
0 3 12 32 1 360 346 14 15 1 0 1 0 0 0 0 0 0 4 5 4 0.1250 23 12 0.0639 0.0333 1 1 19 8 0.8261 0.6667 1 0 1 0 1 1 1 1 2 0 0 0 2 0 4 4 4 8 4 3 5 8 9 
0 3 12 32 1 360 346 14 15 1 0 1 0 0 0 0 0 0 4 5 6 0.1875 23 12 0.0639 0.0333 1 1 17 6 0.7391 0.5000 1 1 0 0 1 0 2 0 1 1 0 1 2 2 4 6 5 4 4 4 6 7 10 
0 3 10 32 1 360 346 14 15 1 0 1 0 0 0 1 0 0 2 7 6 0.1875 9 21 0.0250 0.0583 1 1 3 15 0.3333 0.7143 1 0 0 0 0 0 1 0 0 0 1 0 2 0 4 0 7 1 2 5 8 10 16 
0 3 10 32 1 360 346 14 15 1 0 1 0 0 1 0 1 1 7 6 12 0.3750 21 23 0.0583 0.0639 1 1 9 11 0.4286 0.4783 1 2 1 0 1 0 3 1 2 1 1 0 2 2 5 2 5 4 3 4 8 9 7 
0 3 10 32 1 360 346 14 15 1 0 1 0 0 1 0 0 0 7 6 13 0.4062 21 23 0.0583 0.0639 1 1 8 10 0.3810 0.4348 3 0 2 0 1 0 3 2 1 2 0 0 2 2 5 4 5 3 2 4 7 9 9 
0 3 10 32 1 360 346 14 15 1 0 1 0 0 1 0 0 0 7 6 14 0.4375 21 23 0.0583 0.0639 1 1 7 9 0.3333 0.3913 1 0 4 0 2 0 1 4 2 0 1 0 2 1 4 6 6 3 3 5 5 7 11 
0 3 10 32 1 360 346 14 15 1 0 1 0 0 1 0 0 0 7 6 15 0.4688 21 23 0.0583 0.0639 1 1 6 8 0.2857 0.3478 1 0 2 0 3 0 1 2 3 1 0 1 2 2 4 2 4 6 3 4 6 7 6 
0 3 10 32 1 360 346 14 15 1 0 1 0 0 1 0 0 0 7 6 16 0.5000 21 23 0.0583 0.0639 1 1 5 7 0.2381 0.3043 1 0 1 0 1 0 1 1 1 3 1 0 2 2 4 2 4 2 3 5 6 5 7 
0 3 10 32 1 360 346 14 15 0 1 1 0 0 1 1 0 1 2 7 13 0.4062 18 21 0.0500 0.0583 1 1 5 8 0.2778 0.3810 3 0 1 0 1 0 3 1 1 1 0 0 2 0 2 3 2 2 1 2 4 3 4 
0 3 10 32 1 360 346 14 15 0 1 1 0 0 1 0 0 1 2 6 13 0.4062 18 23 0.0500 0.0639 1 1 5 10 0.2778 0.4348 3 0 1 0 1 0 3 1 1 1 0 0 2 0 2 3 2 2 1 2 4 3 4 
0 3 12 32 1 360 346 14 15 1 0 0 1 0 0 0 0 0 4 5 3 0.0938 23 12 0.0639 0.0333 1 1 20 9 0.8696 0.7500 1 0 1 0 0 0 1 1 0 2 0 0 2 0 4 4 4 2 3 6 6 7 10 
1 3 14 32 1 360 346 14 15 1 0 0 1 0 0 0 0 0 2 1 2 0.0625 9 22 0.0250 0.0611 1 1 7 20 0.7778 0.9091 1 0 0 0 0 0 1 0 3 1 2 1 2 0 4 2 4 2 4 6 6 7 11 
0 3 12 32 1 360 346 14 15 0 1 0 1 0 0 0 0 0 5 1 7 0.2188 12 19 0.0333 0.0528 1 1 5 12 0.4167 0.6316 1 1 0 0 0 1 2 0 1 1 0 0 1 2 4 2 2 9 3 3 5 6 9 

0 4 5 32 2 359 347 12 9 1 0 1 0 0 0 0 0 0 1 4 29 0.9062 31 23 0.0864 0.0641 1 0 2 -6.0000 0.0645 -0.2609 1 0 0 0 0 0 1 0 0 0 0 0 2 3 4 6 5 7 4 4 5 6 7 
0 4 6 32 2 359 347 12 9 1 0 1 0 0 0 1 0 0 4 5 4 0.1250 23 12 0.0641 0.0334 1 1 19 8 0.8261 0.6667 1 0 1 0 1 1 1 1 2 0 0 0 2 0 4 4 4 8 4 3 5 8 9 
0 4 6 32 2 359 347 12 9 1 0 1 0 0 0 1 0 0 4 5 6 0.1875 23 12 0.0641 0.0334 1 1 17 6 0.7391 0.5000 1 1 0 0 1 0 2 0 1 1 0 1 2 2 4 6 5 4 4 4 6 7 10 
1 4 10 32 2 359 347 12 9 1 0 1 0 0 1 0 1 1 1 1 12 0.3750 17 23 0.0474 0.0641 1 1 5 11 0.2941 0.4783 1 0 0 0 0 0 1 0 1 0 0 0 2 2 5 2 5 4 3 4 8 9 7 
0 4 4 32 2 359 347 12 9 1 0 1 0 0 1 1 1 1 1 5 18 0.5625 21 12 0.0585 0.0334 1 0 3 -6.0000 0.1429 -0.5000 1 0 0 0 0 0 1 0 0 0 1 1 2 2 4 3 6 9 3 6 8 10 8 
0 4 6 32 2 359 347 12 9 1 0 0 1 0 0 1 0 0 4 5 3 0.0938 23 12 0.0641 0.0334 1 1 20 9 0.8696 0.7500 1 0 1 0 0 0 1 1 0 2 0 0 2 0 4 4 4 2 3 6 6 7 10 
0 4 8 32 2 359 347 12 9 1 0 0 1 0 0 0 0 0 2 1 2 0.0625 9 22 0.0251 0.0613 1 1 7 20 0.7778 0.9091 1 0 0 0 0 0 1 0 1 0 1 0 2 0 4 2 4 2 4 6 6 7 11 
0 4 6 32 2 359 347 12 9 0 1 0 1 0 1 0 0 0 5 1 7 0.2188 12 19 0.0334 0.0529 1 1 5 12 0.4167 0.6316 1 1 0 0 0 1 2 0 1 1 0 0 1 2 4 2 2 9 3 3 5 6 9 
0 4 8 32 2 359 347 12 9 1 0 0 1 0 1 0 0 0 1 2 6 0.1875 22 9 0.0613 0.0251 1 1 16 3 0.7273 0.3333 1 0 0 0 0 0 1 0 0 0 1 0 2 0 4 0 7 1 2 5 8 10 16 

0 5 4 32 3 359 348 11 8 1 0 1 0 0 0 0 0 0 1 4 29 0.9062 31 23 0.0864 0.0641 1 0 2 -6.0000 0.0645 -0.2609 1 0 0 0 0 0 1 0 0 0 0 0 2 3 4 6 5 7 4 4 5 6 7 
0 5 5 32 3 359 348 11 8 1 0 1 0 0 0 2 0 0 4 4 4 0.1250 23 12 0.0641 0.0334 1 1 19 8 0.8261 0.6667 1 0 1 0 1 1 1 1 2 0 0 0 2 0 4 4 4 8 4 3 5 8 9 
0 5 5 32 3 359 348 11 8 1 0 1 0 0 0 2 0 0 4 4 6 0.1875 23 12 0.0641 0.0334 1 1 17 6 0.7391 0.5000 1 1 0 0 1 0 2 0 1 1 0 0 2 2 4 6 5 4 4 4 6 7 10 
1 5 9 32 3 359 348 11 8 1 0 1 0 0 1 0 1 1 1 1 12 0.3750 17 23 0.0474 0.0641 1 1 5 11 0.2941 0.4783 1 0 0 0 0 0 1 0 1 0 0 0 2 2 5 2 5 4 3 4 8 9 7 
0 5 5 32 3 359 348 11 8 1 0 0 1 0 0 2 0 0 4 4 3 0.0938 23 12 0.0641 0.0334 1 1 20 9 0.8696 0.7500 1 0 1 0 0 0 1 1 0 2 0 0 2 0 4 4 4 2 3 6 6 7 10 
0 5 7 32 3 359 348 11 8 1 0 0 1 0 0 0 0 0 2 1 2 0.0625 9 22 0.0251 0.0613 1 1 7 20 0.7778 0.9091 1 0 0 0 0 0 1 0 1 0 1 0 2 0 4 2 4 2 4 6 6 7 11 
0 5 5 32 3 359 348 11 8 0 1 0 1 0 2 0 0 0 4 1 7 0.2188 12 19 0.0334 0.0529 1 1 5 12 0.4167 0.6316 1 1 0 0 0 1 2 0 1 1 0 0 1 2 4 2 2 9 3 3 5 6 9 
0 5 7 32 3 359 348 11 8 1 0 0 1 0 1 0 0 0 1 2 6 0.1875 22 9 0.0613 0.0251 1 1 16 3 0.7273 0.3333 1 0 0 0 0 0 1 0 0 0 1 0 2 0 4 0 7 1 2 5 8 10 16 

1 6 5 32 4 359 356 3 4 1 0 1 0 0 1 0 1 1 1 1 12 0.3750 17 23 0.0474 0.0641 1 1 5 11 0.2941 0.4783 1 0 0 0 0 0 1 0 1 0 0 0 2 2 5 2 5 4 3 4 8 9 7 
0 6 3 32 4 359 356 3 4 1 0 0 1 0 0 0 0 0 2 1 2 0.0625 9 22 0.0251 0.0613 1 1 7 20 0.7778 0.9091 1 0 0 0 0 0 1 0 1 0 1 0 2 0 4 2 4 2 4 6 6 7 11 
0 6 3 32 4 359 356 3 4 0 1 0 1 0 2 0 0 0 1 1 7 0.2188 12 19 0.0334 0.0529 1 1 5 12 0.4167 0.6316 1 0 0 0 0 0 1 0 0 0 0 0 1 0 4 3 4 8 3 3 5 6 9 
0 6 3 32 4 359 356 3 4 1 0 0 1 0 1 0 0 0 1 2 6 0.1875 22 9 0.0613 0.0251 1 1 16 3 0.7273 0.3333 1 0 0 0 0 0 1 0 0 0 1 0 2 0 4 0 7 1 2 5 8 10 16 

1 7 4 32 5 359 356 3 3 1 0 1 0 0 1 0 1 1 1 1 12 0.3750 17 23 0.0474 0.0641 1 1 5 11 0.2941 0.4783 1 0 0 0 0 0 1 0 0 0 0 0 2 2 5 2 5 4 3 4 8 9 7 
0 7 2 32 5 359 356 3 3 0 1 0 1 0 2 0 0 0 1 1 7 0.2188 12 19 0.0334 0.0529 1 1 5 12 0.4167 0.6316 1 0 0 0 0 0 1 0 0 0 0 0 1 0 4 3 4 8 3 3 5 6 9 
0 7 3 32 5 359 356 3 3 1 0 0 1 0 1 1 0 0 1 1 6 0.1875 9 22 0.0251 0.0613 1 1 3 16 0.3333 0.7273 1 0 0 0 0 0 1 0 0 0 0 0 2 0 4 0 7 1 2 5 8 10 16 

1 8 3 32 6 359 356 3 2 1 0 1 0 0 1 0 1 1 1 1 12 0.3750 17 23 0.0474 0.0641 1 1 5 11 0.2941 0.4783 1 0 0 0 0 0 1 0 0 0 0 0 2 2 5 2 5 4 3 4 8 9 7 
0 8 2 32 6 359 356 3 2 1 0 0 1 0 1 1 0 0 1 1 6 0.1875 9 22 0.0251 0.0613 1 1 3 16 0.3333 0.7273 1 0 0 0 0 0 1 0 0 0 0 0 2 0 4 0 7 1 2 5 8 10 16 

1 9 3 32 7 359 356 3 2 1 0 1 0 0 1 0 1 1 1 1 12 0.3750 17 23 0.0474 0.0641 1 1 5 11 0.2941 0.4783 1 0 0 0 0 0 1 0 0 0 0 0 2 2 4 3 4 5 3 4 8 9 7 
0 9 2 32 7 359 356 3 2 0 1 1 0 0 2 2 0 1 1 1 7 0.2188 22 9 0.0613 0.0251 1 1 15 2 0.6818 0.2222 1 0 0 0 0 0 1 0 0 0 0 0 1 0 1 1 1 7 3 5 5 8 11 

1 10 3 32 8 360 357 3 2 1 0 1 0 0 1 0 1 1 1 1 12 0.3750 17 23 0.0472 0.0639 1 1 5 11 0.2941 0.4783 1 0 0 0 0 0 1 0 0 0 0 0 2 2 4 3 4 5 3 4 8 9 7 
0 10 2 32 8 360 357 3 2 1 0 1 0 0 3 3 1.5000 1.5000 1 1 7 0.2188 10 22 0.0278 0.0611 1 1 3 15 0.3000 0.6818 1 0 0 0 0 0 1 0 0 0 0 0 2 1 3 3 3 4 2 5 8 10 16 

1 11 2 32 8 359 357 2 2 1 0 1 0 0 1 0 1 1 1 1 12 0.3750 17 23 0.0474 0.0641 1 1 5 11 0.2941 0.4783 1 0 0 0 0 0 1 0 0 0 0 0 2 0 7 1 6 3 3 4 8 9 7 
0 11 1 32 8 359 357 2 2 1 0 1 0 0 3 3 0.5000 0.5000 1 1 7 0.2188 23 9 0.0641 0.0251 1 1 16 2 0.6957 0.2222 1 0 0 0 0 0 1 0 0 0 0 0 2 1 3 2 5 8 4 6 7 11 15 

1 12 3 32 7 360 357 3 2 1 0 1 0 0 3 2 2.5000 2.5000 1 1 12 0.3750 17 23 0.0472 0.0639 1 1 5 11 0.2941 0.4783 1 0 0 0 0 0 1 0 0 0 0 1 2 2 5 2 5 4 3 4 8 9 7 
0 12 2 32 7 360 357 3 2 0 1 0 1 0 4 4 0 1.5000 1 1 7 0.2188 10 22 0.0278 0.0611 1 1 3 15 0.3000 0.6818 1 0 0 0 0 0 1 0 0 0 0 1 1 0 3 0 3 1 2 3 5 9 9 

0 13 6 32 4 361 349 12 9 1 0 1 0 0 1 3 0 0 4 4 4 0.1250 23 12 0.0637 0.0332 1 1 19 8 0.8261 0.6667 1 0 1 0 1 1 1 1 2 0 0 0 2 0 4 4 4 8 4 3 5 8 9 
0 13 6 32 4 361 349 12 9 1 0 1 0 0 1 3 0.5000 0.5000 4 4 6 0.1875 23 12 0.0637 0.0332 1 1 17 6 0.7391 0.5000 1 1 0 0 1 0 2 0 1 1 0 0 2 2 4 6 5 4 4 4 6 7 10 
1 13 10 32 4 361 349 12 9 1 0 1 0 0 3 2 2.5000 2.5000 1 1 12 0.3750 17 23 0.0471 0.0637 1 1 5 11 0.2941 0.4783 1 0 0 0 0 0 1 0 1 0 0 0 2 2 5 2 5 4 3 4 8 9 7 
0 13 5 32 4 361 349 12 9 1 0 1 0 0 1 1 1 1 2 4 30 0.9375 32 23 0.0886 0.0637 1 0 2 -7.0000 0.0625 -0.3043 1 0 1 0 0 0 1 1 0 0 0 0 2 2 7 4 6 7 4 4 5 6 7 
0 13 6 32 4 361 349 12 9 1 0 0 1 0 1 3 0 0 4 4 3 0.0938 23 12 0.0637 0.0332 1 1 20 9 0.8696 0.7500 1 0 1 0 0 0 1 1 0 2 0 0 2 0 4 4 4 2 3 6 6 7 10 
0 13 8 32 4 361 349 12 9 1 0 0 1 0 4 1 1 1 2 1 2 0.0625 9 22 0.0249 0.0609 1 1 7 20 0.7778 0.9091 1 0 0 0 0 0 1 0 1 0 1 0 2 0 4 2 4 2 4 6 6 7 11 
0 13 6 32 4 361 349 12 9 0 1 0 1 0 3 1 0.5000 0.5000 4 1 7 0.2188 12 19 0.0332 0.0526 1 1 5 12 0.4167 0.6316 1 1 0 0 0 1 2 0 1 1 0 0 1 2 4 2 2 9 3 3 5 6 9 
0 13 8 32 4 361 349 12 9 1 0 0 1 0 4 4 1.5000 1.5000 1 2 6 0.1875 22 9 0.0609 0.0249 1 1 16 3 0.7273 0.3333 1 0 0 0 0 0 1 0 0 0 1 0 2 0 4 0 7 1 2 5 8 10 16 
0 13 8 32 4 361 349 12 9 1 0 0 1 0 1 0 0 0 2 1 29 0.9062 32 33 0.0886 0.0914 1 1 3 4 0.0938 0.1212 1 0 1 0 0 0 1 1 0 0 0 0 2 2 5 3 5 5 3 5 4 6 6 

