1 1 9 29 0 324 322 2 9 0 1 1 0 0 0 0 0 0 1 1 15 0.5172 26 29 0.0802 0.0895 1 1 11 14 0.4231 0.4828 1 0 0 0 0 0 1 0 0 0 0 0 1 0 2 2 4 6 2 3 6 7 9 
0 1 8 29 0 324 322 2 9 1 0 0 1 0 0 0 0 0 1 1 22 0.7586 26 22 0.0802 0.0679 1 0 4 0 0.1538 0 1 0 0 0 0 0 1 0 0 2 1 1 2 2 3 2 3 6 4 6 9 9 13 
0 1 6 29 0 324 322 2 9 0 1 0 1 0 0 0 0 0 1 5 14 0.4828 25 19 0.0772 0.0586 1 1 11 5 0.4400 0.2632 1 0 0 0 0 0 1 0 0 0 0 0 1 0 1 4 1 1 3 3 3 3 3 
0 1 4 29 0 324 322 2 9 1 0 0 1 0 0 0 0 0 1 5 3 0.1034 13 17 0.0401 0.0525 1 1 10 14 0.7692 0.8235 1 0 0 0 0 0 1 0 0 1 1 2 2 0 4 0 5 0 4 6 8 10 12 
0 1 6 29 0 324 322 2 9 1 0 0 1 0 0 0 0 0 5 5 6 0.2069 17 19 0.0525 0.0586 1 1 11 13 0.6471 0.6842 1 0 1 0 1 0 1 1 1 2 0 0 2 0 4 0 9 1 3 7 6 9 13 
0 1 6 29 0 324 322 2 9 1 0 0 1 0 0 0 0 0 5 5 7 0.2414 17 19 0.0525 0.0586 1 1 10 12 0.5882 0.6316 1 0 2 0 1 0 1 2 1 0 1 1 2 0 4 0 7 1 4 4 7 9 9 
0 1 6 29 0 324 322 2 9 1 0 0 1 0 0 0 0 0 5 5 8 0.2759 17 19 0.0525 0.0586 1 1 9 11 0.5294 0.5789 1 0 2 0 1 0 1 2 1 0 1 2 2 0 4 0 7 1 3 6 7 7 9 
0 1 6 29 0 324 322 2 9 1 0 0 1 0 0 0 0 0 5 5 9 0.3103 17 19 0.0525 0.0586 1 1 8 10 0.4706 0.5263 1 0 1 0 1 0 1 1 1 2 1 0 2 0 4 0 10 1 4 7 6 7 10 
0 1 8 29 0 324 322 2 9 1 0 0 1 0 0 0 0 0 1 1 8 0.2759 25 20 0.0772 0.0617 1 1 17 12 0.6800 0.6000 1 0 0 0 0 0 1 0 0 0 0 0 2 1 4 3 9 2 3 6 5 7 9 

1 2 8 29 1 324 322 2 8 0 1 1 0 0 0 0 0 0 1 1 15 0.5172 26 29 0.0802 0.0895 1 1 11 14 0.4231 0.4828 1 0 0 0 0 0 1 0 0 0 0 0 1 0 2 2 4 6 2 3 6 7 9 
0 2 7 29 1 324 322 2 8 1 0 0 1 0 0 0 0 0 1 1 22 0.7586 26 22 0.0802 0.0679 1 0 4 0 0.1538 0 1 0 0 0 0 0 1 0 0 2 1 1 2 2 3 2 3 6 4 6 9 9 13 
0 2 5 29 1 324 322 2 8 0 1 0 1 0 0 0 0 0 1 5 14 0.4828 25 19 0.0772 0.0586 1 1 11 5 0.4400 0.2632 1 0 0 0 0 0 1 0 0 0 0 0 1 0 1 4 1 1 3 3 3 3 3 
0 2 5 29 1 324 322 2 8 1 0 0 1 0 1 0 0 0 4 5 6 0.2069 17 19 0.0525 0.0586 1 1 11 13 0.6471 0.6842 1 0 1 0 1 0 1 1 1 1 0 0 2 0 4 0 9 1 3 7 6 9 13 
0 2 5 29 1 324 322 2 8 1 0 0 1 0 1 0 0 0 4 5 7 0.2414 17 19 0.0525 0.0586 1 1 10 12 0.5882 0.6316 1 0 2 0 1 0 1 2 1 0 0 1 2 0 4 0 7 1 4 4 7 9 9 
0 2 5 29 1 324 322 2 8 1 0 0 1 0 1 0 0 0 4 5 8 0.2759 17 19 0.0525 0.0586 1 1 9 11 0.5294 0.5789 1 0 2 0 1 0 1 2 1 0 1 1 2 0 4 0 7 1 3 6 7 7 9 
0 2 5 29 1 324 322 2 8 1 0 0 1 0 1 0 0 0 4 5 9 0.3103 17 19 0.0525 0.0586 1 1 8 10 0.4706 0.5263 1 0 1 0 1 0 1 1 1 2 1 0 2 0 4 0 10 1 4 7 6 7 10 
0 2 7 29 1 324 322 2 8 1 0 0 1 0 0 0 0 0 1 1 8 0.2759 25 20 0.0772 0.0617 1 1 17 12 0.6800 0.6000 1 0 0 0 0 0 1 0 0 0 0 0 2 1 4 3 9 2 3 6 5 7 9 

1 3 8 29 2 324 322 2 8 0 1 1 0 0 0 0 0 0 1 1 15 0.5172 26 29 0.0802 0.0895 1 1 11 14 0.4231 0.4828 1 0 0 0 0 0 1 0 0 0 0 0 1 0 2 2 4 7 2 3 6 7 9 
0 3 6 29 2 324 322 2 8 1 0 0 1 0 0 0 0 0 1 2 22 0.7586 26 22 0.0802 0.0679 1 0 4 0 0.1538 0 1 0 0 0 0 0 1 0 0 1 1 1 2 2 3 2 3 3 4 6 9 9 13 
0 3 5 29 2 324 322 2 8 1 0 0 1 0 1 1 0 0 4 4 6 0.2069 17 19 0.0525 0.0586 1 1 11 13 0.6471 0.6842 1 0 1 0 1 0 1 1 1 1 0 0 2 0 4 0 9 1 3 7 6 9 13 
0 3 5 29 2 324 322 2 8 1 0 0 1 0 1 1 0 0 4 4 7 0.2414 17 19 0.0525 0.0586 1 1 10 12 0.5882 0.6316 1 0 2 0 1 0 1 2 1 0 0 1 2 0 4 0 7 1 4 4 7 9 9 
0 3 5 29 2 324 322 2 8 1 0 0 1 0 1 1 0 0 4 4 8 0.2759 17 19 0.0525 0.0586 1 1 9 11 0.5294 0.5789 1 0 2 0 1 0 1 2 1 0 1 0 2 0 4 0 7 1 3 6 7 7 9 
0 3 5 29 2 324 322 2 8 1 0 0 1 0 1 1 0 0 4 4 9 0.3103 17 19 0.0525 0.0586 1 1 8 10 0.4706 0.5263 1 0 1 0 1 0 1 1 1 2 0 0 2 0 4 0 10 1 4 7 6 7 10 
0 3 7 29 2 324 322 2 8 1 0 0 1 0 0 0 0 0 1 1 8 0.2759 25 20 0.0772 0.0617 1 1 17 12 0.6800 0.6000 1 0 0 0 0 0 1 0 0 0 0 0 2 1 4 3 9 2 3 6 5 7 9 
0 3 7 29 2 324 322 2 8 1 0 0 1 0 1 0 0 0 1 2 2 0.0690 25 22 0.0772 0.0679 1 1 23 20 0.9200 0.9091 1 0 0 0 0 0 1 0 0 0 0 0 2 0 4 0 4 7 4 7 10 9 7 

1 4 5 29 3 324 322 2 5 0 1 1 0 0 0 0 0 0 1 1 15 0.5172 26 29 0.0802 0.0895 1 1 11 14 0.4231 0.4828 1 0 0 0 0 0 1 0 0 0 0 0 1 0 2 2 4 7 2 3 6 7 9 
0 4 3 29 3 324 322 2 5 1 0 0 1 0 0 0 0 0 1 2 22 0.7586 26 22 0.0802 0.0679 1 0 4 0 0.1538 0 1 0 0 0 0 0 1 0 0 0 0 0 2 2 3 2 3 3 4 6 9 9 13 
0 4 3 29 3 324 322 2 5 1 0 0 1 0 0 0 0 0 2 1 8 0.2759 25 20 0.0772 0.0617 1 1 17 12 0.6800 0.6000 1 0 0 0 1 0 1 0 1 0 0 0 2 1 4 3 12 2 3 6 5 7 9 
0 4 4 29 3 324 322 2 5 1 0 0 1 0 1 0 0 0 1 2 2 0.0690 25 22 0.0772 0.0679 1 1 23 20 0.9200 0.9091 1 0 0 0 0 0 1 0 0 0 0 0 2 0 4 0 4 7 4 7 10 9 7 
0 4 3 29 3 324 322 2 5 1 0 0 0 1 2 0 0 0 1 2 10 0.3448 17 25 0.0525 0.0772 1 1 7 15 0.4118 0.6000 1 0 0 0 1 0 1 0 1 0 0 0 2 0 7 1 11 4 3 6 6 8 10 

1 5 4 29 4 324 322 2 4 0 1 1 0 0 0 0 0 0 1 1 15 0.5172 26 29 0.0802 0.0895 1 1 11 14 0.4231 0.4828 1 0 0 0 0 0 1 0 0 0 0 0 1 0 2 2 4 7 2 3 6 7 9 
0 5 2 29 4 324 322 2 4 1 0 0 1 0 0 0 0 0 2 1 8 0.2759 25 20 0.0772 0.0617 1 1 17 12 0.6800 0.6000 1 0 0 0 1 0 1 0 1 0 0 0 2 1 4 3 12 2 3 6 5 7 9 
0 5 3 29 4 324 322 2 4 1 0 0 1 0 1 1 0 0 1 1 2 0.0690 25 22 0.0772 0.0679 1 1 23 20 0.9200 0.9091 1 0 0 0 0 0 1 0 0 0 0 0 2 0 4 0 4 7 4 7 10 9 7 
0 5 2 29 4 324 322 2 4 1 0 0 0 1 2 0 0 0 1 2 10 0.3448 17 25 0.0525 0.0772 1 1 7 15 0.4118 0.6000 1 0 0 0 1 0 1 0 1 0 0 0 2 0 7 1 11 4 3 6 6 8 10 

1 6 2 29 5 324 322 2 2 0 1 1 0 0 0 0 0 0 1 1 15 0.5172 26 29 0.0802 0.0895 1 1 11 14 0.4231 0.4828 1 0 0 0 0 0 1 0 0 0 0 0 1 0 2 2 4 7 2 3 6 7 9 
0 6 1 29 5 324 322 2 2 1 0 0 1 0 1 1 0 0 1 1 2 0.0690 25 22 0.0772 0.0679 1 1 23 20 0.9200 0.9091 1 0 0 0 0 0 1 0 0 0 0 0 2 0 4 0 4 7 4 7 10 9 7 

