0 1 5 34 2 353 350 3 7 0 1 1 0 0 1 0 1 0 3 3 5 0.1471 8 11 0.0227 0.0312 1 1 3 6 0.3750 0.5455 3 0 0 0 1 0 3 1 0 0 0 0 2 0 2 0 7 0 3 5 5 8 11 
1 1 7 34 2 353 350 3 7 0 1 1 0 0 1 0 0 0 3 2 6 0.1765 8 9 0.0227 0.0255 1 1 2 3 0.2500 0.3333 1 2 2 0 1 0 4 1 1 0 0 0 1 0 7 1 7 1 1 3 5 5 8 
0 1 4 34 2 353 350 3 7 0 1 1 0 0 1 1 0 1 3 3 5 0.1471 16 8 0.0453 0.0227 1 1 11 3 0.6875 0.3750 2 2 0 0 0 0 4 0 0 0 0 0 1 2 1 1 4 3 1 2 3 5 9 
0 1 4 34 2 353 350 3 7 1 0 1 0 0 1 0 0 0 3 3 4 0.1176 16 11 0.0453 0.0312 1 1 12 7 0.7500 0.6364 1 2 2 0 0 0 4 1 1 0 0 0 2 3 6 5 5 5 2 5 8 10 16 
0 1 4 34 2 353 350 3 7 1 0 1 0 0 1 0 1 1 3 3 5 0.1471 16 11 0.0453 0.0312 1 1 11 6 0.6875 0.5455 3 0 2 0 1 0 3 3 0 0 0 0 2 2 7 3 10 7 4 6 7 11 15 
0 1 6 34 2 353 350 3 7 1 0 0 1 0 0 0 0 0 1 1 26 0.7647 30 19 0.0850 0.0538 1 0 4 -7.0000 0.1333 -0.3684 1 0 0 0 0 0 1 0 0 0 0 0 2 2 4 2 4 3 4 6 9 9 13 
0 1 6 34 2 353 350 3 7 1 0 0 1 0 0 0 0 0 1 2 8 0.2353 22 9 0.0623 0.0255 1 1 14 1 0.6364 0.1111 1 0 0 0 4 0 1 3 2 0 0 0 2 1 4 1 13 7 3 6 9 11 10 

1 2 3 34 3 353 351 2 3 0 1 1 0 0 2 0 2 0 1 2 7 0.2059 10 9 0.0283 0.0255 1 1 3 2 0.3000 0.2222 1 0 1 0 0 0 1 1 0 0 0 0 1 0 7 5 4 4 3 5 5 8 11 
0 2 2 34 3 353 351 2 3 1 0 0 1 0 0 0 0 0 1 1 26 0.7647 30 19 0.0850 0.0538 1 0 4 -7.0000 0.1333 -0.3684 1 0 0 0 0 0 1 0 0 0 0 0 2 2 4 2 4 3 4 6 9 9 13 
0 2 2 34 3 353 351 2 3 1 0 0 1 0 0 0 0 0 1 2 8 0.2353 22 9 0.0623 0.0255 1 1 14 1 0.6364 0.1111 1 0 1 0 0 0 1 1 0 0 0 0 2 1 4 5 8 9 3 6 9 11 10 

1 3 3 34 4 354 351 3 3 0 1 1 0 0 2 0 2 0 1 2 7 0.2059 10 9 0.0282 0.0254 1 1 3 2 0.3000 0.2222 1 0 1 0 0 0 1 1 0 0 0 0 1 0 7 5 4 4 3 5 5 8 11 
0 3 2 34 4 354 351 3 3 1 0 1 0 0 1 0 0 0 1 1 25 0.7353 30 23 0.0847 0.0650 1 0 5 -2.0000 0.1667 -0.0870 1 0 0 0 0 0 1 0 0 0 0 0 2 3 7 6 7 6 4 4 5 6 7 
0 3 2 34 4 354 351 3 3 1 0 0 1 0 0 0 0 0 1 2 8 0.2353 22 9 0.0621 0.0254 1 1 14 1 0.6364 0.1111 1 0 1 0 0 0 1 1 0 0 0 0 2 1 4 5 8 9 3 6 9 11 10 

1 4 4 34 3 354 351 3 4 1 0 1 0 0 2 0 0 0 2 2 6 0.1765 9 9 0.0254 0.0254 1 1 3 3 0.3333 0.3333 2 0 0 0 1 0 2 0 1 0 0 0 2 2 5 5 9 10 2 5 8 10 16 
1 4 4 34 3 354 351 3 4 0 1 1 0 0 1 2 0 2 1 2 6 0.1765 12 9 0.0339 0.0254 1 1 6 3 0.5000 0.3333 2 0 0 0 0 0 2 0 0 0 0 0 2 0 2 0 2 5 1 2 3 5 9 
0 4 3 34 3 354 351 3 4 1 0 0 1 0 1 1 1 1 1 1 26 0.7647 30 19 0.0847 0.0537 1 0 4 -7.0000 0.1333 -0.3684 1 0 0 0 0 0 1 0 0 0 0 0 2 2 4 2 4 3 4 6 9 9 13 
0 4 3 34 3 354 351 3 4 1 0 0 1 0 0 0 0 0 1 2 8 0.2353 22 9 0.0621 0.0254 1 1 14 1 0.6364 0.1111 1 0 0 1 1 0 1 1 1 0 0 0 2 1 4 4 8 10 3 6 9 11 10 

1 5 4 34 3 353 351 2 4 0 1 1 0 0 4 1 3.5000 0.5000 2 1 5 0.1471 8 11 0.0227 0.0312 1 1 3 6 0.3750 0.5455 1 0 0 0 1 0 1 1 0 0 0 0 1 0 1 0 6 0 3 5 5 8 11 
1 5 4 34 3 353 351 2 4 0 1 1 0 0 4 0 0.5000 0 2 2 6 0.1765 8 9 0.0227 0.0255 1 1 2 3 0.2500 0.3333 1 1 0 0 1 0 2 0 1 0 0 0 1 0 4 0 6 1 1 3 5 5 8 
0 5 3 34 3 353 351 2 4 1 0 0 1 0 1 1 1 1 1 1 26 0.7647 30 19 0.0850 0.0538 1 0 4 -7.0000 0.1333 -0.3684 1 0 0 0 0 0 1 0 0 0 0 0 2 2 4 2 4 3 4 6 9 9 13 
0 5 3 34 3 353 351 2 4 1 0 0 1 0 0 0 0 0 1 2 8 0.2353 22 9 0.0623 0.0255 1 1 14 1 0.6364 0.1111 1 0 0 0 2 0 1 1 1 0 0 0 2 1 4 1 9 7 3 6 9 11 10 

1 6 4 34 4 354 351 3 4 0 1 1 0 0 4 1 3.5000 0.5000 2 1 5 0.1471 8 11 0.0226 0.0311 1 1 3 6 0.3750 0.5455 1 0 0 0 1 0 1 1 0 0 0 0 1 0 1 0 6 0 3 5 5 8 11 
1 6 4 34 4 354 351 3 4 0 1 1 0 0 4 0 0.5000 0 2 2 6 0.1765 8 9 0.0226 0.0254 1 1 2 3 0.2500 0.3333 1 1 0 0 1 0 2 0 1 0 0 0 1 0 4 0 6 1 1 3 5 5 8 
0 6 3 34 4 354 351 3 4 1 0 1 0 0 2 0 0 0 1 1 25 0.7353 30 23 0.0847 0.0650 1 0 5 -2.0000 0.1667 -0.0870 1 0 0 0 0 0 1 0 0 0 0 0 2 3 7 6 7 6 4 4 5 6 7 
0 6 3 34 4 354 351 3 4 1 0 0 1 0 0 0 0 0 1 2 8 0.2353 22 9 0.0621 0.0254 1 1 14 1 0.6364 0.1111 1 0 0 0 2 0 1 1 1 0 0 0 2 1 4 1 9 7 3 6 9 11 10 

0 7 4 34 3 355 351 4 7 1 0 1 0 0 3 1 0.5000 0.5000 3 3 4 0.1176 16 11 0.0451 0.0310 1 1 12 7 0.7500 0.6364 1 0 4 0 0 0 2 3 1 0 0 0 2 2 8 4 6 4 2 5 8 10 16 
0 7 4 34 3 355 351 4 7 1 0 1 0 0 3 1 3.5000 3.5000 3 3 5 0.1471 16 11 0.0451 0.0310 1 1 11 6 0.6875 0.5455 3 0 2 0 1 0 3 3 0 0 0 0 3 1 8 2 11 6 4 6 7 11 15 
0 7 4 34 3 355 351 4 7 1 0 1 0 0 4 3 3.5000 3.5000 3 3 5 0.1471 9 16 0.0254 0.0451 1 1 4 11 0.4444 0.6875 3 0 2 0 1 0 3 3 0 0 0 0 3 1 8 2 11 6 4 6 7 11 15 
0 7 5 34 3 355 351 4 7 1 0 1 0 0 4 1 3.5000 3.5000 3 3 5 0.1471 9 11 0.0254 0.0310 1 1 4 6 0.4444 0.5455 3 0 2 0 1 0 3 3 0 0 0 0 3 1 8 2 11 6 4 6 7 11 15 
0 7 5 34 3 355 351 4 7 1 0 1 0 0 4 0 0.5000 0.5000 3 2 6 0.1765 9 9 0.0254 0.0254 1 1 3 3 0.3333 0.3333 1 0 4 0 1 0 2 3 1 0 0 0 2 0 10 2 10 8 2 5 8 10 16 
1 7 6 34 3 355 351 4 7 1 0 0 1 0 2 2 2 2 1 1 26 0.7647 30 19 0.0845 0.0535 1 0 4 -7.0000 0.1333 -0.3684 1 0 0 0 0 0 1 0 0 0 0 0 2 2 4 2 4 3 4 6 9 9 13 
1 7 6 34 3 355 351 4 7 1 0 0 1 0 0 0 0 0 1 2 8 0.2353 22 9 0.0620 0.0254 1 1 14 1 0.6364 0.1111 1 0 0 0 4 0 1 3 2 0 0 0 2 1 4 1 16 4 3 6 9 11 10 

0 8 6 35 2 355 348 7 8 0 1 1 0 0 4 1 3.5000 0.5000 3 3 5 0.1429 8 11 0.0225 0.0310 1 1 3 6 0.3750 0.5455 3 0 0 0 1 0 3 1 0 0 0 0 2 0 2 0 7 0 3 5 5 8 11 
1 8 8 35 2 355 348 7 8 0 1 1 0 0 4 0 0.5000 0 3 2 6 0.1714 8 9 0.0225 0.0254 1 1 2 3 0.2500 0.3333 1 2 2 0 1 0 4 1 1 0 0 0 1 0 7 1 7 1 1 3 5 5 8 
0 8 7 35 2 355 348 7 8 1 0 1 0 0 1 1 1 1 1 1 25 0.7143 36 23 0.1014 0.0648 1 0 11 -2.0000 0.3056 -0.0870 1 0 0 0 0 0 1 0 0 0 0 0 2 2 4 3 2 3 3 4 7 6 6 
0 8 5 35 2 355 348 7 8 0 1 1 0 0 3 4 0.5000 3.5000 3 3 5 0.1429 16 8 0.0451 0.0225 1 1 11 3 0.6875 0.3750 2 2 0 0 0 0 4 0 0 0 0 0 1 2 1 1 4 3 1 2 3 5 9 
0 8 5 35 2 355 348 7 8 1 0 1 0 0 3 1 0.5000 0.5000 3 3 4 0.1143 16 11 0.0451 0.0310 1 1 12 7 0.7500 0.6364 1 2 2 0 0 0 4 1 1 0 0 0 2 3 6 5 5 5 2 5 8 10 16 
0 8 5 35 2 355 348 7 8 1 0 1 0 0 3 1 3.5000 3.5000 3 3 5 0.1429 16 11 0.0451 0.0310 1 1 11 6 0.6875 0.5455 3 0 2 0 1 0 3 3 0 0 0 0 2 2 7 3 10 7 4 6 7 11 15 
0 8 7 35 2 355 348 7 8 1 0 0 1 0 2 2 2 2 1 1 26 0.7429 30 19 0.0845 0.0535 1 0 4 -7.0000 0.1333 -0.3684 1 0 0 0 0 0 1 0 0 0 0 0 2 2 4 2 4 3 4 6 9 9 13 
0 8 7 35 2 355 348 7 8 1 0 0 1 0 0 0 0 0 1 2 8 0.2286 22 9 0.0620 0.0254 1 1 14 1 0.6364 0.1111 1 0 0 0 4 0 1 3 2 0 0 0 2 1 4 1 13 7 3 6 9 11 10 

1 9 3 34 5 354 352 2 3 0 1 1 0 0 4 0 3.5000 0.5000 1 2 7 0.2059 10 9 0.0282 0.0254 1 1 3 2 0.3000 0.2222 1 0 1 0 0 0 1 1 0 0 0 0 1 0 7 5 4 4 3 5 5 8 11 
0 9 2 34 5 354 352 2 3 1 0 0 1 0 0 0 0 0 1 2 8 0.2353 22 9 0.0621 0.0254 1 1 14 1 0.6364 0.1111 1 0 1 0 0 0 1 1 0 0 0 0 2 1 4 5 8 9 3 6 9 11 10 
0 9 2 34 5 354 352 2 3 1 0 0 1 0 3 2 2 2 1 1 27 0.7941 31 19 0.0876 0.0537 1 0 4 -8.0000 0.1290 -0.4211 1 0 0 0 0 0 1 0 0 0 0 0 2 2 4 3 3 4 4 6 9 9 13 

1 10 2 34 6 354 352 2 2 0 1 1 0 0 4 1 3.5000 0.5000 1 1 7 0.2059 10 9 0.0282 0.0254 1 1 3 2 0.3000 0.2222 1 0 0 0 0 0 1 0 0 0 0 0 1 0 4 5 2 4 3 5 5 8 11 
0 10 1 34 6 354 352 2 2 1 0 0 1 0 3 2 2 2 1 1 27 0.7941 31 19 0.0876 0.0537 1 0 4 -8.0000 0.1290 -0.4211 1 0 0 0 0 0 1 0 0 0 0 0 2 2 4 3 3 4 4 6 9 9 13 

1 11 2 34 7 355 352 3 2 0 1 1 0 0 4 1 3.5000 0.5000 1 1 7 0.2059 10 9 0.0282 0.0254 1 1 3 2 0.3000 0.2222 1 0 0 0 0 0 1 0 0 0 0 0 1 0 4 5 2 4 3 5 5 8 11 
0 11 1 34 7 355 352 3 2 1 0 1 0 0 4 1 1 1 1 1 26 0.7647 31 23 0.0873 0.0648 1 0 5 -3.0000 0.1613 -0.1304 1 0 0 0 0 0 1 0 0 0 0 0 2 3 7 6 8 5 4 4 5 6 7 

0 12 2 34 6 355 353 2 3 1 0 0 1 0 4 3 3 3 1 1 27 0.7941 31 19 0.0873 0.0535 1 0 4 -8.0000 0.1290 -0.4211 1 0 0 0 0 0 1 0 0 0 0 0 2 2 4 3 3 4 4 6 9 9 13 
1 12 3 34 6 355 353 2 3 0 1 0 1 0 1 4 0.5000 3.5000 2 1 7 0.2059 10 10 0.0282 0.0282 1 1 3 3 0.3000 0.3000 1 0 0 0 0 0 1 0 0 0 0 0 1 0 1 0 1 1 1 2 3 5 9 
0 12 2 34 6 355 353 2 3 0 1 0 1 0 1 1 3.5000 1 2 1 9 0.2647 10 22 0.0282 0.0620 1 1 1 13 0.1000 0.5909 1 0 1 0 0 0 2 0 0 0 0 0 1 0 1 4 7 9 3 5 5 9 14 

1 13 4 34 4 355 351 4 4 1 0 1 0 0 4 1 0.5000 0.5000 2 2 6 0.1765 9 9 0.0254 0.0254 1 1 3 3 0.3333 0.3333 2 0 0 0 1 0 2 0 1 0 0 0 2 2 5 5 9 10 2 5 8 10 16 
1 13 4 34 4 355 351 4 4 0 1 1 0 0 1 4 0.5000 3.5000 1 2 6 0.1765 12 9 0.0338 0.0254 1 1 6 3 0.5000 0.3333 2 0 0 0 0 0 2 0 0 0 0 0 2 0 2 0 2 5 1 2 3 5 9 
0 13 3 34 4 355 351 4 4 1 0 1 0 0 5 1 1 1 1 1 25 0.7353 30 23 0.0845 0.0648 1 0 5 -2.0000 0.1667 -0.0870 1 0 0 0 0 0 1 0 0 0 0 0 2 3 7 6 7 6 4 4 5 6 7 
0 13 3 34 4 355 351 4 4 1 0 0 1 0 1 1 1 1 1 2 8 0.2353 22 9 0.0620 0.0254 1 1 14 1 0.6364 0.1111 1 0 0 1 1 0 1 1 1 0 0 0 2 1 4 4 8 10 3 6 9 11 10 

1 14 4 34 5 354 352 2 4 0 1 1 0 0 4 1 3.5000 0.5000 2 1 5 0.1471 8 11 0.0226 0.0311 1 1 3 6 0.3750 0.5455 1 0 0 0 1 0 1 1 0 0 0 0 1 0 1 0 6 0 3 5 5 8 11 
1 14 4 34 5 354 352 2 4 0 1 1 0 0 4 1 0.5000 0 2 2 6 0.1765 8 9 0.0226 0.0254 1 1 2 3 0.2500 0.3333 1 1 0 0 1 0 2 0 1 0 0 0 1 0 4 0 6 1 1 3 5 5 8 
0 14 3 34 5 354 352 2 4 1 0 0 1 0 1 1 1 1 1 2 8 0.2353 22 9 0.0621 0.0254 1 1 14 1 0.6364 0.1111 1 0 0 0 2 0 1 1 1 0 0 0 2 1 4 1 9 7 3 6 9 11 10 
0 14 3 34 5 354 352 2 4 1 0 0 1 0 6 4 4 4 1 1 27 0.7941 31 19 0.0876 0.0537 1 0 4 -8.0000 0.1290 -0.4211 1 0 0 0 0 0 1 0 0 0 0 0 2 2 4 3 3 4 4 6 9 9 13 

1 15 3 34 6 354 352 2 3 0 1 1 0 0 4 1 3.5000 0.5000 2 1 5 0.1471 8 11 0.0226 0.0311 1 1 3 6 0.3750 0.5455 1 0 0 0 0 0 1 0 0 0 0 0 1 0 1 0 4 0 3 5 5 8 11 
1 15 3 34 6 354 352 2 3 0 1 1 0 0 4 2 0.5000 0 2 1 6 0.1765 8 9 0.0226 0.0254 1 1 2 3 0.2500 0.3333 1 1 0 0 0 0 2 0 0 0 0 0 1 0 4 0 4 1 1 3 5 5 8 
0 15 2 34 6 354 352 2 3 1 0 0 1 0 6 4 4 4 1 1 27 0.7941 31 19 0.0876 0.0537 1 0 4 -8.0000 0.1290 -0.4211 1 0 0 0 0 0 1 0 0 0 0 0 2 2 4 3 3 4 4 6 9 9 13 

1 16 3 34 7 355 352 3 3 0 1 1 0 0 4 1 3.5000 0.5000 2 1 5 0.1471 8 11 0.0225 0.0310 1 1 3 6 0.3750 0.5455 1 0 0 0 0 0 1 0 0 0 0 0 1 0 1 0 4 0 3 5 5 8 11 
1 16 3 34 7 355 352 3 3 0 1 1 0 0 4 2 0.5000 0 2 1 6 0.1765 8 9 0.0225 0.0254 1 1 2 3 0.2500 0.3333 1 1 0 0 0 0 2 0 0 0 0 0 1 0 4 0 4 1 1 3 5 5 8 
0 16 2 34 7 355 352 3 3 1 0 1 0 0 7 2 2 2 1 1 26 0.7647 31 23 0.0873 0.0648 1 0 5 -3.0000 0.1613 -0.1304 1 0 0 0 0 0 1 0 0 0 0 0 2 3 7 6 8 5 4 4 5 6 7 

1 17 4 34 6 355 353 2 4 0 1 1 0 0 4 1 3.5000 0.5000 2 1 5 0.1471 8 11 0.0225 0.0310 1 1 3 6 0.3750 0.5455 1 0 0 0 1 0 2 0 0 0 0 0 1 0 1 0 6 0 3 5 5 8 11 
0 17 3 34 6 355 353 2 4 1 0 0 1 0 7 5 5 5 1 1 27 0.7941 31 19 0.0873 0.0535 1 0 4 -8.0000 0.1290 -0.4211 1 0 0 0 0 0 1 0 0 0 0 0 2 2 4 3 3 4 4 6 9 9 13 
1 17 4 34 6 355 353 2 4 0 1 0 1 0 2 4 0 0.5000 2 2 6 0.1765 10 8 0.0282 0.0225 1 1 4 2 0.4000 0.2500 1 0 0 0 0 0 1 0 0 0 0 0 1 0 1 1 5 3 2 3 5 9 9 
0 17 3 34 6 355 353 2 4 0 1 0 1 0 2 2 3.5000 2 2 1 9 0.2647 10 22 0.0282 0.0620 1 1 1 13 0.1000 0.5909 1 0 0 0 2 0 2 1 0 0 0 0 1 0 1 1 8 7 3 5 5 9 14 

