0 1 3 31 3 319 319 0 2 1 0 0 1 0 1 0 0 0 2 1 9 0.2903 32 15 0.1003 0.0470 1 1 23 6 0.7188 0.4000 1 0 1 0 0 0 1 1 0 0 0 0 2 2 7 6 8 9 3 6 6 8 10 
1 1 4 31 3 319 319 0 2 1 0 0 0 1 1 0 0 0 2 1 10 0.3226 32 26 0.1003 0.0815 1 1 22 16 0.6875 0.6154 1 0 1 0 0 0 1 1 0 0 0 0 2 2 8 6 9 14 4 5 8 10 12 

1 2 5 31 4 320 319 1 6 1 0 0 1 0 2 1 1 1 6 1 10 0.3226 32 10 0.1000 0.0312 1 0 22 0 0.6875 0 1 0 0 0 0 0 1 0 0 1 1 0 2 2 6 4 9 14 4 6 9 9 9 
0 2 0 31 4 320 319 1 6 1 0 0 1 0 2 0 0 0 6 5 1 0.0323 32 20 0.1000 0.0625 1 1 31 19 0.9688 0.9500 1 0 1 0 1 0 1 1 1 0 0 1 2 1 4 3 2 1 4 6 9 8 9 
0 2 0 31 4 320 319 1 6 1 0 0 1 0 2 0 0 0 6 5 2 0.0645 32 20 0.1000 0.0625 1 1 30 18 0.9375 0.9000 1 0 2 0 0 0 1 2 0 0 1 0 2 0 4 4 4 1 3 7 9 11 8 
0 2 0 31 4 320 319 1 6 1 0 0 1 0 2 0 0 0 6 5 3 0.0968 32 20 0.1000 0.0625 1 1 29 17 0.9062 0.8500 1 0 1 0 1 0 1 1 1 1 0 0 2 0 4 1 4 4 4 6 9 9 13 
0 2 4 31 4 320 319 1 6 1 0 0 0 1 2 0 0 0 6 5 6 0.1935 32 20 0.1000 0.0625 1 1 26 14 0.8125 0.7000 1 0 0 0 0 0 1 0 0 1 2 1 2 0 7 0 7 2 4 7 6 7 10 
0 2 4 31 4 320 319 1 6 1 0 0 0 1 2 0 0 0 6 5 13 0.4194 32 20 0.1000 0.0625 1 1 19 7 0.5938 0.3500 1 0 0 0 0 0 1 0 0 1 0 0 2 0 7 7 10 7 4 8 9 11 13 

0 3 3 31 4 320 320 0 2 1 0 0 1 0 3 1 1 1 2 1 9 0.2903 32 15 0.1000 0.0469 1 1 23 6 0.7188 0.4000 1 0 1 0 0 0 1 1 0 0 0 0 2 2 7 6 8 9 3 6 6 8 10 
1 3 4 31 4 320 320 0 2 1 0 0 0 1 3 0 0 0 2 1 10 0.3226 32 26 0.1000 0.0813 1 1 22 16 0.6875 0.6154 1 0 1 0 0 0 1 1 0 0 0 0 2 2 8 6 9 14 4 5 8 10 12 

0 4 1 31 4 320 320 0 3 1 0 0 1 0 2 1 2 2 2 1 10 0.3226 16 29 0.0500 0.0906 1 1 6 19 0.3750 0.6552 2 1 0 0 0 0 2 1 0 0 0 0 2 3 4 7 8 8 3 6 6 8 10 
0 4 1 31 4 320 320 0 3 0 1 0 1 0 2 4 0 2 2 2 10 0.3226 16 32 0.0500 0.1000 1 1 6 22 0.3750 0.6875 2 0 0 0 0 0 2 0 0 0 0 0 2 1 4 5 6 13 3 4 7 9 11 
1 4 5 31 4 320 320 0 3 1 0 0 0 1 4 0 0 0 2 1 10 0.3226 32 26 0.1000 0.0813 1 1 22 16 0.6875 0.6154 2 1 0 0 0 0 2 1 0 0 0 0 2 4 6 7 8 15 4 5 8 10 12 

0 5 1 31 5 320 320 0 2 0 1 0 1 0 3 4 0 3 1 2 10 0.3226 16 32 0.0500 0.1000 1 1 6 22 0.3750 0.6875 2 0 0 0 0 0 2 0 0 0 0 0 2 2 4 6 6 14 3 4 7 9 11 
1 5 4 31 5 320 320 0 2 1 0 0 0 1 4 0 0 0 2 1 10 0.3226 32 26 0.1000 0.0813 1 1 22 16 0.6875 0.6154 2 0 0 0 0 0 2 0 0 0 0 0 2 4 6 7 8 15 4 5 8 10 12 

0 6 2 31 2 320 320 0 4 0 1 0 1 0 3 1 0 1 2 1 2 0.0645 20 6 0.0625 0.0187 1 1 18 4 0.9000 0.6667 1 0 0 0 0 0 1 0 0 0 0 0 1 0 1 0 1 1 2 2 4 4 6 
0 6 2 31 2 320 320 0 4 0 1 0 1 0 3 5 0.5000 1.5000 2 3 15 0.4839 20 32 0.0625 0.1000 1 1 5 17 0.2500 0.5312 1 0 0 0 0 0 1 0 0 0 0 0 1 0 1 2 4 5 2 4 6 9 10 
1 6 3 31 2 320 320 0 4 1 0 0 0 1 0 5 0 0 1 3 13 0.4194 25 32 0.0781 0.1000 1 1 12 19 0.4800 0.5938 2 0 0 1 0 0 2 1 0 0 0 0 2 2 4 6 4 7 3 5 6 10 11 
1 6 3 31 2 320 320 0 4 0 1 0 0 1 0 5 0 0 1 3 13 0.4194 26 32 0.0813 0.1000 1 1 13 19 0.5000 0.5938 2 0 0 1 0 0 2 1 0 0 0 0 2 0 2 4 2 3 2 3 4 7 10 

0 7 3 31 4 320 320 0 2 1 0 0 1 0 6 4 3.5000 3.5000 2 1 9 0.2903 32 15 0.1000 0.0469 1 1 23 6 0.7188 0.4000 1 0 1 0 0 0 1 1 0 0 0 0 2 2 7 6 8 9 3 6 6 8 10 
1 7 4 31 4 320 320 0 2 1 0 0 0 1 6 0 0.5000 0.5000 2 1 10 0.3226 32 26 0.1000 0.0813 1 1 22 16 0.6875 0.6154 1 0 1 0 0 0 1 1 0 0 0 0 2 2 8 6 9 14 4 5 8 10 12 

1 8 5 31 5 321 320 1 6 1 0 0 1 0 7 1 1 1 6 1 10 0.3226 32 10 0.0997 0.0312 1 0 22 0 0.6875 0 1 0 0 0 0 0 1 0 0 1 1 0 2 2 6 4 9 14 4 6 9 9 9 
0 8 0 31 5 321 320 1 6 1 0 0 1 0 7 0 0 0 6 5 1 0.0323 32 20 0.0997 0.0623 1 1 31 19 0.9688 0.9500 1 0 1 0 1 0 1 1 1 0 0 1 2 1 4 3 2 1 4 6 9 8 9 
0 8 0 31 5 321 320 1 6 1 0 0 1 0 7 0 0 0 6 5 2 0.0645 32 20 0.0997 0.0623 1 1 30 18 0.9375 0.9000 1 0 2 0 0 0 1 2 0 0 1 0 2 0 4 4 4 1 3 7 9 11 8 
0 8 0 31 5 321 320 1 6 1 0 0 1 0 7 0 0 0 6 5 3 0.0968 32 20 0.0997 0.0623 1 1 29 17 0.9062 0.8500 1 0 1 0 1 0 1 1 1 1 0 0 2 0 4 1 4 4 4 6 9 9 13 
0 8 4 31 5 321 320 1 6 1 0 0 0 1 7 0 0 0 6 5 6 0.1935 32 20 0.0997 0.0623 1 1 26 14 0.8125 0.7000 1 0 0 0 0 0 1 0 0 1 2 1 2 0 7 0 7 2 4 7 6 7 10 
0 8 4 31 5 321 320 1 6 1 0 0 0 1 7 0 0 0 6 5 13 0.4194 32 20 0.0997 0.0623 1 1 19 7 0.5938 0.3500 1 0 0 0 0 0 1 0 0 1 0 0 2 0 7 8 8 9 4 8 9 11 13 

1 9 5 31 6 321 320 1 6 1 0 0 1 0 7 1 1 1 6 1 10 0.3226 32 10 0.0997 0.0312 1 0 22 0 0.6875 0 1 0 0 0 0 0 1 0 0 1 1 0 2 2 6 4 9 16 4 6 9 9 9 
0 9 0 31 6 321 320 1 6 1 0 0 1 0 7 0 0 0 6 5 1 0.0323 32 20 0.0997 0.0623 1 1 31 19 0.9688 0.9500 1 0 1 0 1 0 1 1 1 0 0 1 2 1 4 3 2 1 4 6 9 8 9 
0 9 0 31 6 321 320 1 6 1 0 0 1 0 7 0 0 0 6 5 2 0.0645 32 20 0.0997 0.0623 1 1 30 18 0.9375 0.9000 1 0 2 0 0 0 1 2 0 0 1 0 2 0 4 4 4 1 3 7 9 11 8 
0 9 0 31 6 321 320 1 6 1 0 0 1 0 7 0 0 0 6 5 3 0.0968 32 20 0.0997 0.0623 1 1 29 17 0.9062 0.8500 1 0 1 0 1 0 1 1 1 1 0 0 2 0 4 1 4 4 4 6 9 9 13 
0 9 4 31 6 321 320 1 6 1 0 0 0 1 7 0 0 0 6 5 6 0.1935 32 20 0.0997 0.0623 1 1 26 14 0.8125 0.7000 1 0 0 0 0 0 1 0 0 1 2 1 2 0 7 0 7 2 4 7 6 7 10 
0 9 4 31 6 321 320 1 6 1 0 0 0 1 7 0 0 0 6 5 13 0.4194 32 20 0.0997 0.0623 1 1 19 7 0.5938 0.3500 1 0 0 0 0 0 1 0 0 1 0 0 2 0 7 7 10 7 4 8 9 11 13 

1 10 5 31 5 321 320 1 6 1 0 0 1 0 7 1 1 1 6 1 10 0.3226 32 10 0.0997 0.0312 1 0 22 0 0.6875 0 1 0 0 0 0 0 1 0 0 1 1 0 2 2 6 4 9 14 4 6 9 9 9 
0 10 0 31 5 321 320 1 6 1 0 0 1 0 7 0 0 0 6 5 1 0.0323 32 20 0.0997 0.0623 1 1 31 19 0.9688 0.9500 1 0 1 0 1 0 1 1 1 0 0 1 2 1 4 3 2 1 4 6 9 8 9 
0 10 0 31 5 321 320 1 6 1 0 0 1 0 7 0 0 0 6 5 2 0.0645 32 20 0.0997 0.0623 1 1 30 18 0.9375 0.9000 1 0 2 0 0 0 1 2 0 0 1 0 2 0 4 4 4 1 3 7 9 11 8 
0 10 0 31 5 321 320 1 6 1 0 0 1 0 7 0 0 0 6 5 3 0.0968 32 20 0.0997 0.0623 1 1 29 17 0.9062 0.8500 1 0 1 0 1 0 1 1 1 1 0 0 2 0 4 1 4 4 4 6 9 9 13 
0 10 4 31 5 321 320 1 6 1 0 0 0 1 7 0 0 0 6 5 6 0.1935 32 20 0.0997 0.0623 1 1 26 14 0.8125 0.7000 1 0 0 0 0 0 1 0 0 1 2 1 2 0 7 0 7 2 4 7 6 7 10 
0 10 4 31 5 321 320 1 6 1 0 0 0 1 7 0 0 0 6 5 13 0.4194 32 20 0.0997 0.0623 1 1 19 7 0.5938 0.3500 1 0 0 0 0 0 1 0 0 1 0 0 2 0 7 7 10 8 4 8 9 11 13 

